Low-band skewness and kurtosis
 -0.697976 2.243941,
 -0.625439 2.267175,
 -0.575049 2.151908,
 -0.538351 1.918145,
 -0.465835 1.820233,

High-band variance
 828.575317,

Skewness, kurtosis, variance, mean, maximum and minimum of the reconstructed texture
 -0.791148 2.114666 6184.746094 191.477966 255.000000 0.000000,

Auto-correlations of the low-frequency bands at each scale
 2471.090576 2406.311768 2357.428711 2329.705811 2333.326172 2384.619385 2485.325439 2680.475342 2479.102783 2337.513916 2321.926270 2448.826904 2684.442627 2947.903076 3485.102051 3614.694824 3770.466309 3906.869141 3966.788574 3950.496582 3878.972656 4235.745117 4663.860352 5030.583984 5181.594727 5030.583984 4663.860352 4235.745117 3878.972656 3950.496582 3966.788574 3906.869141 3770.466309 3614.694824 3485.102051 2947.903076 2684.442627 2448.826904 2321.926270 2337.513916 2479.102783 2680.475342 2485.325439 2384.619385 2333.326172 2329.705811 2357.428711 2406.311768 2471.090576,
 2244.322266 2228.675781 2223.685547 2225.597900 2234.930176 2262.530273 2316.034180 2408.287598 2309.438965 2240.370361 2238.143555 2311.000732 2442.593262 2587.738770 2954.528564 3024.128662 3118.229004 3204.974609 3239.198730 3223.353271 3175.895264 3430.271973 3676.654785 3899.616699 3994.956543 3899.616699 3676.654785 3430.271973 3175.895264 3223.353271 3239.198730 3204.974609 3118.229004 3024.128662 2954.528564 2587.738770 2442.593262 2311.000732 2238.143555 2240.370361 2309.438965 2408.287598 2316.034180 2262.530273 2234.930176 2225.597900 2223.685547 2228.675781 2244.322266,
 1919.671021 1913.643799 1907.222534 1894.779175 1883.555542 1890.174072 1921.579956 2194.113281 2146.567627 2106.098633 2096.536377 2130.456543 2209.092041 2306.602539 2602.345703 2644.760498 2708.777588 2769.479492 2791.257080 2778.782471 2749.576172 2910.761963 3058.679199 3202.420898 3266.169434 3202.420898 3058.679199 2910.761963 2749.576172 2778.782471 2791.257080 2769.479492 2708.777588 2644.760498 2602.345703 2306.602539 2209.092041 2130.456543 2096.536377 2106.098633 2146.567627 2194.113281 1921.579956 1890.174072 1883.555542 1894.779175 1907.222534 1913.643799 1919.671021,
 753.774170 755.967041 759.742554 760.612427 754.809692 744.025513 729.093018 1654.356812 1614.767822 1579.265747 1560.165039 1562.483521 1587.000244 1613.733765 2296.609375 2320.628418 2362.294434 2396.992432 2403.490234 2395.438477 2380.363281 2628.086914 2712.479980 2800.209229 2841.200684 2800.209229 2712.479980 2628.086914 2380.363281 2395.438477 2403.490234 2396.992432 2362.294434 2320.628418 2296.609375 1613.733765 1587.000244 1562.483521 1560.165039 1579.265747 1614.767822 1654.356812 729.093018 744.025513 754.809692 760.612427 759.742554 755.967041 753.774170,
 -1677.619873 -1710.971191 -1716.002808 -1681.863525 -1627.466187 -1592.904297 -1599.006592 -231.506561 -266.186035 -277.149109 -252.219711 -211.676590 -184.586014 -181.343689 1633.984741 1651.639282 1677.618774 1694.978760 1682.052368 1649.329468 1626.439575 2511.277344 2561.426758 2625.456787 2656.472656 2625.456787 2561.426758 2511.277344 1626.439575 1649.329468 1682.052368 1694.978760 1677.618774 1651.639282 1633.984741 -181.343689 -184.586014 -211.676590 -252.219711 -277.149109 -266.186035 -231.506561 -1599.006592 -1592.904297 -1627.466187 -1681.863525 -1716.002808 -1710.971191 -1677.619873,

Auto-correlations of the modulus of each oriented sub-band
 5.769692 7.334643 8.723768 9.335256 8.856413 7.594991 6.166656 6.608580 8.438499 9.980754 10.581068 9.995543 8.543442 6.852838 8.041105 10.626618 12.727675 13.440542 12.474133 10.348678 7.922638 8.563995 11.767732 15.074532 16.599379 15.074532 11.767732 8.563995 7.922638 10.348678 12.474133 13.440542 12.727675 10.626618 8.041105 6.852838 8.543442 9.995543 10.581068 9.980754 8.438499 6.608580 6.166656 7.594991 8.856413 9.335256 8.723768 7.334643 5.769692,
 95.033722 101.534042 109.290817 116.906219 122.673843 126.916672 130.040146 117.890793 131.310974 145.446121 155.729919 158.674759 156.932648 153.326187 144.995224 165.347717 186.223145 197.959976 193.941040 181.327026 167.637283 164.748077 185.856873 207.403625 217.905487 207.403625 185.856873 164.748077 167.637283 181.327026 193.941040 197.959976 186.223145 165.347717 144.995224 153.326187 156.932648 158.674759 155.729919 145.446121 131.310974 117.890793 130.040146 126.916672 122.673843 116.906219 109.290817 101.534042 95.033722,
 256.542236 264.250092 270.738892 271.220581 263.000793 250.999222 240.798798 304.398743 334.228058 365.145111 377.082275 357.880096 322.924286 292.555542 349.052856 404.952026 466.732849 494.571198 461.605530 397.721741 342.380188 365.818604 433.649017 511.497437 550.127930 511.497437 433.649017 365.818604 342.380188 397.721741 461.605530 494.571198 466.732849 404.952026 349.052856 292.555542 322.924286 357.880096 377.082275 365.145111 334.228058 304.398743 240.798798 250.999222 263.000793 271.220581 270.738892 264.250092 256.542236,
 89.467804 87.157356 83.644630 78.618820 71.823769 64.531975 58.402069 107.154121 109.297577 110.506653 108.219864 99.367249 86.671570 75.633949 116.764015 125.979851 136.477753 140.818054 130.424011 111.946800 96.365898 112.641243 127.845169 146.489700 156.489380 146.489700 127.845169 112.641243 96.365898 111.946800 130.424011 140.818054 136.477753 125.979851 116.764015 75.633949 86.671570 99.367249 108.219864 110.506653 109.297577 107.154121 58.402069 64.531975 71.823769 78.618820 83.644630 87.157356 89.467804,
 2.947834 4.051141 5.144367 5.742014 5.560415 4.744666 3.713897 3.637328 5.053629 6.374837 7.004845 6.686162 5.651695 4.381821 4.837111 6.978278 8.945438 9.743359 8.927380 7.068921 5.093813 5.554320 8.209007 10.865561 12.059803 10.865561 8.209007 5.554320 5.093813 7.068921 8.927380 9.743359 8.945438 6.978278 4.837111 4.381821 5.651695 6.686162 7.004845 6.374837 5.053629 3.637328 3.713897 4.744666 5.560415 5.742014 5.144367 4.051141 2.947834,
 46.414368 48.086349 50.772186 54.253014 57.830368 60.849289 62.528664 53.577713 59.993126 68.417618 75.150826 77.753479 77.192207 74.323532 65.948860 78.184799 93.139366 102.263901 99.758873 90.930908 81.131172 77.697189 91.878822 107.936615 116.174156 107.936615 91.878822 77.697189 81.131172 90.930908 99.758873 102.263901 93.139366 78.184799 65.948860 74.323532 77.192207 77.753479 75.150826 68.417618 59.993126 53.577713 62.528664 60.849289 57.830368 54.253014 50.772186 48.086349 46.414368,
 109.379883 113.631020 118.255089 120.417419 116.867607 110.037926 104.703033 129.128998 148.459641 170.485611 181.790802 172.255539 150.145676 129.823975 151.678787 189.726318 233.514496 255.542770 236.054993 193.196045 154.707474 163.809067 210.937195 265.097626 291.626373 265.097626 210.937195 163.809067 154.707474 193.196045 236.054993 255.542770 233.514496 189.726318 151.678787 129.823975 150.145676 172.255539 181.790802 170.485611 148.459641 129.128998 104.703033 110.037926 116.867607 120.417419 118.255089 113.631020 109.379883,
 32.714024 32.428062 31.978477 31.026384 28.590698 24.741936 21.222801 40.249653 42.667622 45.364201 46.419189 42.853909 35.641117 28.952166 44.917805 51.410915 59.422764 64.055252 58.964413 47.608814 37.723095 44.009521 53.858231 66.181152 72.757919 66.181152 53.858231 44.009521 37.723095 47.608814 58.964413 64.055252 59.422764 51.410915 44.917805 28.952166 35.641117 42.853909 46.419189 45.364201 42.667622 40.249653 21.222801 24.741936 28.590698 31.026384 31.978477 32.428062 32.714024,
 2.270789 3.217916 3.959423 4.173900 3.711032 2.760991 1.719104 2.769745 3.879017 4.786606 5.135158 4.674988 3.572188 2.319281 3.539734 5.236917 6.825535 7.506226 6.729679 4.920668 3.009947 3.862802 6.214301 8.593840 9.669545 8.593840 6.214301 3.862802 3.009947 4.920668 6.729679 7.506226 6.825535 5.236917 3.539734 2.319281 3.572188 4.674988 5.135158 4.786606 3.879017 2.769745 1.719104 2.760991 3.711032 4.173900 3.959423 3.217916 2.270789,
 17.609921 19.596382 22.055717 24.976061 28.037178 30.269547 30.249172 23.941799 30.843472 37.412624 41.649261 42.812168 40.967381 36.285580 31.306980 43.960590 56.003685 61.772606 58.691284 49.872784 39.112774 37.269798 51.773476 65.583466 71.838371 65.583466 51.773476 37.269798 39.112774 49.872784 58.691284 61.772606 56.003685 43.960590 31.306980 36.285580 40.967381 42.812168 41.649261 37.412624 30.843472 23.941799 30.249172 30.269547 28.037178 24.976061 22.055717 19.596382 17.609921,
 38.555511 41.235245 45.653858 48.780067 46.492222 40.449722 34.907654 54.321854 67.753296 83.638931 91.755203 84.294296 67.657318 52.213470 71.532051 98.099876 128.308243 143.115601 128.957993 98.474922 70.708977 79.196793 112.369431 149.853424 168.226990 149.853424 112.369431 79.196793 70.708977 98.474922 128.957993 143.115601 128.308243 98.099876 71.532051 52.213470 67.657318 84.294296 91.755203 83.638931 67.753296 54.321854 34.907654 40.449722 46.492222 48.780067 45.653858 41.235245 38.555511,
 7.605208 8.612554 9.229053 9.334404 8.643069 7.116623 5.618131 10.895703 13.697960 16.396353 18.245869 17.663004 14.485165 10.977031 14.283134 19.267029 25.139656 29.164562 27.329399 20.944798 14.922878 16.064278 22.653036 30.658932 34.765236 30.658932 22.653036 16.064278 14.922878 20.944798 27.329399 29.164562 25.139656 19.267029 14.283134 10.977031 14.485165 17.663004 18.245869 16.396353 13.697960 10.895703 5.618131 7.116623 8.643069 9.334404 9.229053 8.612554 7.605208,
 0.477809 1.065112 1.656036 2.039891 1.954339 1.371982 0.600497 0.948542 1.779435 2.473984 2.734512 2.463585 1.806113 1.053459 1.339899 2.813040 4.092478 4.437269 3.711566 2.493942 1.413448 1.617238 3.348487 5.213741 6.076319 5.213741 3.348487 1.617238 1.413448 2.493942 3.711566 4.437269 4.092478 2.813040 1.339899 1.053459 1.806113 2.463585 2.734512 2.473984 1.779435 0.948542 0.600497 1.371982 1.954339 2.039891 1.656036 1.065112 0.477809,
 5.573318 6.889236 7.422465 6.781643 5.171605 3.042208 1.007111 10.153053 13.182646 15.062613 14.538731 11.764834 7.854754 4.145304 12.117929 17.436993 21.782898 22.397299 18.685856 12.865222 7.423008 10.609501 16.996145 23.349876 26.199238 23.349876 16.996145 10.609501 7.423008 12.865222 18.685856 22.397299 21.782898 17.436993 12.117929 4.145304 7.854754 11.764834 14.538731 15.062613 13.182646 10.153053 1.007111 3.042208 5.171605 6.781643 7.422465 6.889236 5.573318,
 -2.199922 0.776104 8.500523 15.605254 14.022736 7.913901 5.746982 4.375359 12.382648 25.854187 35.096413 29.499683 17.090363 9.858873 8.807207 21.837427 41.399982 53.086697 43.229656 24.248072 11.759024 11.304537 26.279089 48.401318 60.768147 48.401318 26.279089 11.304537 11.759024 24.248072 43.229656 53.086697 41.399982 21.837427 8.807207 9.858873 17.090363 29.499683 35.096413 25.854187 12.382648 4.375359 5.746982 7.913901 14.022736 15.605254 8.500523 0.776104 -2.199922,
 0.593575 2.904213 3.511564 3.834785 4.045052 2.443804 -0.131676 2.332153 3.829424 4.739577 6.877566 7.410556 4.182345 0.395575 2.812347 4.475751 7.746057 11.777198 10.707167 5.329511 1.085896 2.060070 5.217699 10.841509 14.456727 10.841509 5.217699 2.060070 1.085896 5.329511 10.707167 11.777198 7.746057 4.475751 2.812347 0.395575 4.182345 7.410556 6.877566 4.739577 3.829424 2.332153 -0.131676 2.443804 4.045052 3.834785 3.511564 2.904213 0.593575,

Pairwise cross-correlations of the modulus of all oriented sub-bands at the same scale (size QxQ)
 16.599380 23.632599 25.286007 16.431509,
 23.632599 217.905533 251.943466 41.760509,
 25.286007 251.943466 550.127991 198.310715,
 16.431509 41.760509 198.310715 156.489380,
 12.059804 13.547539 14.380140 9.037587,
 13.547539 116.174164 124.508812 15.596046,
 14.380140 124.508812 291.626373 94.550400,
 9.037587 15.596046 94.550400 72.757919,
 9.669545 10.065797 7.129435 7.190964,
 10.065797 71.838379 78.698853 12.333767,
 7.129435 78.698853 168.226990 45.046837,
 7.190964 12.333767 45.046837 34.765244,
 6.076319 6.964375 6.249084 6.628942,
 6.964375 26.199242 29.349747 10.314169,
 6.249084 29.349747 60.768154 13.475529,
 6.628942 10.314169 13.475529 14.456727,

Cross-correlations of the modulus of all oriented sub-bands with all oriented sub-bands at the coarser scale (size QxQ)
 9.893321 12.761087 11.768298 9.033494,
 17.951767 95.116119 103.551369 21.093946,
 22.247778 96.605904 177.892059 70.488792,
 10.754250 8.484412 58.287231 54.536587,
 7.447880 8.551511 5.886284 6.635005,
 9.062770 43.717083 42.268608 2.674379,
 14.529550 45.780605 82.473831 28.639698,
 7.217606 5.515088 28.933739 23.264368,
 5.060684 6.854023 4.319014 6.511172,
 5.770386 13.960295 18.669228 7.138885,
 6.417179 19.834373 26.620323 5.899966,
 3.729840 4.366226 0.085674 4.564726,

Cross-correlations of the real part of each oriented sub-band with both the real and imaginary part of all phase-doubled oriented sub-bands at the next coarser scale (Q matrices of size 1x2Q, which are computed and stored in a matrix of size Qx2Q)
 -1.498135 -5.714123 -3.468525 -2.186352 1.505044 0.495748 0.346003 -0.314826,
 -4.664417 -50.897480 -39.271065 -5.504968 0.751857 12.161656 17.887667 1.333297,
 -4.322732 -51.886456 -67.075058 -33.991364 0.196523 17.484425 29.494165 4.050212,
 -1.784995 -7.164365 -24.531683 -28.006083 0.376795 2.755476 6.102890 1.754478,
 -1.168740 -2.210400 -0.640004 -0.450324 2.055869 0.215158 0.504164 0.182392,
 -1.504729 -13.251434 -5.161775 -0.558224 1.034294 -1.341509 0.221763 0.760563,
 -0.929821 -8.489530 -0.312263 -2.987376 0.082397 -3.680285 6.320518 10.173599,
 -0.781009 -0.006187 2.585423 -2.261626 0.751505 -1.265963 7.330333 9.519685,
 -0.910191 -2.120523 -0.456491 -1.042709 2.053868 1.163977 0.081358 0.205127,
 -0.818624 -9.734859 -1.059001 2.580819 0.981314 1.148387 3.957024 2.555442,
 -0.323451 -5.836334 11.672581 8.188798 0.242728 -2.369790 14.962039 7.513927,
 -0.684626 0.052012 7.783054 1.637081 0.861206 -0.577289 6.419628 4.041595,
