Low-band skewness and kurtosis
 -0.523707 2.173476,
 -0.416729 2.269642,
 -0.244958 2.040645,
 -0.012242 1.787271,
 0.072030 1.617989,

High-band variance
 1056.648315,

Skewness, kurtosis, variance, mean, maximum and minimum of the reconstructed texture
 -0.665354 1.979200 5786.592285 188.124207 255.000000 2.000000,

Auto-correlations of the low-frequency bands at each scale
 1408.406860 1356.738037 1321.531372 1313.895508 1338.263794 1397.747070 1496.290161 1583.084717 1359.648560 1187.072388 1145.589355 1270.287964 1529.732544 1836.123047 2620.056152 2733.692871 2864.056152 2960.462891 2981.724121 2941.263184 2855.815918 3440.750000 3923.408691 4334.301270 4502.388672 4334.301270 3923.408691 3440.750000 2855.815918 2941.263184 2981.724121 2960.462891 2864.056152 2733.692871 2620.056152 1836.123047 1529.732544 1270.287964 1145.589355 1187.072388 1359.648560 1583.084717 1496.290161 1397.747070 1338.263794 1313.895508 1321.531372 1356.738037 1408.406860,
 1450.146606 1385.874023 1326.399902 1281.780640 1258.583740 1260.839111 1289.612427 1529.370239 1388.173828 1277.659790 1240.740845 1292.157349 1413.963379 1557.010132 2005.630127 2060.217285 2145.728516 2222.891846 2249.909180 2234.627441 2192.208252 2466.117188 2723.763184 2959.040283 3060.026367 2959.040283 2723.763184 2466.117188 2192.208252 2234.627441 2249.909180 2222.891846 2145.728516 2060.217285 2005.630127 1557.010132 1413.963379 1292.157349 1240.740845 1277.659790 1388.173828 1529.370239 1289.612427 1260.839111 1258.583740 1281.780640 1326.399902 1385.874023 1450.146606,
 1231.075073 1234.919922 1237.753174 1244.180420 1257.410400 1274.256104 1294.051392 1447.687744 1370.356201 1292.742920 1248.303955 1250.930908 1292.144043 1351.026367 1819.374756 1809.369385 1808.119507 1804.218506 1774.920044 1729.279785 1685.957520 1986.667236 2104.113770 2220.855225 2273.829346 2220.855225 2104.113770 1986.667236 1685.957520 1729.279785 1774.920044 1804.218506 1808.119507 1809.369385 1819.374756 1351.026367 1292.144043 1250.930908 1248.303955 1292.742920 1370.356201 1447.687744 1294.051392 1274.256104 1257.410400 1244.180420 1237.753174 1234.919922 1231.075073,
 599.056213 610.591431 620.465149 633.161865 647.576233 656.406128 654.720032 1134.238403 1121.125366 1104.792969 1096.685791 1103.531982 1125.327271 1154.072388 1575.237671 1577.796143 1578.455078 1568.940430 1545.348145 1521.764404 1510.784790 1715.104980 1763.393066 1814.524048 1838.098877 1814.524048 1763.393066 1715.104980 1510.784790 1521.764404 1545.348145 1568.940430 1578.455078 1577.796143 1575.237671 1154.072388 1125.327271 1103.531982 1096.685791 1104.792969 1121.125366 1134.238403 654.720032 656.406128 647.576233 633.161865 620.465149 610.591431 599.056213,
 -1171.094971 -1184.381470 -1192.293701 -1186.633667 -1170.358643 -1156.412231 -1153.535645 -6.880204 -14.741505 -15.296014 -6.088915 5.874621 11.840849 9.441508 1157.705444 1165.394531 1179.510498 1190.079468 1187.009033 1174.539795 1163.057983 1646.397461 1663.753662 1687.291504 1699.129150 1687.291504 1663.753662 1646.397461 1163.057983 1174.539795 1187.009033 1190.079468 1179.510498 1165.394531 1157.705444 9.441508 11.840849 5.874621 -6.088915 -15.296014 -14.741505 -6.880204 -1153.535645 -1156.412231 -1170.358643 -1186.633667 -1192.293701 -1184.381470 -1171.094971,

Auto-correlations of the modulus of each oriented sub-band
 4.822353 5.884702 6.798773 7.140800 6.723687 5.794425 4.781695 5.488158 6.598939 7.545087 7.984156 7.683545 6.736346 5.578067 6.936725 8.999728 10.665606 11.212437 10.445645 8.819982 6.965980 7.601417 10.548683 13.574594 14.958918 13.574594 10.548683 7.601417 6.965980 8.819982 10.445645 11.212437 10.665606 8.999728 6.936725 5.578067 6.736346 7.683545 7.984156 7.545087 6.598939 5.488158 4.781695 5.794425 6.723687 7.140800 6.798773 5.884702 4.822353,
 67.522064 72.358971 79.015411 86.207291 92.454987 97.028297 100.165436 85.961876 99.164413 114.755989 126.477386 130.661133 129.414856 126.021309 113.971886 135.990829 160.591919 174.900085 171.185547 157.071945 142.182098 137.534760 161.112976 186.513702 198.806274 186.513702 161.112976 137.534760 142.182098 157.071945 171.185547 174.900085 160.591919 135.990829 113.971886 126.021309 129.414856 130.661133 126.477386 114.755989 99.164413 85.961876 100.165436 97.028297 92.454987 86.207291 79.015411 72.358971 67.522064,
 229.839752 242.701294 256.366241 262.575684 256.599579 244.123199 232.884247 267.057068 308.249023 355.457367 378.695953 359.543610 316.290039 277.066040 308.549225 384.405518 473.135742 516.833435 476.678406 391.160400 316.611664 330.158630 422.091248 530.278564 583.772766 530.278564 422.091248 330.158630 316.611664 391.160400 476.678406 516.833435 473.135742 384.405518 308.549225 277.066040 316.290039 359.543610 378.695953 355.457367 308.249023 267.057068 232.884247 244.123199 256.599579 262.575684 256.366241 242.701294 229.839752,
 90.518173 90.661880 90.007996 86.721756 79.959381 72.143829 66.232986 106.903214 112.126244 117.385925 117.761635 108.688431 94.559761 82.888885 117.703453 130.915375 146.711258 154.146729 142.400131 120.420631 102.244896 116.145470 135.486206 159.469757 172.124847 159.469757 135.486206 116.145470 102.244896 120.420631 142.400131 154.146729 146.711258 130.915375 117.703453 82.888885 94.559761 108.688431 117.761635 117.385925 112.126244 106.903214 66.232986 72.143829 79.959381 86.721756 90.007996 90.661880 90.518173,
 3.487309 4.013111 4.488658 4.695469 4.511952 4.036167 3.510697 3.700695 4.515213 5.107541 5.285245 5.021628 4.416111 3.725224 4.541279 6.117998 7.547708 8.044165 7.317441 5.895698 4.512839 5.189171 7.422920 9.871006 11.038385 9.871006 7.422920 5.189171 4.512839 5.895698 7.317441 8.044165 7.547708 6.117998 4.541279 3.725224 4.416111 5.021628 5.285245 5.107541 4.515213 3.700695 3.510697 4.036167 4.511952 4.695469 4.488658 4.013111 3.487309,
 41.670349 44.731018 48.802559 52.812645 55.683624 56.873161 56.474304 50.470234 58.851875 68.446182 74.921959 76.643692 75.076500 71.245560 63.841969 78.849548 95.248314 103.797264 100.076408 90.233185 79.501289 76.026199 92.504974 110.191864 118.924332 110.191864 92.504974 76.026199 79.501289 90.233185 100.076408 103.797264 95.248314 78.849548 63.841969 71.245560 75.076500 76.643692 74.921959 68.446182 58.851875 50.470234 56.474304 56.873161 55.683624 52.812645 48.802559 44.731018 41.670349,
 109.060120 112.865639 119.954178 125.707024 122.758347 111.346809 98.528931 125.773666 144.683975 170.670441 186.405258 174.699310 143.750687 114.471893 143.077103 184.071854 236.088547 264.054688 238.785843 182.947708 134.711166 147.781708 202.450500 269.449524 303.328247 269.449524 202.450500 147.781708 134.711166 182.947708 238.785843 264.054688 236.088547 184.071854 143.077103 114.471893 143.750687 174.699310 186.405258 170.670441 144.683975 125.773666 98.528931 111.346809 122.758347 125.707024 119.954178 112.865639 109.060120,
 31.831217 30.784145 29.826160 28.381527 25.043213 20.440498 16.831404 38.791180 41.181389 44.079651 45.152321 40.387390 31.168131 23.334053 43.053875 50.747787 60.626537 66.511932 59.742611 45.154381 33.325298 41.330082 53.322025 69.034065 77.668610 69.034065 53.322025 41.330082 33.325298 45.154381 59.742611 66.511932 60.626537 50.747787 43.053875 23.334053 31.168131 40.387390 45.152321 44.079651 41.181389 38.791180 16.831404 20.440498 25.043213 28.381527 29.826160 30.784145 31.831217,
 1.887314 2.189734 2.444239 2.491177 2.284951 1.959150 1.687050 1.817720 2.228672 2.607561 2.759535 2.620551 2.288307 1.942397 2.200961 2.918190 3.752402 4.193140 3.891399 3.080975 2.290364 2.577814 3.755229 5.170238 5.863897 5.170238 3.755229 2.577814 2.290364 3.080975 3.891399 4.193140 3.752402 2.918190 2.200961 1.942397 2.288307 2.620551 2.759535 2.607561 2.228672 1.817720 1.687050 1.959150 2.284951 2.491177 2.444239 2.189734 1.887314,
 6.935607 6.789392 8.610816 11.381802 13.539948 14.472616 14.650086 11.632004 14.459295 19.339378 22.829163 22.929005 20.712431 17.837193 16.217857 22.945866 32.518147 37.505077 33.737904 26.220501 19.863777 19.300854 27.541752 38.888390 45.047337 38.888390 27.541752 19.300854 19.863777 26.220501 33.737904 37.505077 32.518147 22.945866 16.217857 17.837193 20.712431 22.929005 22.829163 19.339378 14.459295 11.632004 14.650086 14.472616 13.539948 11.381802 8.610816 6.789392 6.935607,
 30.975792 37.513893 47.838150 56.975742 60.464714 59.278320 58.107285 50.197182 64.717804 84.296539 97.829407 95.018387 79.804031 65.564667 68.429977 94.256523 127.898720 147.682190 135.764069 103.460716 75.398727 78.183731 110.956177 151.971649 172.223267 151.971649 110.956177 78.183731 75.398727 103.460716 135.764069 147.682190 127.898720 94.256523 68.429977 65.564667 79.804031 95.018387 97.829407 84.296539 64.717804 50.197182 58.107285 59.278320 60.464714 56.975742 47.838150 37.513893 30.975792,
 13.971642 16.200676 18.450953 19.545956 18.105471 14.689224 11.049020 18.984356 22.741833 26.819210 29.096041 27.033535 21.251312 15.078259 22.710035 28.998934 36.675442 41.413933 37.922726 28.605787 19.960241 23.135357 31.741875 42.296562 47.777580 42.296562 31.741875 23.135357 19.960241 28.605787 37.922726 41.413933 36.675442 28.998934 22.710035 15.078259 21.251312 27.033535 29.096041 26.819210 22.741833 18.984356 11.049020 14.689224 18.105471 19.545956 18.450953 16.200676 13.971642,
 0.269095 0.456624 0.725415 0.835066 0.629180 0.240696 -0.120895 0.220273 0.362151 0.560398 0.682073 0.570762 0.279162 0.015522 0.413622 0.899799 1.511764 1.910583 1.748885 1.171123 0.593767 0.850318 1.720097 2.712325 3.199982 2.712325 1.720097 0.850318 0.593767 1.171123 1.748885 1.910583 1.511764 0.899799 0.413622 0.015522 0.279162 0.570762 0.682073 0.560398 0.362151 0.220273 -0.120895 0.240696 0.629180 0.835066 0.725415 0.456624 0.269095,
 -0.683414 -0.445942 0.204617 0.535794 1.274696 2.020773 1.712005 0.915412 1.370009 2.865506 3.181456 2.649442 2.541073 1.915507 2.331746 3.494187 6.360006 7.492151 5.441360 3.601402 2.485956 2.821586 4.296382 7.567340 9.905430 7.567340 4.296382 2.821586 2.485956 3.601402 5.441360 7.492151 6.360006 3.494187 2.331746 1.915507 2.541073 2.649442 3.181456 2.865506 1.370009 0.915412 1.712005 2.020773 1.274696 0.535794 0.204617 -0.445942 -0.683414,
 -2.445534 -5.889228 -6.933143 -5.033775 -1.272085 1.338206 0.894836 2.036052 -0.140162 2.815274 7.794327 10.148717 8.418501 4.864685 8.091878 10.455426 18.988783 26.263525 24.174257 15.949103 9.255799 11.178291 17.694199 29.168592 35.760437 29.168592 17.694199 11.178291 9.255799 15.949103 24.174257 26.263525 18.988783 10.455426 8.091878 4.864685 8.418501 10.148717 7.794327 2.815274 -0.140162 2.036052 0.894836 1.338206 -1.272085 -5.033775 -6.933143 -5.889228 -2.445534,
 -3.907557 -4.864795 -4.033692 -2.103902 -0.336057 0.900876 1.769458 -2.263486 -1.727936 0.896172 4.298209 6.603472 6.918514 5.718081 0.369296 3.068520 8.049561 12.712025 13.566811 10.271387 5.917670 3.340206 8.051373 14.138330 17.267830 14.138330 8.051373 3.340206 5.917670 10.271387 13.566811 12.712025 8.049561 3.068520 0.369296 5.718081 6.918514 6.603472 4.298209 0.896172 -1.727936 -2.263486 1.769458 0.900876 -0.336057 -2.103902 -4.033692 -4.864795 -3.907557,

Pairwise cross-correlations of the modulus of all oriented sub-bands at the same scale (size QxQ)
 14.958918 20.692532 21.874605 17.963829,
 20.692532 198.806244 236.232056 40.216557,
 21.874605 236.232056 583.772827 213.473969,
 17.963829 40.216557 213.473969 172.124878,
 11.038385 13.442171 15.973429 10.546357,
 13.442171 118.924332 136.738144 22.713383,
 15.973429 136.738144 303.328247 95.234138,
 10.546357 22.713383 95.234138 77.668617,
 5.863898 5.788198 10.368423 7.050248,
 5.788198 45.047340 61.390030 14.065355,
 10.368423 61.390030 172.223267 63.723728,
 7.050248 14.065355 63.723728 47.777584,
 3.199982 0.969998 2.483756 2.619037,
 0.969998 9.905430 8.835551 1.137708,
 2.483756 8.835551 35.760437 16.545946,
 2.619037 1.137708 16.545946 17.267830,

Cross-correlations of the modulus of all oriented sub-bands with all oriented sub-bands at the coarser scale (size QxQ)
 8.000734 12.805515 13.269669 10.923537,
 15.372338 68.889496 78.904663 18.018263,
 24.289003 73.523346 146.155899 62.172729,
 14.924223 12.261250 54.120880 51.740513,
 4.882553 5.095530 7.910899 7.184025,
 8.659072 28.509167 42.539955 16.115154,
 11.802551 38.538445 84.066498 33.236687,
 6.165338 8.840774 30.888237 22.551945,
 2.037594 2.562458 3.427752 2.689473,
 1.141579 7.684524 5.981174 3.689856,
 6.073400 12.292093 22.448744 15.901821,
 4.037244 6.255881 12.731480 8.171792,

Cross-correlations of the real part of each oriented sub-band with both the real and imaginary part of all phase-doubled oriented sub-bands at the next coarser scale (Q matrices of size 1x2Q, which are computed and stored in a matrix of size Qx2Q)
 -1.055523 -3.847309 -2.483352 -2.598097 1.134009 0.115303 -0.475103 0.014424,
 -3.481040 -49.110367 -38.917236 -3.513227 0.302354 1.164214 -1.116238 -0.864123,
 -4.155469 -53.799068 -53.298016 -18.439711 -0.245570 1.742895 -3.953274 -5.464717,
 -2.565639 -5.287270 -11.584827 -18.796982 0.263144 0.328628 -3.875661 -3.198276,
 -0.917427 -2.218580 -0.646848 -0.935936 -0.179504 -0.213243 0.498859 0.203700,
 -1.833665 -5.494018 10.633475 1.065000 -0.273724 -0.290160 -1.640820 -1.645529,
 -1.588363 4.479573 27.461987 4.133574 0.087673 -0.779837 -4.552299 2.041871,
 -1.290848 2.781570 7.888397 -0.519343 0.031088 -0.292509 1.223248 4.680854,
 -0.209860 0.740207 0.643654 0.050939 -0.574836 -1.120679 -0.432521 -0.489774,
 -0.001492 9.706657 17.083012 3.097651 -0.653087 -8.019909 -4.569855 -0.798497,
 -0.174914 13.505648 45.667656 13.212536 0.102276 -6.693345 -2.912958 -5.108249,
 -0.364106 2.959390 18.411329 7.421265 0.044485 -0.209774 0.243994 -4.536485,
