Low-band skewness and kurtosis
 -0.524031 2.069978,
 -0.422473 2.090719,
 -0.225378 1.851362,
 -0.030980 1.655783,
 0.070334 1.846220,

High-band variance
 984.717957,

Skewness, kurtosis, variance, mean, maximum and minimum of the reconstructed texture
 -0.661252 1.935337 5985.905273 187.620850 255.000000 2.000000,

Auto-correlations of the low-frequency bands at each scale
 1883.073242 1791.649414 1717.934204 1696.580078 1752.634155 1880.439209 2036.259033 2190.398926 1934.093262 1703.173950 1632.443726 1772.423462 2053.301270 2337.850586 2957.823975 3111.794922 3274.068604 3380.909180 3365.379639 3249.316406 3092.976807 3510.221436 4062.833984 4578.741211 4799.071289 4578.741211 4062.833984 3510.221436 3092.976807 3249.316406 3365.379639 3380.909180 3274.068604 3111.794922 2957.823975 2337.850586 2053.301270 1772.423462 1632.443726 1703.173950 1934.093262 2190.398926 2036.259033 1880.439209 1752.634155 1696.580078 1717.934204 1791.649414 1883.073242,
 1749.563843 1706.843872 1655.192139 1612.905640 1606.091797 1652.352661 1738.035034 1937.444946 1812.667236 1692.325684 1660.537720 1748.816162 1917.170654 2078.605957 2315.382324 2408.924561 2531.601562 2634.373535 2657.892578 2613.947510 2538.779297 2675.177979 2979.547607 3288.805664 3427.213623 3288.805664 2979.547607 2675.177979 2538.779297 2613.947510 2657.892578 2634.373535 2531.601562 2408.924561 2315.382324 2078.605957 1917.170654 1748.816162 1660.537720 1692.325684 1812.667236 1937.444946 1738.035034 1652.352661 1606.091797 1612.905640 1655.192139 1706.843872 1749.563843,
 1401.639282 1425.928467 1447.197388 1464.544189 1485.540405 1515.696533 1542.240112 1652.711670 1597.820679 1543.043823 1530.816895 1582.876099 1685.636597 1790.647705 1968.482422 2035.420166 2109.564453 2165.914062 2174.544922 2146.163330 2101.448730 2214.467773 2416.148926 2605.502197 2687.910156 2605.502197 2416.148926 2214.467773 2101.448730 2146.163330 2174.544922 2165.914062 2109.564453 2035.420166 1968.482422 1790.647705 1685.636597 1582.876099 1530.816895 1543.043823 1597.820679 1652.711670 1542.240112 1515.696533 1485.540405 1464.544189 1447.197388 1425.928467 1401.639282,
 585.780518 559.810242 529.461731 516.107178 537.724426 586.745667 636.600708 1147.094727 1100.957275 1076.819458 1093.414917 1146.571167 1211.275146 1257.017090 1603.214600 1675.927246 1772.853271 1856.451172 1882.226807 1847.887451 1775.450439 1894.022461 2055.193115 2201.828857 2265.045166 2201.828857 2055.193115 1894.022461 1775.450439 1847.887451 1882.226807 1856.451172 1772.853271 1675.927246 1603.214600 1257.017090 1211.275146 1146.571167 1093.414917 1076.819458 1100.957275 1147.094727 636.600708 586.745667 537.724426 516.107178 529.461731 559.810242 585.780518,
 -1217.658936 -1282.793213 -1316.787476 -1290.099609 -1221.540649 -1161.173828 -1140.292480 -24.590527 -118.764183 -165.874268 -129.999176 -41.741772 39.493492 75.945953 1140.140137 1164.710693 1233.031982 1302.290283 1316.034912 1270.308594 1207.072510 1636.333130 1767.716309 1919.479614 1988.707031 1919.479614 1767.716309 1636.333130 1207.072510 1270.308594 1316.034912 1302.290283 1233.031982 1164.710693 1140.140137 75.945953 39.493492 -41.741772 -129.999176 -165.874268 -118.764183 -24.590527 -1140.292480 -1161.173828 -1221.540649 -1290.099609 -1316.787476 -1282.793213 -1217.658936,

Auto-correlations of the modulus of each oriented sub-band
 8.213804 9.652790 11.030809 11.821180 11.651831 10.629040 9.260576 8.948470 10.835254 12.419808 13.211872 12.970077 11.763164 10.012082 10.739936 13.734909 16.290115 17.319582 16.356701 13.916573 10.976724 11.610034 15.895288 20.350037 22.409893 20.350037 15.895288 11.610034 10.976724 13.916573 16.356701 17.319582 16.290115 13.734909 10.739936 10.012082 11.763164 12.970077 13.211872 12.419808 10.835254 8.948470 9.260576 10.629040 11.651831 11.821180 11.030809 9.652790 8.213804,
 126.659241 133.730499 142.748520 150.097336 152.318344 151.196594 149.067078 145.652374 159.682632 176.182373 186.734955 184.987000 176.253799 166.451477 166.147263 189.097137 215.385941 229.432297 219.990250 199.000458 178.949966 179.282562 205.468231 235.164154 250.399643 235.164154 205.468231 179.282562 178.949966 199.000458 219.990250 229.432297 215.385941 189.097137 166.147263 166.451477 176.253799 184.987000 186.734955 176.182373 159.682632 145.652374 149.067078 151.196594 152.318344 150.097336 142.748520 133.730499 126.659241,
 269.667511 281.060730 295.294098 298.425781 284.973969 265.441040 250.223343 308.243622 340.419434 381.909454 400.517700 375.288971 328.643616 290.175201 341.436951 400.837952 477.975159 516.912354 475.270508 394.714111 330.135498 351.178528 425.907959 522.211182 572.677490 522.211182 425.907959 351.178528 330.135498 394.714111 475.270508 516.912354 477.975159 400.837952 341.436951 290.175201 328.643616 375.288971 400.517700 381.909454 340.419434 308.243622 250.223343 265.441040 284.973969 298.425781 295.294098 281.060730 269.667511,
 116.660477 115.957336 113.750015 108.282150 99.214508 89.467834 81.768845 135.636841 142.275589 147.689667 146.598602 134.795258 117.416527 102.335930 146.916840 163.890381 182.211914 189.877090 175.502686 149.067474 126.002037 143.567612 168.020477 196.373718 210.940704 196.373718 168.020477 143.567612 126.002037 149.067474 175.502686 189.877090 182.211914 163.890381 146.916840 102.335930 117.416527 134.795258 146.598602 147.689667 142.275589 135.636841 81.768845 89.467834 99.214508 108.282150 113.750015 115.957336 116.660477,
 5.712517 6.589311 7.360797 7.754801 7.677562 7.274684 6.762537 6.091672 7.275646 8.257119 8.729242 8.608230 8.033040 7.246905 6.970387 9.199329 11.310035 12.204062 11.424951 9.602497 7.684484 7.875752 10.975958 14.286774 15.837535 14.286774 10.975958 7.875752 7.684484 9.602497 11.424951 12.204062 11.310035 9.199329 6.970387 7.246905 8.033040 8.608230 8.729242 8.257119 7.275646 6.091672 6.762537 7.274684 7.677562 7.754801 7.360797 6.589311 5.712517,
 55.331497 63.578400 72.679573 79.813347 82.914803 83.278809 83.172073 70.415314 83.343307 96.989685 105.837685 106.624298 102.126007 96.257233 88.522858 107.039299 126.865646 137.359802 132.095230 118.503395 104.654205 102.133591 121.601593 142.734039 153.226166 142.734039 121.601593 102.133591 104.654205 118.503395 132.095230 137.359802 126.865646 107.039299 88.522858 96.257233 102.126007 106.624298 105.837685 96.989685 83.343307 70.415314 83.172073 83.278809 82.914803 79.813347 72.679573 63.578400 55.331497,
 96.237312 102.056213 111.455162 115.320419 109.344398 101.983139 98.429268 117.507179 137.533783 163.593384 174.127625 157.235138 131.626038 114.517845 136.140396 175.811462 227.521515 251.048111 220.206635 168.296356 131.186783 141.142288 189.461761 255.009933 290.249268 255.009933 189.461761 141.142288 131.186783 168.296356 220.206635 251.048111 227.521515 175.811462 136.140396 114.517845 131.626038 157.235138 174.127625 163.593384 137.533783 117.507179 98.429268 101.983139 109.344398 115.320419 111.455162 102.056213 96.237312,
 43.066978 43.018688 42.339317 40.717075 38.310051 35.626644 33.530617 49.397133 53.742817 57.661816 59.034729 55.042347 47.156033 40.429176 54.736504 65.300148 77.640732 84.626251 77.644730 62.041542 49.295204 55.126266 69.801239 88.398056 98.281837 88.398056 69.801239 55.126266 49.295204 62.041542 77.644730 84.626251 77.640732 65.300148 54.736504 40.429176 47.156033 55.042347 59.034729 57.661816 53.742817 49.397133 33.530617 35.626644 38.310051 40.717075 42.339317 43.018688 43.066978,
 1.770606 2.577075 3.389641 3.816818 3.513829 2.647599 1.748395 1.750387 2.676249 3.644852 4.173634 3.858155 2.888778 1.901121 2.245132 3.621423 5.227623 6.060263 5.425406 3.981424 2.655490 2.844352 4.724980 7.037657 8.231770 7.037657 4.724980 2.844352 2.655490 3.981424 5.425406 6.060263 5.227623 3.621423 2.245132 1.901121 2.888778 3.858155 4.173634 3.644852 2.676249 1.750387 1.748395 2.647599 3.513829 3.816818 3.389641 2.577075 1.770606,
 28.187529 31.933199 35.082054 36.701218 36.645630 35.860420 34.706203 36.450588 43.004353 49.054741 51.218128 48.883598 44.995434 41.386509 43.069832 52.519119 62.497990 66.372482 61.236477 52.747223 45.622482 46.350330 56.142616 67.638863 73.505608 67.638863 56.142616 46.350330 45.622482 52.747223 61.236477 66.372482 62.497990 52.519119 43.069832 41.386509 44.995434 48.883598 51.218128 49.054741 43.004353 36.450588 34.706203 35.860420 36.645630 36.701218 35.082054 31.933199 28.187529,
 42.400513 48.156643 58.887180 66.869949 64.648293 55.802059 46.583633 64.269463 78.344261 99.465958 112.918938 104.218277 83.510384 65.446861 78.862701 103.171700 136.658401 156.115158 139.421738 105.442558 78.461624 83.419876 113.283371 153.131500 174.939941 153.131500 113.283371 83.419876 78.461624 105.442558 139.421738 156.115158 136.658401 103.171700 78.862701 65.446861 83.510384 104.218277 112.918938 99.465958 78.344261 64.269463 46.583633 55.802059 64.648293 66.869949 58.887180 48.156643 42.400513,
 12.078897 13.787601 15.688859 17.133677 17.639572 16.672445 14.530047 17.035343 21.658232 26.801765 30.639206 30.506062 26.196711 21.226582 21.619638 29.290289 38.661289 45.147064 42.572857 33.401592 25.308580 25.184708 34.387596 46.041458 52.209534 46.041458 34.387596 25.184708 25.308580 33.401592 42.572857 45.147064 38.661289 29.290289 21.619638 21.226582 26.196711 30.506062 30.639206 26.801765 21.658232 17.035343 14.530047 16.672445 17.639572 17.133677 15.688859 13.787601 12.078897,
 0.280972 1.048801 1.744721 2.021126 1.630099 0.755474 -0.199381 1.104028 1.922748 2.390201 2.342025 1.741306 0.811733 -0.072838 1.584651 3.105296 4.132395 4.089644 3.039778 1.592907 0.343743 1.292623 3.337503 5.345935 6.245944 5.345935 3.337503 1.292623 0.343743 1.592907 3.039778 4.089644 4.132395 3.105296 1.584651 -0.072838 0.811733 1.741306 2.342025 2.390201 1.922748 1.104028 -0.199381 0.755474 1.630099 2.021126 1.744721 1.048801 0.280972,
 15.441469 21.451134 25.194038 24.706871 20.140198 13.620593 6.769758 18.628586 26.724937 32.810684 33.887539 29.258369 21.555405 13.229294 20.952753 31.074028 39.638332 42.404305 37.458698 28.242363 18.259569 21.005291 31.865482 41.771202 46.209160 41.771202 31.865482 21.005291 18.259569 28.242363 37.458698 42.404305 39.638332 31.074028 20.952753 13.229294 21.555405 29.258369 33.887539 32.810684 26.724937 18.628586 6.769758 13.620593 20.140198 24.706871 25.194038 21.451134 15.441469,
 -2.346021 10.736647 25.657003 36.553917 38.570923 32.415039 19.166031 4.946909 23.138584 42.261299 54.119972 52.404106 39.991234 20.874886 13.217223 37.461445 61.745674 74.252747 66.206230 45.210499 20.686321 18.520758 45.462273 71.757599 84.326584 71.757599 45.462273 18.520758 20.686321 45.210499 66.206230 74.252747 61.745674 37.461445 13.217223 20.874886 39.991234 52.404106 54.119972 42.261299 23.138584 4.946909 19.166031 32.415039 38.570923 36.553917 25.657003 10.736647 -2.346021,
 5.288733 7.471103 8.843578 9.034849 7.985864 5.997958 2.899627 8.118130 11.531096 14.472968 15.883849 14.465825 11.030418 6.740044 10.239762 14.709777 19.785122 22.893856 20.479733 14.970477 9.650804 10.890591 16.230251 22.706894 26.336365 22.706894 16.230251 10.890591 9.650804 14.970477 20.479733 22.893856 19.785122 14.709777 10.239762 6.740044 11.030418 14.465825 15.883849 14.472968 11.531096 8.118130 2.899627 5.997958 7.985864 9.034849 8.843578 7.471103 5.288733,

Pairwise cross-correlations of the modulus of all oriented sub-bands at the same scale (size QxQ)
 22.409895 33.972984 28.293276 21.702168,
 33.972984 250.399673 247.052734 30.025202,
 28.293276 247.052734 572.677673 226.221924,
 21.702168 30.025202 226.221924 210.940689,
 15.837534 21.975716 18.503956 11.088019,
 21.975716 153.226181 138.291290 10.059278,
 18.503956 138.291290 290.249268 98.424484,
 11.088019 10.059278 98.424484 98.281837,
 8.231771 6.711327 5.129065 5.833729,
 6.711327 73.505608 74.225296 9.477751,
 5.129065 74.225296 174.939957 57.829979,
 5.833729 9.477751 57.829979 52.209534,
 6.245944 4.777897 -0.651847 2.775351,
 4.777897 46.209164 36.103893 2.472454,
 -0.651847 36.103893 84.326584 26.129009,
 2.775351 2.472454 26.129009 26.336365,

Cross-correlations of the modulus of all oriented sub-bands with all oriented sub-bands at the coarser scale (size QxQ)
 12.157832 20.379465 14.872189 9.415285,
 27.345041 101.090630 90.934814 12.283966,
 29.445236 89.559677 161.438171 82.731468,
 15.185095 8.153252 62.904629 70.903641,
 6.358032 11.832016 11.464998 7.127674,
 11.532667 52.195080 43.761993 8.038740,
 14.816031 47.175808 75.327759 34.126343,
 6.769504 6.282406 33.938534 29.612070,
 4.204624 4.343597 0.085868 3.232312,
 -0.278368 17.938404 6.686157 -7.715302,
 -2.881904 8.310111 14.981140 7.323286,
 1.175547 3.323261 12.909357 13.382118,

Cross-correlations of the real part of each oriented sub-band with both the real and imaginary part of all phase-doubled oriented sub-bands at the next coarser scale (Q matrices of size 1x2Q, which are computed and stored in a matrix of size Qx2Q)
 -3.979065 -4.685251 -2.089158 -5.947902 1.175871 -0.267063 0.199274 0.184790,
 -5.434899 -23.751778 -2.621965 -1.712603 0.349099 2.921850 6.256277 0.709691,
 -4.710929 -20.055449 -9.049362 -29.470768 -0.122948 7.953279 12.561013 6.213060,
 -5.560156 -2.877914 -12.448819 -37.723392 0.507449 2.047195 4.263442 5.428594,
 -1.436215 -3.260699 -1.333452 -2.387438 0.390856 -0.320291 -0.125822 0.234873,
 -2.914109 -27.895788 -14.932352 -3.119010 -0.095943 -2.981970 -6.058646 -1.409888,
 -2.431647 -26.402946 -23.945873 -13.973304 0.140771 -3.369785 -10.541877 -1.284513,
 -2.027714 -2.480000 -7.171297 -13.133187 0.567654 -0.698699 -3.005299 0.998921,
 0.401301 0.589323 -0.322961 -0.628958 -0.027245 -0.769102 -0.184714 1.153138,
 0.634869 2.759838 -1.391920 -2.400141 -0.622764 -0.525167 1.036692 -0.333034,
 0.562624 -0.112956 -10.639276 -17.858912 -0.690190 6.425544 4.160505 3.388811,
 -0.091447 -1.104387 -10.398198 -13.810323 -0.226226 2.893517 2.430631 5.973477,
