Low-band skewness and kurtosis
 -0.555495 2.239591,
 -0.477042 2.343345,
 -0.349013 2.119935,
 -0.231880 1.976953,
 -0.106554 1.672046,

High-band variance
 949.522766,

Skewness, kurtosis, variance, mean, maximum and minimum of the reconstructed texture
 -0.674768 2.011832 5578.903809 189.629089 255.000000 1.000000,

Auto-correlations of the low-frequency bands at each scale
 1390.141113 1378.515503 1384.284668 1400.182861 1416.944580 1429.085083 1431.369385 1685.805664 1523.710571 1392.770386 1314.431274 1292.371704 1322.682495 1388.085449 3156.559326 3134.458984 3081.138672 2989.557617 2855.706055 2713.085938 2597.758057 3921.437012 4159.010254 4349.908203 4427.110352 4349.908203 4159.010254 3921.437012 2597.758057 2713.085938 2855.706055 2989.557617 3081.138672 3134.458984 3156.559326 1388.085449 1322.682495 1292.371704 1314.431274 1392.770386 1523.710571 1685.805664 1431.369385 1429.085083 1416.944580 1400.182861 1384.284668 1378.515503 1390.141113,
 1084.826782 1065.683350 1067.084229 1089.962769 1129.690674 1177.785400 1223.581909 1361.663574 1249.436401 1158.415649 1101.277100 1081.630493 1102.120728 1154.675781 2354.411133 2349.643066 2322.030518 2257.238281 2149.543213 2034.195312 1943.606445 2815.873779 2987.311523 3129.917236 3189.814941 3129.917236 2987.311523 2815.873779 1943.606445 2034.195312 2149.543213 2257.238281 2322.030518 2349.643066 2354.411133 1154.675781 1102.120728 1081.630493 1101.277100 1158.415649 1249.436401 1361.663574 1223.581909 1177.785400 1129.690674 1089.962769 1067.084229 1065.683350 1084.826782,
 1063.049927 1062.977661 1067.105957 1075.001953 1084.531738 1091.274536 1091.350220 1171.968628 1117.469360 1086.601074 1087.879150 1118.575684 1171.155640 1232.481812 1754.862183 1758.800903 1757.552124 1738.554199 1693.495239 1644.453979 1613.436157 2044.347168 2164.303711 2270.396484 2316.036133 2270.396484 2164.303711 2044.347168 1613.436157 1644.453979 1693.495239 1738.554199 1757.552124 1758.800903 1754.862183 1232.481812 1171.155640 1118.575684 1087.879150 1086.601074 1117.469360 1171.968628 1091.350220 1091.274536 1084.531738 1075.001953 1067.105957 1062.977661 1063.049927,
 574.516418 595.799561 607.630493 609.652405 605.584717 595.892334 577.077209 1047.530762 1001.922485 963.723450 939.486328 931.767273 946.037109 978.314209 1446.864136 1439.631226 1439.490356 1434.252441 1412.054565 1392.022095 1390.707153 1642.416382 1706.939819 1771.339966 1801.660400 1771.339966 1706.939819 1642.416382 1390.707153 1392.022095 1412.054565 1434.252441 1439.490356 1439.631226 1446.864136 978.314209 946.037109 931.767273 939.486328 963.723450 1001.922485 1047.530762 577.077209 595.892334 605.584717 609.652405 607.630493 595.799561 574.516418,
 -1073.903442 -1078.941284 -1082.481934 -1079.879395 -1070.229004 -1061.890015 -1062.143677 -8.354240 -20.945766 -39.295601 -53.107033 -53.351875 -39.372501 -20.504093 1082.650024 1091.468018 1092.897949 1081.168945 1060.129395 1047.463379 1053.080688 1528.683105 1547.915894 1575.863037 1590.184326 1575.863037 1547.915894 1528.683105 1053.080688 1047.463379 1060.129395 1081.168945 1092.897949 1091.468018 1082.650024 -20.504093 -39.372501 -53.351875 -53.107033 -39.295601 -20.945766 -8.354240 -1062.143677 -1061.890015 -1070.229004 -1079.879395 -1082.481934 -1078.941284 -1073.903442,

Auto-correlations of the modulus of each oriented sub-band
 4.242688 5.655632 6.862281 7.304497 6.713882 5.361735 3.809986 4.583402 6.093643 7.379099 7.862443 7.269651 5.876174 4.249911 5.335803 7.295963 9.038493 9.803506 9.146186 7.379651 5.289872 5.955505 8.426686 10.650066 11.579285 10.650066 8.426686 5.955505 5.289872 7.379651 9.146186 9.803506 9.038493 7.295963 5.335803 4.249911 5.876174 7.269651 7.862443 7.379099 6.093643 4.583402 3.809986 5.361735 6.713882 7.304497 6.862281 5.655632 4.242688,
 30.939844 33.018585 36.210945 38.153774 37.556267 35.657356 34.259823 42.446815 47.834957 54.956085 58.317848 55.632080 50.507412 46.738022 54.933914 64.302879 76.761566 82.477798 76.335312 65.733223 58.205704 61.798775 72.208084 86.758041 94.535706 86.758041 72.208084 61.798775 58.205704 65.733223 76.335312 82.477798 76.761566 64.302879 54.933914 46.738022 50.507412 55.632080 58.317848 54.956085 47.834957 42.446815 34.259823 35.657356 37.556267 38.153774 36.210945 33.018585 30.939844,
 191.195023 199.158051 206.076080 207.155182 198.966156 185.549744 172.877792 284.049042 310.802307 334.693848 342.743530 327.008057 295.882507 263.543243 373.170563 426.971985 476.385376 496.165283 471.200195 416.986877 359.291840 406.930054 475.971161 540.903748 569.561890 540.903748 475.971161 406.930054 359.291840 416.986877 471.200195 496.165283 476.385376 426.971985 373.170563 263.543243 295.882507 327.008057 342.743530 334.693848 310.802307 284.049042 172.877792 185.549744 198.966156 207.155182 206.076080 199.158051 191.195023,
 54.146366 53.908928 53.146782 51.619751 48.946495 45.106117 40.848934 76.250206 79.457191 81.930618 82.027321 78.032654 70.201256 61.135372 95.114548 104.772430 113.650520 117.309555 111.786339 98.947571 84.601715 99.070389 114.108231 128.269165 134.563507 128.269165 114.108231 99.070389 84.601715 98.947571 111.786339 117.309555 113.650520 104.772430 95.114548 61.135372 70.201256 78.032654 82.027321 81.930618 79.457191 76.250206 40.848934 45.106117 48.946495 51.619751 53.146782 53.908928 54.146366,
 3.133154 4.255950 5.284915 5.719794 5.314474 4.284991 3.100579 3.445735 4.655979 5.698324 6.087960 5.622122 4.533472 3.295727 4.016161 5.657513 7.189856 7.871519 7.278234 5.729909 4.010812 4.502849 6.654831 8.755974 9.678118 8.755974 6.654831 4.502849 4.010812 5.729909 7.278234 7.871519 7.189856 5.657513 4.016161 3.295727 4.533472 5.622122 6.087960 5.698324 4.655979 3.445735 3.100579 4.284991 5.314474 5.719794 5.284915 4.255950 3.133154,
 17.187216 18.850439 20.533621 21.141727 20.760653 20.372950 20.371893 24.516253 28.141180 31.573637 32.237564 30.214884 28.033625 26.782740 32.143246 38.243710 44.964367 46.896393 42.501499 36.903141 33.273853 35.720200 41.863064 50.210327 54.791473 50.210327 41.863064 35.720200 33.273853 36.903141 42.501499 46.896393 44.964367 38.243710 32.143246 26.782740 28.033625 30.214884 32.237564 31.573637 28.141180 24.516253 20.371893 20.372950 20.760653 21.141727 20.533621 18.850439 17.187216,
 77.368347 81.552971 85.437714 87.640511 85.146011 80.781975 76.905884 127.373711 144.441467 159.826813 167.077621 159.529633 143.187805 125.299446 178.592316 215.756531 249.632019 265.233734 250.106873 215.585693 177.216034 200.730103 249.116211 293.578247 313.822754 293.578247 249.116211 200.730103 177.216034 215.585693 250.106873 265.233734 249.632019 215.756531 178.592316 125.299446 143.187805 159.529633 167.077621 159.826813 144.441467 127.373711 76.905884 80.781975 85.146011 87.640511 85.437714 81.552971 77.368347,
 31.486156 30.650583 29.343237 27.829266 26.163107 24.389711 22.625729 45.743671 47.798687 48.670616 47.753963 44.373940 39.282429 34.278576 56.976471 64.030846 70.542870 72.980217 67.983253 57.995495 48.307671 57.963013 68.818817 80.352348 85.891434 80.352348 68.818817 57.963013 48.307671 57.995495 67.983253 72.980217 70.542870 64.030846 56.976471 34.278576 39.282429 44.373940 47.753963 48.670616 47.798687 45.743671 22.625729 24.389711 26.163107 27.829266 29.343237 30.650583 31.486156,
 1.374251 2.047405 2.582563 2.716662 2.380312 1.787524 1.239035 1.336218 2.147231 2.856494 3.125860 2.837099 2.192408 1.520954 1.938888 3.146769 4.328335 4.847448 4.380732 3.274354 2.146652 2.609531 4.205828 5.839881 6.575484 5.839881 4.205828 2.609531 2.146652 3.274354 4.380732 4.847448 4.328335 3.146769 1.938888 1.520954 2.192408 2.837099 3.125860 2.856494 2.147231 1.336218 1.239035 1.787524 2.380312 2.716662 2.582563 2.047405 1.374251,
 8.213228 10.016109 11.178597 11.153662 11.025468 11.465448 11.960352 13.377714 16.494146 19.218971 19.351429 18.058567 17.467554 17.506819 20.825891 25.331413 30.572369 31.824696 28.422283 24.965878 23.259329 25.184973 29.205444 35.318298 38.893066 35.318298 29.205444 25.184973 23.259329 24.965878 28.422283 31.824696 30.572369 25.331413 20.825891 17.506819 17.467554 18.058567 19.351429 19.218971 16.494146 13.377714 11.960352 11.465448 11.025468 11.153662 11.178597 10.016109 8.213228,
 31.078005 28.714745 28.422529 27.270115 21.929331 16.609108 15.389608 52.134403 60.680607 69.261276 70.310249 58.184654 41.426968 29.535572 74.529243 99.965500 124.641708 133.126831 114.687576 83.464554 56.430290 77.814362 112.357658 148.664398 166.171112 148.664398 112.357658 77.814362 56.430290 83.464554 114.687576 133.126831 124.641708 99.965500 74.529243 29.535572 41.426968 58.184654 70.310249 69.261276 60.680607 52.134403 15.389608 16.609108 21.929331 27.270115 28.422529 28.714745 31.078005,
 10.175794 9.537887 8.780472 7.461790 5.937442 4.930091 4.847643 20.319866 21.201962 21.593723 20.637386 17.513901 13.034100 9.243203 26.895588 31.640301 36.662460 38.721935 34.256264 25.493893 17.585300 25.326313 33.703926 43.306461 48.161789 43.306461 33.703926 25.326313 17.585300 25.493893 34.256264 38.721935 36.662460 31.640301 26.895588 9.243203 13.034100 17.513901 20.637386 21.593723 21.201962 20.319866 4.847643 4.930091 5.937442 7.461790 8.780472 9.537887 10.175794,
 0.414590 1.354243 2.093746 2.349768 2.026126 1.239602 0.266576 0.526365 1.385118 2.072531 2.357534 2.117951 1.412391 0.495296 0.949073 2.016213 2.960855 3.437501 3.191789 2.308593 1.166651 1.470479 2.932446 4.240916 4.786781 4.240916 2.932446 1.470479 1.166651 2.308593 3.191789 3.437501 2.960855 2.016213 0.949073 0.495296 1.412391 2.117951 2.357534 2.072531 1.385118 0.526365 0.266576 1.239602 2.026126 2.349768 2.093746 1.354243 0.414590,
 3.330899 3.984374 3.935742 3.649264 3.333150 3.224736 3.146177 6.456482 8.607538 9.383583 8.367097 6.808865 5.613611 4.891107 8.162857 11.485934 14.564332 14.407387 11.427697 8.637498 6.840254 8.219488 11.134687 15.260662 17.599480 15.260662 11.134687 8.219488 6.840254 8.637498 11.427697 14.407387 14.564332 11.485934 8.162857 4.891107 5.613611 6.808865 8.367097 9.383583 8.607538 6.456482 3.146177 3.224736 3.333150 3.649264 3.935742 3.984374 3.330899,
 -2.871135 9.685598 28.697853 43.477036 42.628319 25.860117 5.200701 8.270323 25.055096 48.986195 65.573112 59.939404 37.324402 14.093014 19.932531 41.153542 69.294250 86.451859 75.278519 47.725471 22.976641 26.482380 50.751251 80.535255 96.043068 80.535255 50.751251 26.482380 22.976641 47.725471 75.278519 86.451859 69.294250 41.153542 19.932531 14.093014 37.324402 59.939404 65.573112 48.986195 25.055096 8.270323 5.200701 25.860117 42.628319 43.477036 28.697853 9.685598 -2.871135,
 2.884230 5.330484 7.582432 8.873927 8.438149 6.394373 3.197784 5.115817 7.561813 10.110906 12.191800 12.637721 10.439735 6.207000 7.236834 10.353821 14.435205 18.082827 18.058714 13.642685 8.249275 8.582704 13.190533 18.828083 21.735279 18.828083 13.190533 8.582704 8.249275 13.642685 18.058714 18.082827 14.435205 10.353821 7.236834 6.207000 10.439735 12.637721 12.191800 10.110906 7.561813 5.115817 3.197784 6.394373 8.438149 8.873927 7.582432 5.330484 2.884230,

Pairwise cross-correlations of the modulus of all oriented sub-bands at the same scale (size QxQ)
 11.579285 8.880277 7.850976 10.927351,
 8.880277 94.535721 188.344437 62.391411,
 7.850976 188.344437 569.561890 228.095016,
 10.927351 62.391411 228.095016 134.563507,
 9.678118 8.083799 3.134038 7.865508,
 8.083799 54.791477 94.967873 39.199249,
 3.134038 94.967873 313.822754 130.021759,
 7.865508 39.199249 130.021759 85.891441,
 6.575485 5.298348 3.584074 4.741013,
 5.298348 38.893066 56.587105 23.271742,
 3.584074 56.587105 166.171127 63.980450,
 4.741013 23.271742 63.980450 48.161797,
 4.786781 4.074697 5.331578 5.232918,
 4.074697 17.599480 31.568653 13.929032,
 5.331578 31.568653 96.043076 31.890280,
 5.232918 13.929032 31.890280 21.735283,

Cross-correlations of the modulus of all oriented sub-bands with all oriented sub-bands at the coarser scale (size QxQ)
 7.684413 8.107753 0.669004 8.514485,
 9.009165 25.719109 37.908627 22.169601,
 12.947682 44.212128 102.739738 49.316315,
 9.321448 20.885662 42.425850 30.422485,
 5.488857 6.457602 2.992387 7.566820,
 3.888967 16.838879 24.412010 19.665276,
 -0.030357 13.607822 40.748245 31.846996,
 3.006008 6.105826 9.867533 21.781050,
 3.856822 4.275411 4.881145 6.229326,
 6.081801 10.602963 20.631804 8.881140,
 6.724190 15.256813 41.071434 14.393401,
 4.203599 6.359861 14.172091 10.724136,

Cross-correlations of the real part of each oriented sub-band with both the real and imaginary part of all phase-doubled oriented sub-bands at the next coarser scale (Q matrices of size 1x2Q, which are computed and stored in a matrix of size Qx2Q)
 -1.327288 -1.070469 -0.447044 -0.979820 0.686704 0.160970 0.024274 -0.040078,
 -0.693429 -12.536421 -24.446121 -11.722823 0.328873 1.607147 4.785480 1.694191,
 -0.360978 -26.650665 -85.509407 -52.834812 0.095368 5.489871 15.453978 4.425292,
 -0.898975 -9.295937 -40.755093 -30.250921 0.242819 2.266767 6.448585 1.317657,
 0.063728 0.096668 -1.106151 -1.529049 0.261136 0.810337 -0.312020 -0.580505,
 0.038513 -1.338928 -1.426742 -4.302981 0.478654 9.594163 2.940391 0.164927,
 -0.086790 1.399395 -7.775350 -23.988173 0.228718 12.854124 0.313515 -9.041215,
 -0.345187 1.903446 -9.322346 -18.777763 0.062378 2.275354 -4.479085 -9.455859,
 -0.195924 -0.607194 -0.340326 -0.289892 0.574041 -0.165150 0.024754 -0.711999,
 -0.456437 -11.888215 -14.387797 -1.088515 0.095517 3.021957 0.203826 -1.760705,
 -0.499098 -20.731262 -28.980566 -6.659741 0.171741 5.190356 -11.200001 -13.222029,
 -0.266113 -5.264765 -8.080122 -4.956075 0.553507 0.779221 -9.030403 -10.037517,
