Low-band skewness and kurtosis
 -0.497003 2.084741,
 -0.389852 2.208324,
 -0.239649 2.157607,
 -0.117136 2.213274,
 0.042920 1.825854,

High-band variance
 1048.896240,

Skewness, kurtosis, variance, mean, maximum and minimum of the reconstructed texture
 -0.650299 1.937928 5848.404785 187.795837 255.000000 2.000000,

Auto-correlations of the low-frequency bands at each scale
 1311.760986 1235.411011 1177.852783 1149.047119 1164.650146 1236.364380 1358.830322 1587.489868 1377.172607 1217.480103 1201.929565 1365.230103 1660.718506 1979.333374 2516.168457 2699.050781 2907.514648 3086.118896 3177.549805 3186.718750 3134.062012 3473.779053 3968.136475 4402.734375 4583.352051 4402.734375 3968.136475 3473.779053 3134.062012 3186.718750 3177.549805 3086.118896 2907.514648 2699.050781 2516.168457 1979.333374 1660.718506 1365.230103 1201.929565 1217.480103 1377.172607 1587.489868 1358.830322 1236.364380 1164.650146 1149.047119 1177.852783 1235.411011 1311.760986,
 1286.217163 1252.593506 1228.524536 1214.862549 1213.426880 1231.998291 1276.245239 1303.824219 1168.204224 1075.557861 1080.815796 1191.791992 1374.224731 1565.731934 1843.577637 1948.425659 2083.768799 2214.838867 2292.590576 2317.619141 2306.734375 2532.146240 2824.596191 3089.730957 3202.807617 3089.730957 2824.596191 2532.146240 2306.734375 2317.619141 2292.590576 2214.838867 2083.768799 1948.425659 1843.577637 1565.731934 1374.224731 1191.791992 1080.815796 1075.557861 1168.204224 1303.824219 1276.245239 1231.998291 1213.426880 1214.862549 1228.524536 1252.593506 1286.217163,
 1216.896240 1179.504761 1138.976562 1094.269531 1049.456299 1018.792114 1010.381104 1177.574707 1105.160522 1055.853271 1050.908936 1093.035400 1173.778931 1266.799561 1491.566406 1562.553589 1654.456421 1744.758179 1798.055542 1814.093628 1804.049072 1949.118164 2115.156494 2261.694580 2324.532227 2261.694580 2115.156494 1949.118164 1804.049072 1814.093628 1798.055542 1744.758179 1654.456421 1562.553589 1491.566406 1266.799561 1173.778931 1093.035400 1050.908936 1055.853271 1105.160522 1177.574707 1010.381104 1018.792114 1049.456299 1094.269531 1138.976562 1179.504761 1216.896240,
 493.271423 462.766052 438.042847 428.933289 437.801392 454.207153 466.175354 949.970764 900.114502 858.474304 844.910828 861.802551 898.964355 936.108215 1348.008545 1385.104614 1429.073853 1458.772827 1451.857300 1420.568970 1385.673584 1556.999878 1663.322510 1767.963501 1814.714966 1767.963501 1663.322510 1556.999878 1385.673584 1420.568970 1451.857300 1458.772827 1429.073853 1385.104614 1348.008545 936.108215 898.964355 861.802551 844.910828 858.474304 900.114502 949.970764 466.175354 454.207153 437.801392 428.933289 438.042847 462.766052 493.271423,
 -1026.475098 -1064.690063 -1069.516724 -1034.181396 -976.850342 -935.465576 -936.541870 6.375935 -35.876984 -60.664539 -49.042801 -7.553349 35.009026 53.356609 988.238037 1011.335327 1033.486572 1039.768066 1019.603943 987.296631 968.055542 1366.865967 1431.912109 1509.499023 1545.566162 1509.499023 1431.912109 1366.865967 968.055542 987.296631 1019.603943 1039.768066 1033.486572 1011.335327 988.238037 53.356609 35.009026 -7.553349 -49.042801 -60.664539 -35.876984 6.375935 -936.541870 -935.465576 -976.850342 -1034.181396 -1069.516724 -1064.690063 -1026.475098,

Auto-correlations of the modulus of each oriented sub-band
 6.318659 7.575672 8.705039 9.306563 9.108483 8.251778 7.195152 7.075493 8.515156 9.834112 10.492826 10.235329 9.207092 7.827367 8.675455 11.028845 13.005885 13.743705 12.931092 11.031012 8.813631 9.367720 12.555644 16.043388 17.709753 16.043388 12.555644 9.367720 8.813631 11.031012 12.931092 13.743705 13.005885 11.028845 8.675455 7.827367 9.207092 10.235329 10.492826 9.834112 8.515156 7.075493 7.195152 8.251778 9.108483 9.306563 8.705039 7.575672 6.318659,
 89.697914 96.191917 103.250443 109.699257 114.351349 117.120308 118.545341 112.013519 125.856644 140.233612 150.191147 152.653381 149.776840 144.627991 140.627243 162.913681 185.792938 198.462479 194.130981 179.800095 163.804459 162.366638 186.461731 210.793365 222.392670 210.793365 186.461731 162.366638 163.804459 179.800095 194.130981 198.462479 185.792938 162.913681 140.627243 144.627991 149.776840 152.653381 150.191147 140.233612 125.856644 112.013519 118.545341 117.120308 114.351349 109.699257 103.250443 96.191917 89.697914,
 191.173874 203.431686 215.047623 218.555832 211.975418 201.942978 193.670486 234.963425 271.519928 313.265228 332.247101 312.944061 275.575226 244.434860 284.452271 350.962524 431.217682 471.025513 432.822418 356.863525 294.493591 311.581970 391.033875 488.910370 539.373291 488.910370 391.033875 311.581970 294.493591 356.863525 432.822418 471.025513 431.217682 350.962524 284.452271 244.434860 275.575226 312.944061 332.247101 313.265228 271.519928 234.963425 193.670486 201.942978 211.975418 218.555832 215.047623 203.431686 191.173874,
 84.907661 82.916031 79.898590 75.378220 69.065125 62.719044 58.508171 100.419952 104.274025 107.502457 106.571365 97.305099 84.133354 74.284821 109.338463 121.848610 136.294540 142.925507 130.666763 109.342293 92.795265 106.564606 124.871750 148.075684 160.803635 148.075684 124.871750 106.564606 92.795265 109.342293 130.666763 142.925507 136.294540 121.848610 109.338463 74.284821 84.133354 97.305099 106.571365 107.502457 104.274025 100.419952 58.508171 62.719044 69.065125 75.378220 79.898590 82.916031 84.907661,
 4.065207 4.954120 5.791398 6.212711 6.020663 5.359208 4.539188 4.844646 5.937609 6.801656 7.087900 6.735664 5.969987 5.072011 5.638428 7.646173 9.370549 9.888950 8.920272 7.157610 5.505075 5.878177 8.541109 11.347375 12.649691 11.347375 8.541109 5.878177 5.505075 7.157610 8.920272 9.888950 9.370549 7.646173 5.638428 5.072011 5.969987 6.735664 7.087900 6.801656 5.937609 4.844646 4.539188 5.359208 6.020663 6.212711 5.791398 4.954120 4.065207,
 44.260101 49.704975 55.510506 60.182220 63.042633 64.095490 63.805656 59.761131 70.620461 81.659584 87.483414 86.610390 82.239845 77.029121 75.972107 92.900803 110.815201 119.073387 112.600754 99.355118 86.739349 86.733864 104.868973 124.745544 134.547760 124.745544 104.868973 86.733864 86.739349 99.355118 112.600754 119.073387 110.815201 92.900803 75.972107 77.029121 82.239845 86.610390 87.483414 81.659584 70.620461 59.761131 63.805656 64.095490 63.042633 60.182220 55.510506 49.704975 44.260101,
 102.029243 116.458130 132.445160 139.720474 131.798370 115.304672 100.986717 119.388855 151.768204 189.606491 208.062729 190.931229 153.482132 121.437027 137.991028 189.519913 252.058762 283.502777 254.469711 192.973068 141.860260 148.763672 208.807083 282.473755 319.499084 282.473755 208.807083 148.763672 141.860260 192.973068 254.469711 283.502777 252.058762 189.519913 137.991028 121.437027 153.482132 190.931229 208.062729 189.606491 151.768204 119.388855 100.986717 115.304672 131.798370 139.720474 132.445160 116.458130 102.029243,
 39.984241 41.593327 41.960270 40.757721 37.430843 32.534725 27.903467 45.613132 50.878506 55.468552 57.579521 53.480850 44.472439 36.069057 49.480026 58.983467 69.778320 76.432587 70.265503 56.192368 44.163574 49.212276 61.718140 77.162201 85.654175 77.162201 61.718140 49.212276 44.163574 56.192368 70.265503 76.432587 69.778320 58.983467 49.480026 36.069057 44.472439 53.480850 57.579521 55.468552 50.878506 45.613132 27.903467 32.534725 37.430843 40.757721 41.960270 41.593327 39.984241,
 0.920995 1.556594 2.158036 2.487513 2.407123 1.946197 1.328554 1.550183 2.388644 3.112120 3.431306 3.237354 2.626172 1.840105 2.317628 3.594563 4.804957 5.255693 4.653371 3.436553 2.203588 2.601092 4.268150 6.052977 6.891250 6.052977 4.268150 2.601092 2.203588 3.436553 4.653371 5.255693 4.804957 3.594563 2.317628 1.840105 2.626172 3.237354 3.431306 3.112120 2.388644 1.550183 1.328554 1.946197 2.407123 2.487513 2.158036 1.556594 0.920995,
 17.497335 20.378828 24.389656 28.200716 29.173573 25.536432 17.791811 26.406101 33.709423 41.456425 45.617790 43.634655 36.124378 25.244656 32.864609 45.280758 58.455051 64.198158 58.332134 45.667759 31.894205 34.924187 49.745296 65.473022 73.005920 65.473022 49.745296 34.924187 31.894205 45.667759 58.332134 64.198158 58.455051 45.280758 32.864609 25.244656 36.124378 43.634655 45.617790 41.456425 33.709423 26.406101 17.791811 25.536432 29.173573 28.200716 24.389656 20.378828 17.497335,
 50.367191 66.803619 81.458313 88.417419 82.515167 64.890640 43.983807 68.364464 95.928246 123.068184 136.166901 124.273262 93.690010 61.584114 80.173111 119.651459 161.339737 181.447678 162.130966 118.239624 76.162247 83.114975 128.610672 177.831238 201.353943 177.831238 128.610672 83.114975 76.162247 118.239624 162.130966 181.447678 161.339737 119.651459 80.173111 61.584114 93.690010 124.273262 136.166901 123.068184 95.928246 68.364464 43.983807 64.890640 82.515167 88.417419 81.458313 66.803619 50.367191,
 5.835145 7.046184 8.054065 8.444558 7.359691 5.399908 4.613136 8.944893 11.675875 14.334894 15.791213 14.157623 10.268854 7.439033 11.458667 15.804040 21.090141 24.601839 21.816528 15.197967 10.280650 11.935130 17.305513 24.795736 29.094147 24.795736 17.305513 11.935130 10.280650 15.197967 21.816528 24.601839 21.090141 15.804040 11.458667 7.439033 10.268854 14.157623 15.791213 14.334894 11.675875 8.944893 4.613136 5.399908 7.359691 8.444558 8.054065 7.046184 5.835145,
 -0.151064 0.900034 1.882903 2.371963 2.191818 1.463107 0.512430 0.437577 1.384135 2.117577 2.278568 1.869318 1.091523 0.208860 0.900798 2.323027 3.522246 3.846766 3.115995 1.792066 0.451381 0.967020 2.839658 4.694030 5.531828 4.694030 2.839658 0.967020 0.451381 1.792066 3.115995 3.846766 3.522246 2.323027 0.900798 0.208860 1.091523 1.869318 2.278568 2.117577 1.384135 0.437577 0.512430 1.463107 2.191818 2.371963 1.882903 0.900034 -0.151064,
 -7.863194 -4.598157 0.685163 5.978189 9.363256 9.609741 7.284657 -2.656433 3.188053 9.552450 13.307116 13.364531 10.917231 7.673340 2.016736 11.368970 20.563974 24.119087 20.214617 12.667924 6.048106 4.376549 14.310459 25.104124 30.062471 25.104124 14.310459 4.376549 6.048106 12.667924 20.214617 24.119087 20.563974 11.368970 2.016736 7.673340 10.917231 13.364531 13.307116 9.552450 3.188053 -2.656433 7.284657 9.609741 9.363256 5.978189 0.685163 -4.598157 -7.863194,
 -9.522255 -4.783993 2.841535 8.638863 10.327938 8.042330 3.339804 -0.129182 7.895875 19.524345 26.821033 25.141838 17.351723 9.781055 9.946714 21.841026 38.266560 47.648781 41.721043 27.404408 16.172190 16.755878 30.277012 48.520775 57.917465 48.520775 30.277012 16.755878 16.172190 27.404408 41.721043 47.648781 38.266560 21.841026 9.946714 9.781055 17.351723 25.141838 26.821033 19.524345 7.895875 -0.129182 3.339804 8.042330 10.327938 8.638863 2.841535 -4.783993 -9.522255,
 0.131981 2.228128 3.998322 4.272877 3.460541 2.122672 0.794063 2.542430 5.304267 7.458277 8.261245 7.235204 4.456577 1.843909 4.284682 7.909451 11.340543 13.404680 11.739245 7.364655 3.586831 4.745936 8.927660 13.673938 16.243340 13.673938 8.927660 4.745936 3.586831 7.364655 11.739245 13.404680 11.340543 7.909451 4.284682 1.843909 4.456577 7.235204 8.261245 7.458277 5.304267 2.542430 0.794063 2.122672 3.460541 4.272877 3.998322 2.228128 0.131981,

Pairwise cross-correlations of the modulus of all oriented sub-bands at the same scale (size QxQ)
 17.709753 25.161718 20.222805 18.260811,
 25.161718 222.392700 243.464340 35.128090,
 20.222805 243.464340 539.373413 179.461502,
 18.260811 35.128090 179.461502 160.803650,
 12.649691 17.474777 15.248996 10.710445,
 17.474777 134.547791 149.460236 22.295341,
 15.248996 149.460236 319.499084 98.835068,
 10.710445 22.295341 98.835068 85.654182,
 6.891250 6.161808 5.615239 4.181058,
 6.161808 73.005920 98.912308 18.452637,
 5.615239 98.912308 201.353943 49.609985,
 4.181058 18.452637 49.609985 29.094147,
 5.531828 4.242316 -1.524662 -0.260011,
 4.242316 30.062473 25.445415 0.851316,
 -1.524662 25.445415 57.917473 12.831923,
 -0.260011 0.851316 12.831923 16.243340,

Cross-correlations of the modulus of all oriented sub-bands with all oriented sub-bands at the coarser scale (size QxQ)
 9.484052 14.329609 10.797706 9.099411,
 18.343233 69.399879 63.661583 11.367079,
 20.625624 67.800346 112.814819 51.902451,
 12.459854 8.734484 46.447369 51.500389,
 5.680140 8.186971 6.561606 5.129512,
 8.818908 34.574451 38.380974 10.974859,
 8.813078 38.369598 62.420258 23.863861,
 5.780743 1.160682 4.370653 16.217354,
 3.988893 5.628219 2.632885 1.356477,
 4.923161 9.324012 4.295596 3.197090,
 6.115445 13.034811 9.832354 13.318957,
 3.758699 8.565977 9.500911 8.404643,

Cross-correlations of the real part of each oriented sub-band with both the real and imaginary part of all phase-doubled oriented sub-bands at the next coarser scale (Q matrices of size 1x2Q, which are computed and stored in a matrix of size Qx2Q)
 -1.564322 -2.357027 -1.310882 -1.951650 1.647227 -0.386486 -0.350207 -0.615701,
 -3.197726 -22.105783 -16.669552 -6.167918 0.813832 -6.786672 -8.960597 1.019589,
 -2.770144 -23.717537 -31.571501 -31.917412 0.414476 -8.747609 -12.999150 5.701111,
 -1.611022 -2.716841 -13.435669 -24.780846 0.878100 -1.192829 -1.981459 2.224036,
 -0.388044 -1.454775 -0.798595 -0.506168 1.274630 0.364828 0.280884 0.189970,
 -1.051196 -16.140297 -20.026052 -4.619040 0.208587 9.657488 14.606160 3.735693,
 -0.490045 -19.504648 -44.540630 -22.974985 -0.166716 16.062946 39.086903 13.564803,
 0.034838 -3.053619 -15.429063 -14.518700 0.634620 3.661900 15.065322 8.030473,
 -0.221916 -2.006231 -0.935142 -0.142801 -0.385490 0.281461 0.060882 -0.549385,
 -1.257933 -12.229605 0.834538 1.554943 -0.254772 6.588882 12.931444 3.155518,
 -0.948789 -7.821043 11.173958 0.092085 -0.019818 11.174601 37.353073 6.600821,
 -0.072175 0.333691 3.693380 -3.807124 -0.076031 2.253722 13.471425 -0.094119,
