Low-band skewness and kurtosis
 -0.461137 2.167159,
 -0.442534 2.512789,
 -0.402010 2.703661,
 -0.263958 2.219417,
 -0.192976 1.984357,

High-band variance
 1037.129639,

Skewness, kurtosis, variance, mean, maximum and minimum of the reconstructed texture
 -0.615293 1.924866 5570.891113 187.513916 255.000000 5.000000,

Auto-correlations of the low-frequency bands at each scale
 609.350159 582.821777 613.396484 680.963257 755.153320 818.319946 861.418030 1206.473267 926.826294 689.314575 538.996033 488.803589 532.565918 638.975830 3020.057129 2960.558105 2813.717773 2584.864990 2294.061035 2013.408081 1805.621582 3506.113281 3879.289551 4180.835938 4302.741211 4180.835938 3879.289551 3506.113281 1805.621582 2013.408081 2294.061035 2584.864990 2813.717773 2960.558105 3020.057129 638.975830 532.565918 488.803589 538.996033 689.314575 926.826294 1206.473267 861.418030 818.319946 755.153320 680.963257 613.396484 582.821777 609.350159,
 650.329102 633.606140 646.533752 686.493652 740.660706 791.452576 826.005615 902.920044 750.647522 627.266602 555.253174 542.848633 591.860779 685.645386 1888.609497 1888.025635 1836.622803 1720.729858 1549.702881 1387.079834 1282.837280 2204.769531 2451.022949 2659.650391 2747.031494 2659.650391 2451.022949 2204.769531 1282.837280 1387.079834 1549.702881 1720.729858 1836.622803 1888.025635 1888.609497 685.645386 591.860779 542.848633 555.253174 627.266602 750.647522 902.920044 826.005615 791.452576 740.660706 686.493652 646.533752 633.606140 650.329102,
 703.390564 695.708801 699.491272 711.269287 726.929260 741.775818 748.227600 766.731262 706.886841 659.734253 637.743164 646.354004 685.703247 738.156189 1249.601318 1267.497437 1271.977051 1239.888672 1166.390137 1096.426880 1061.749268 1485.950684 1614.424316 1743.354980 1802.614502 1743.354980 1614.424316 1485.950684 1061.749268 1096.426880 1166.390137 1239.888672 1271.977051 1267.497437 1249.601318 738.156189 685.703247 646.354004 637.743164 659.734253 706.886841 766.731262 748.227600 741.775818 726.929260 711.269287 699.491272 695.708801 703.390564,
 277.524811 273.818481 270.337311 267.177399 262.247040 257.807495 255.199081 628.450562 599.273438 570.294189 551.675842 546.159424 555.289307 570.696777 968.296570 986.721863 1001.253113 995.046875 960.280212 923.674377 903.070007 1113.303223 1182.683716 1257.305542 1293.202148 1257.305542 1182.683716 1113.303223 903.070007 923.674377 960.280212 995.046875 1001.253113 986.721863 968.296570 570.696777 555.289307 546.159424 551.675842 570.294189 599.273438 628.450562 255.199081 257.807495 262.247040 267.177399 270.337311 273.818481 277.524811,
 -612.995422 -630.300476 -658.186768 -675.866699 -668.212769 -645.292664 -624.127991 -103.833031 -103.424599 -116.499748 -135.577011 -146.070129 -141.550507 -128.124649 631.230164 659.192871 681.183350 676.953491 646.269165 615.818970 604.840271 987.240662 1026.274780 1077.357544 1102.589233 1077.357544 1026.274780 987.240662 604.840271 615.818970 646.269165 676.953491 681.183350 659.192871 631.230164 -128.124649 -141.550507 -146.070129 -135.577011 -116.499748 -103.424599 -103.833031 -624.127991 -645.292664 -668.212769 -675.866699 -658.186768 -630.300476 -612.995422,

Auto-correlations of the modulus of each oriented sub-band
 5.531844 7.109536 8.403103 8.834072 8.132784 6.575257 4.751121 6.461482 8.342031 9.838863 10.323304 9.523733 7.737646 5.609298 7.404994 9.836971 11.989713 13.003553 12.237483 9.931221 7.070214 7.799411 11.062132 14.068766 15.350832 14.068766 11.062132 7.799411 7.070214 9.931221 12.237483 13.003553 11.989713 9.836971 7.404994 5.609298 7.737646 9.523733 10.323304 9.838863 8.342031 6.461482 4.751121 6.575257 8.132784 8.834072 8.403103 7.109536 5.531844,
 15.562206 17.165075 19.654572 21.654778 21.624592 20.496435 20.000011 25.893639 30.338524 37.495655 41.639214 39.057735 34.255257 31.644829 37.439217 45.551159 59.366665 66.870377 59.400387 47.823978 41.608086 44.052879 53.100380 69.638664 79.824722 69.638664 53.100380 44.052879 41.608086 47.823978 59.400387 66.870377 59.366665 45.551159 37.439217 31.644829 34.255257 39.057735 41.639214 37.495655 30.338524 25.893639 20.000011 20.496435 21.624592 21.654778 19.654572 17.165075 15.562206,
 126.235764 131.320648 134.487595 133.079758 123.730179 109.425285 96.472992 212.527512 239.272339 262.756287 269.862213 249.900208 211.862549 173.723770 295.408905 354.548798 410.452118 432.928284 400.599518 333.227448 264.768280 319.014648 398.543152 476.557129 512.011658 476.557129 398.543152 319.014648 264.768280 333.227448 400.599518 432.928284 410.452118 354.548798 295.408905 173.723770 211.862549 249.900208 269.862213 262.756287 239.272339 212.527512 96.472992 109.425285 123.730179 133.079758 134.487595 131.320648 126.235764,
 71.016548 69.884239 67.700623 64.189301 59.234299 53.449181 48.290359 101.117210 105.528770 107.510010 105.056267 96.512650 83.400581 70.262474 124.495911 139.044754 150.931732 153.886383 142.981110 122.214462 100.657532 124.297218 147.066650 168.350372 177.770935 168.350372 147.066650 124.297218 100.657532 122.214462 142.981110 153.886383 150.931732 139.044754 124.495911 70.262474 83.400581 96.512650 105.056267 107.510010 105.528770 101.117210 48.290359 53.449181 59.234299 64.189301 67.700623 69.884239 71.016548,
 3.150135 4.482818 5.649965 6.065012 5.490963 4.243154 2.906535 3.696869 5.289985 6.705425 7.298835 6.761514 5.369038 3.770378 4.812037 7.131672 9.367971 10.473229 9.737753 7.572247 5.121026 5.677940 8.703596 11.682926 13.000578 11.682926 8.703596 5.677940 5.121026 7.572247 9.737753 10.473229 9.367971 7.131672 4.812037 3.770378 5.369038 6.761514 7.298835 6.705425 5.289985 3.696869 2.906535 4.243154 5.490963 6.065012 5.649965 4.482818 3.150135,
 8.695323 10.856371 12.558606 12.708045 11.853663 11.349812 11.482045 17.543978 21.831743 25.522209 25.715282 23.225029 21.172110 20.380598 26.858595 33.565594 41.042004 42.889351 37.694897 31.853680 28.491167 31.368740 37.709129 46.796951 52.020493 46.796951 37.709129 31.368740 28.491167 31.853680 37.694897 42.889351 41.042004 33.565594 26.858595 20.380598 21.172110 23.225029 25.715282 25.522209 21.831743 17.543978 11.482045 11.349812 11.853663 12.708045 12.558606 10.856371 8.695323,
 21.497675 31.724016 40.781448 46.612785 47.643349 44.453140 38.306999 72.680679 98.695450 121.511154 133.169067 128.742767 111.980453 90.699051 136.528091 183.476196 225.616486 244.870636 230.001129 191.425232 147.658279 170.830627 227.372284 279.058960 301.624512 279.058960 227.372284 170.830627 147.658279 191.425232 230.001129 244.870636 225.616486 183.476196 136.528091 90.699051 111.980453 128.742767 133.169067 121.511154 98.695450 72.680679 38.306999 44.453140 47.643349 46.612785 40.781448 31.724016 21.497675,
 28.407728 31.712276 33.911263 34.676353 33.480072 30.612228 27.628359 44.076950 51.251503 57.032162 59.589363 56.727764 49.564064 42.326065 60.837238 73.643074 85.633705 91.565498 85.945625 72.400230 59.063374 67.693497 83.873917 100.358521 108.198425 100.358521 83.873917 67.693497 59.063374 72.400230 85.945625 91.565498 85.633705 73.643074 60.837238 42.326065 49.564064 56.727764 59.589363 57.032162 51.251503 44.076950 27.628359 30.612228 33.480072 34.676353 33.911263 31.712276 28.407728,
 2.496710 3.529283 4.496294 4.907977 4.465413 3.327188 1.948142 3.092152 4.332292 5.424239 5.842646 5.267258 3.898310 2.295729 3.755600 5.874225 7.834864 8.675758 7.779194 5.593049 3.197663 4.116090 7.120221 10.011175 11.271759 10.011175 7.120221 4.116090 3.197663 5.593049 7.779194 8.675758 7.834864 5.874225 3.755600 2.295729 3.898310 5.267258 5.842646 5.424239 4.332292 3.092152 1.948142 3.327188 4.465413 4.907977 4.496294 3.529283 2.496710,
 3.730078 5.540922 6.826382 6.693974 5.524191 4.646230 4.582456 6.392575 10.871425 14.609483 15.103106 12.820403 10.676461 9.954139 11.847035 18.664480 25.840141 28.013290 23.801384 18.567839 15.616496 16.230440 22.270927 30.513424 35.025818 30.513424 22.270927 16.230440 15.616496 18.567839 23.801384 28.013290 25.840141 18.664480 11.847035 9.954139 10.676461 12.820403 15.103106 14.609483 10.871425 6.392575 4.582456 4.646230 5.524191 6.693974 6.826382 5.540922 3.730078,
 39.201027 38.298576 35.926838 30.964680 20.925961 10.926146 5.911757 56.259045 67.309509 75.205788 73.036819 57.521019 38.688946 25.120159 74.524643 100.072830 123.744766 130.471054 111.538864 81.964951 56.757339 77.838791 109.684677 143.188599 159.403793 143.188599 109.684677 77.838791 56.757339 81.964951 111.538864 130.471054 123.744766 100.072830 74.524643 25.120159 38.688946 57.521019 73.036819 75.205788 67.309509 56.259045 5.911757 10.926146 20.925961 30.964680 35.926838 38.298576 39.201027,
 14.736996 16.454777 15.527570 12.475245 8.005172 3.101319 -0.938378 22.142632 27.699835 29.991192 28.749352 23.126606 14.601496 7.023164 27.849726 37.737335 46.402706 50.060699 43.676609 30.765108 19.087107 27.367680 40.165146 54.170738 61.165249 54.170738 40.165146 27.367680 19.087107 30.765108 43.676609 50.060699 46.402706 37.737335 27.849726 7.023164 14.601496 23.126606 28.749352 29.991192 27.699835 22.142632 -0.938378 3.101319 8.005172 12.475245 15.527570 16.454777 14.736996,
 -0.834174 0.317483 1.310764 1.630482 1.148774 0.197136 -0.677414 -0.199821 1.250015 2.515277 2.992496 2.465980 1.291600 0.133352 0.543910 2.545634 4.442307 5.311317 4.657301 2.912899 1.046214 1.294283 3.636035 5.883026 6.851612 5.883026 3.636035 1.294283 1.046214 2.912899 4.657301 5.311317 4.442307 2.545634 0.543910 0.133352 1.291600 2.465980 2.992496 2.515277 1.250015 -0.199821 -0.677414 0.197136 1.148774 1.630482 1.310764 0.317483 -0.834174,
 0.490977 1.333023 1.854640 2.203022 1.930741 0.749314 -0.921430 5.137554 7.097085 7.833817 7.281638 6.014023 4.325411 2.422614 8.813852 12.449008 15.169208 14.989521 12.345384 9.306058 6.631206 9.365538 13.099197 17.222916 19.350721 17.222916 13.099197 9.365538 6.631206 9.306058 12.345384 14.989521 15.169208 12.449008 8.813852 2.422614 4.325411 6.014023 7.281638 7.833817 7.097085 5.137554 -0.921430 0.749314 1.930741 2.203022 1.854640 1.333023 0.490977,
 -15.540976 -15.951589 -7.800645 1.011281 -0.462256 -3.301391 -1.568577 -5.713339 -1.886611 10.245193 21.437943 17.879913 10.615952 7.925250 6.609883 15.501503 31.848824 44.485764 37.027191 23.632774 15.270387 15.117918 26.388012 43.861946 55.276989 43.861946 26.388012 15.117918 15.270387 23.632774 37.027191 44.485764 31.848824 15.501503 6.609883 7.925250 10.615952 17.879913 21.437943 10.245193 -1.886611 -5.713339 -1.568577 -3.301391 -0.462256 1.011281 -7.800645 -15.951589 -15.540976,
 -0.869485 -0.571131 0.140203 1.460542 2.662438 3.066358 2.400950 2.289660 3.992519 6.113898 8.249568 8.781591 6.974684 4.263602 4.537354 8.502102 13.608134 17.362261 16.103815 10.731585 5.556136 5.581790 11.418361 18.607145 22.284279 18.607145 11.418361 5.581790 5.556136 10.731585 16.103815 17.362261 13.608134 8.502102 4.537354 4.263602 6.974684 8.781591 8.249568 6.113898 3.992519 2.289660 2.400950 3.066358 2.662438 1.460542 0.140203 -0.571131 -0.869485,

Pairwise cross-correlations of the modulus of all oriented sub-bands at the same scale (size QxQ)
 15.350836 5.708544 3.406749 13.944292,
 5.708544 79.824738 137.033768 34.860287,
 3.406749 137.033768 512.011719 230.217422,
 13.944292 34.860287 230.217422 177.770966,
 13.000578 6.584547 0.534071 9.120157,
 6.584547 52.020496 80.047951 19.355438,
 0.534071 80.047951 301.624512 129.134598,
 9.120157 19.355438 129.134598 108.198433,
 11.271761 9.246280 4.459047 10.256006,
 9.246280 35.025826 43.086273 17.130981,
 4.459047 43.086273 159.403793 63.356636,
 10.256006 17.130981 63.356636 61.165253,
 6.851613 6.319575 4.533750 6.030661,
 6.319575 19.350723 15.628748 8.912052,
 4.533750 15.628748 55.276993 19.744619,
 6.030661 8.912052 19.744619 22.284279,

Cross-correlations of the modulus of all oriented sub-bands with all oriented sub-bands at the coarser scale (size QxQ)
 10.265010 4.699518 -1.192060 10.594960,
 5.803044 19.464289 16.412411 2.214063,
 3.295939 8.825336 40.393154 21.260534,
 6.648292 -7.394984 10.930927 28.899488,
 8.620767 9.162153 1.636160 10.293324,
 3.922418 9.051201 -4.828414 -5.083933,
 -0.634982 0.643339 12.176720 -10.022717,
 5.453717 3.605760 16.757429 14.949109,
 6.326988 7.409740 1.963227 6.097972,
 5.339821 10.937298 7.311397 7.437795,
 3.064588 15.790682 45.700623 10.341864,
 6.231753 10.285656 17.535734 12.391675,

Cross-correlations of the real part of each oriented sub-band with both the real and imaginary part of all phase-doubled oriented sub-bands at the next coarser scale (Q matrices of size 1x2Q, which are computed and stored in a matrix of size Qx2Q)
 -1.069681 -0.905368 -1.427523 -2.394322 0.747976 0.126792 0.071470 0.056291,
 -0.436958 -22.306503 -28.223795 -8.775473 0.266503 5.629000 9.858803 0.997281,
 -1.627212 -38.943909 -77.125420 -51.739639 -0.119317 8.843216 16.632561 1.828282,
 -2.484728 -9.055750 -36.703979 -39.078358 0.153913 1.380410 2.872676 1.037435,
 -0.225870 -1.017552 -0.412892 -0.252496 -1.272661 -0.461555 -0.213036 -0.020046,
 -0.187837 -18.286882 -21.195162 -5.542438 -0.502894 -2.621502 -9.443954 -1.434868,
 -0.393380 -30.756157 -58.352547 -20.445999 0.332093 -5.302969 -27.338165 -0.848118,
 -0.716410 -7.576451 -24.271576 -10.009014 -0.218808 -2.290665 -10.799041 1.778007,
 0.256801 -0.311276 -0.182530 -0.318619 -1.625460 -1.127071 0.016665 1.598733,
 -0.106473 -3.960929 5.536769 5.089797 -0.967229 -3.908219 0.134610 -0.601276,
 -0.135204 -1.143824 30.250925 20.804384 -0.464810 2.310696 3.468481 0.974249,
 0.092197 1.941293 14.642712 9.276676 -1.152525 1.963053 1.627606 4.835076,
