Low-band skewness and kurtosis
 -0.630352 2.226635,
 -0.561979 2.311325,
 -0.471730 2.124504,
 -0.354089 1.868683,
 -0.180813 1.661008,

High-band variance
 955.659668,

Skewness, kurtosis, variance, mean, maximum and minimum of the reconstructed texture
 -0.734343 2.044960 6088.893555 189.658447 255.000000 1.000000,

Auto-correlations of the low-frequency bands at each scale
 2080.595947 2036.457275 1992.997803 1962.061035 1964.256348 2021.346191 2137.575439 2307.371826 2104.724854 1942.597534 1913.464844 2055.134766 2325.607178 2615.938721 3125.468506 3257.835938 3428.589111 3583.505615 3658.727295 3645.680664 3555.833252 3898.679688 4361.261719 4769.896484 4939.800781 4769.896484 4361.261719 3898.679688 3555.833252 3645.680664 3658.727295 3583.505615 3428.589111 3257.835938 3125.468506 2615.938721 2325.607178 2055.134766 1913.464844 1942.597534 2104.724854 2307.371826 2137.575439 2021.346191 1964.256348 1962.061035 1992.997803 2036.457275 2080.595947,
 1921.570068 1903.464478 1888.085571 1885.773682 1910.526489 1969.684937 2053.911377 2009.733887 1926.822754 1875.448730 1900.068359 2007.675293 2166.373047 2314.741211 2534.982422 2619.736084 2741.848877 2858.710205 2912.054932 2892.884521 2817.188477 3044.447510 3316.674072 3563.245605 3668.103760 3563.245605 3316.674072 3044.447510 2817.188477 2892.884521 2912.054932 2858.710205 2741.848877 2619.736084 2534.982422 2314.741211 2166.373047 2007.675293 1900.068359 1875.448730 1926.822754 2009.733887 2053.911377 1969.684937 1910.526489 1885.773682 1888.085571 1903.464478 1921.570068,
 1587.528076 1537.235107 1490.474854 1466.710083 1484.698975 1555.243652 1662.536621 1791.820435 1720.211914 1680.458008 1708.302490 1804.965088 1940.833008 2060.724609 2170.746826 2231.992676 2329.301514 2428.772217 2476.036377 2454.650879 2379.824951 2472.460449 2670.965576 2855.002930 2933.474365 2855.002930 2670.965576 2472.460449 2379.824951 2454.650879 2476.036377 2428.772217 2329.301514 2231.992676 2170.746826 2060.724609 1940.833008 1804.965088 1708.302490 1680.458008 1720.211914 1791.820435 1662.536621 1555.243652 1484.698975 1466.710083 1490.474854 1537.235107 1587.528076,
 545.428711 571.181824 588.881104 590.963135 581.288452 575.509705 586.914062 1283.643921 1262.699707 1232.856079 1221.650391 1244.760620 1295.113525 1342.875610 1889.536377 1914.989136 1966.889038 2026.398804 2059.745117 2055.931152 2018.798340 2214.055908 2318.646484 2427.495361 2476.758545 2427.495361 2318.646484 2214.055908 2018.798340 2055.931152 2059.745117 2026.398804 1966.889038 1914.989136 1889.536377 1342.875610 1295.113525 1244.760620 1221.650391 1232.856079 1262.699707 1283.643921 586.914062 575.509705 581.288452 590.963135 588.881104 571.181824 545.428711,
 -1369.678223 -1402.205444 -1426.919922 -1419.615723 -1382.153320 -1346.418091 -1335.270264 -80.859039 -130.305191 -147.178879 -116.755997 -63.440655 -22.735111 -12.086979 1314.483887 1326.460938 1376.696411 1432.211426 1447.893921 1419.373535 1374.947510 1981.235596 2054.664551 2143.528809 2185.284424 2143.528809 2054.664551 1981.235596 1374.947510 1419.373535 1447.893921 1432.211426 1376.696411 1326.460938 1314.483887 -12.086979 -22.735111 -63.440655 -116.755997 -147.178879 -130.305191 -80.859039 -1335.270264 -1346.418091 -1382.153320 -1419.615723 -1426.919922 -1402.205444 -1369.678223,

Auto-correlations of the modulus of each oriented sub-band
 5.850699 6.996082 8.053027 8.544503 8.233113 7.355492 6.376060 6.627612 7.907623 8.972374 9.406386 9.040710 8.050789 6.865782 8.124929 10.268024 12.085857 12.634811 11.691790 9.874668 7.956200 8.727900 11.693518 14.908712 16.426971 14.908712 11.693518 8.727900 7.956200 9.874668 11.691790 12.634811 12.085857 10.268024 8.124929 6.865782 8.050789 9.040710 9.406386 8.972374 7.907623 6.627612 6.376060 7.355492 8.233113 8.544503 8.053027 6.996082 5.850699,
 110.532547 117.131516 125.365677 133.300781 138.978561 142.496750 144.684967 132.692261 146.148468 161.524384 172.871033 176.295197 174.078705 169.463776 159.534805 180.192169 203.038727 216.403656 212.717377 199.192413 184.443588 180.543732 202.504120 225.824387 237.196838 225.824387 202.504120 180.543732 184.443588 199.192413 212.717377 216.403656 203.038727 180.192169 159.534805 169.463776 174.078705 176.295197 172.871033 161.524384 146.148468 132.692261 144.684967 142.496750 138.978561 133.300781 125.365677 117.131516 110.532547,
 197.711319 209.232468 222.070297 227.195648 220.238602 208.689865 200.040085 254.413467 288.759186 327.111877 343.412354 323.155090 285.724579 255.098251 307.817169 368.642242 440.121277 473.858337 437.289246 366.628815 308.504181 330.941071 403.249664 491.103485 535.807800 491.103485 403.249664 330.941071 308.504181 366.628815 437.289246 473.858337 440.121277 368.642242 307.817169 255.098251 285.724579 323.155090 343.412354 327.111877 288.759186 254.413467 200.040085 208.689865 220.238602 227.195648 222.070297 209.232468 197.711319,
 78.414078 78.765747 77.695564 73.994415 67.559013 60.670868 55.195740 97.618050 102.499413 106.377502 105.641930 97.133087 84.662849 74.088020 109.693932 121.453918 134.799286 140.775391 130.019257 110.576736 94.462654 108.475212 125.464561 146.459824 157.727173 146.459824 125.464561 108.475212 94.462654 110.576736 130.019257 140.775391 134.799286 121.453918 109.693932 74.088020 84.662849 97.133087 105.641930 106.377502 102.499413 97.618050 55.195740 60.670868 67.559013 73.994415 77.695564 78.765747 78.414078,
 3.631255 4.503173 5.263456 5.560331 5.254934 4.508979 3.705246 4.395858 5.410028 6.169534 6.327424 5.838048 4.927330 3.968251 5.294495 6.996912 8.507462 8.950413 8.024754 6.373465 4.799339 5.586131 7.901099 10.408760 11.604303 10.408760 7.901099 5.586131 4.799339 6.373465 8.024754 8.950413 8.507462 6.996912 5.294495 3.968251 4.927330 5.838048 6.327424 6.169534 5.410028 4.395858 3.705246 4.508979 5.254934 5.560331 5.263456 4.503173 3.631255,
 45.886566 50.102818 54.267479 57.164761 59.069267 60.084484 59.455101 56.582607 66.928978 77.375793 82.388367 80.997696 76.662575 71.314911 70.617371 87.431671 105.303329 113.466629 107.015823 93.754166 80.875793 80.966881 99.298180 119.308746 129.172699 119.308746 99.298180 80.966881 80.875793 93.754166 107.015823 113.466629 105.303329 87.431671 70.617371 71.314911 76.662575 80.997696 82.388367 77.375793 66.928978 56.582607 59.455101 60.084484 59.069267 57.164761 54.267479 50.102818 45.886566,
 75.990189 81.149124 87.168190 89.284607 83.537712 71.258133 57.666138 102.575302 124.254288 147.337296 156.899048 143.275101 114.733261 86.417984 127.539009 169.352875 215.068695 235.822922 212.460663 163.636078 118.205254 135.107193 187.631226 245.983856 274.054688 245.983856 187.631226 135.107193 118.205254 163.636078 212.460663 235.822922 215.068695 169.352875 127.539009 86.417984 114.733261 143.275101 156.899048 147.337296 124.254288 102.575302 57.666138 71.258133 83.537712 89.284607 87.168190 81.149124 75.990189,
 22.247065 23.890673 25.424183 25.895100 24.954052 22.666330 20.014189 30.530762 34.355911 37.969086 40.022919 38.119400 32.317451 26.096203 37.416805 44.905750 53.437241 58.857670 54.759216 43.848980 33.700542 38.521614 49.271118 61.994068 68.708878 61.994068 49.271118 38.521614 33.700542 43.848980 54.759216 58.857670 53.437241 44.905750 37.416805 26.096203 32.317451 38.119400 40.022919 37.969086 34.355911 30.530762 20.014189 22.666330 24.954052 25.895100 25.424183 23.890673 22.247065,
 1.468270 2.065287 2.423817 2.569654 2.573202 2.392308 2.063199 1.944568 2.687149 3.122246 3.148604 2.880141 2.459371 2.012624 2.491292 3.908137 5.163518 5.482135 4.688396 3.428065 2.363017 2.781226 4.527321 6.541357 7.528286 6.541357 4.527321 2.781226 2.363017 3.428065 4.688396 5.482135 5.163518 3.908137 2.491292 2.012624 2.459371 2.880141 3.148604 3.122246 2.687149 1.944568 2.063199 2.392308 2.573202 2.569654 2.423817 2.065287 1.468270,
 16.139835 22.752081 29.326569 35.432507 40.340172 43.258224 44.263409 27.034389 37.110321 47.257366 54.503632 56.933048 55.196724 51.155613 40.184181 54.474434 68.841537 76.770981 74.217880 64.911835 54.069054 50.581173 65.832916 80.771072 87.681183 80.771072 65.832916 50.581173 54.069054 64.911835 74.217880 76.770981 68.841537 54.474434 40.184181 51.155613 55.196724 56.933048 54.503632 47.257366 37.110321 27.034389 44.263409 43.258224 40.340172 35.432507 29.326569 22.752081 16.139835,
 29.847084 36.865471 38.472588 32.733841 21.707115 11.423250 6.968906 38.506580 53.631893 65.686676 64.795753 47.285477 24.457096 9.294224 44.303535 72.415718 101.923828 111.462196 88.296463 50.495670 21.392309 37.308552 72.994362 115.499184 136.593018 115.499184 72.994362 37.308552 21.392309 50.495670 88.296463 111.462196 101.923828 72.415718 44.303535 9.294224 24.457096 47.285477 64.795753 65.686676 53.631893 38.506580 6.968906 11.423250 21.707115 32.733841 38.472588 36.865471 29.847084,
 11.458820 13.541586 14.862301 15.232071 14.710730 12.964737 10.065636 14.431711 18.532906 21.912086 23.749035 22.989635 19.318008 14.474247 17.896553 24.386158 30.734142 34.495743 32.429966 25.664406 18.489281 19.824053 27.781855 36.119816 40.185921 36.119816 27.781855 19.824053 18.489281 25.664406 32.429966 34.495743 30.734142 24.386158 17.896553 14.474247 19.318008 22.989635 23.749035 21.912086 18.532906 14.431711 10.065636 12.964737 14.710730 15.232071 14.862301 13.541586 11.458820,
 0.009918 0.614409 1.221061 1.517713 1.299891 0.678317 -0.049420 -0.180546 0.381342 0.962408 1.284799 1.147130 0.625694 0.005790 0.260383 1.085909 2.010748 2.451884 2.087238 1.204806 0.322207 0.685938 2.009107 3.473040 4.162912 3.473040 2.009107 0.685938 0.322207 1.204806 2.087238 2.451884 2.010748 1.085909 0.260383 0.005790 0.625694 1.147130 1.284799 0.962408 0.381342 -0.180546 -0.049420 0.678317 1.299891 1.517713 1.221061 0.614409 0.009918,
 -5.648005 -4.831397 -0.379842 6.214735 11.876383 13.654785 11.484300 -1.650125 2.276807 9.970247 17.736887 21.374292 19.169006 13.326138 3.535832 11.208822 22.168430 29.774475 28.883488 21.298132 12.594831 8.879831 18.516153 29.990345 35.489056 29.990345 18.516153 8.879831 12.594831 21.298132 28.883488 29.774475 22.168430 11.208822 3.535832 13.326138 19.169006 21.374292 17.736887 9.970247 2.276807 -1.650125 11.484300 13.654785 11.876383 6.214735 -0.379842 -4.831397 -5.648005,
 -24.074066 -19.150705 -6.134192 9.308702 19.801287 21.883013 16.379044 -21.626909 -9.357492 13.066680 33.597847 39.361702 30.727400 17.446241 -9.051621 11.389328 42.455032 64.632759 60.124191 37.329376 15.976293 6.508225 31.125570 63.643120 80.168777 63.643120 31.125570 6.508225 15.976293 37.329376 60.124191 64.632759 42.455032 11.389328 -9.051621 17.446241 30.727400 39.361702 33.597847 13.066680 -9.357492 -21.626909 16.379044 21.883013 19.801287 9.308702 -6.134192 -19.150705 -24.074066,
 0.092298 1.501632 2.048900 1.335922 0.329878 0.284229 1.081068 1.943197 4.110086 5.771978 5.825178 4.075711 2.340076 2.465289 3.698809 6.508167 10.334323 12.165592 9.276639 5.037773 3.713496 4.337329 6.944348 12.280561 15.540242 12.280561 6.944348 4.337329 3.713496 5.037773 9.276639 12.165592 10.334323 6.508167 3.698809 2.465289 2.340076 4.075711 5.825178 5.771978 4.110086 1.943197 1.081068 0.284229 0.329878 1.335922 2.048900 1.501632 0.092298,

Pairwise cross-correlations of the modulus of all oriented sub-bands at the same scale (size QxQ)
 16.426971 26.730942 23.914633 18.288683,
 26.730942 237.196869 251.132492 37.841457,
 23.914633 251.132492 535.807861 186.210709,
 18.288683 37.841457 186.210709 157.727203,
 11.604303 16.258543 12.738420 7.457171,
 16.258543 129.172714 124.056519 12.849668,
 12.738420 124.056519 274.054749 86.775215,
 7.457171 12.849668 86.775215 68.708885,
 7.528286 12.215944 5.480018 2.943871,
 12.215944 87.681198 65.494041 7.702400,
 5.480018 65.494041 136.593018 45.110554,
 2.943871 7.702400 45.110554 40.185928,
 4.162913 2.996612 0.849245 1.259848,
 2.996612 35.489059 39.792801 6.249079,
 0.849245 39.792801 80.168793 21.108540,
 1.259848 6.249079 21.108540 15.540242,

Cross-correlations of the modulus of all oriented sub-bands with all oriented sub-bands at the coarser scale (size QxQ)
 8.952213 13.799734 10.563977 7.193078,
 20.058872 85.466537 71.340523 12.458885,
 22.289249 77.285194 139.572144 65.566330,
 13.042842 7.996109 54.616589 52.531925,
 5.815062 11.573024 8.310553 3.613334,
 11.469296 49.156425 27.733948 -1.059489,
 9.793761 24.251492 26.070978 5.473029,
 5.051658 -5.058951 4.359859 11.248341,
 3.455339 5.789025 5.484867 2.770056,
 6.330235 27.342922 27.451233 8.104717,
 3.481930 15.520445 22.099728 14.863037,
 2.374492 4.391296 12.003326 9.894725,

Cross-correlations of the real part of each oriented sub-band with both the real and imaginary part of all phase-doubled oriented sub-bands at the next coarser scale (Q matrices of size 1x2Q, which are computed and stored in a matrix of size Qx2Q)
 -1.020099 -2.049362 -1.391392 -1.104412 1.146473 1.504844 0.450837 0.100454,
 -1.964049 -21.697163 -20.261929 -6.794649 1.347466 5.779860 -5.905587 -1.407554,
 -1.925869 -26.713923 -43.263874 -30.734846 0.437826 2.464129 -7.637288 -1.107506,
 -1.409787 -5.195962 -17.796225 -19.267122 0.194167 0.116074 1.302993 0.907601,
 -1.459889 -6.171094 -2.750493 -0.935070 0.095730 -0.606984 0.134269 1.139745,
 -4.887507 -37.518757 -28.112907 -3.840221 0.224311 -6.601746 -10.686989 -3.081433,
 -3.207866 -30.388325 -52.971878 -20.470295 -0.175511 -7.400758 -26.408390 -6.264398,
 -0.614117 -3.519602 -19.902855 -14.393015 -0.339511 -0.993778 -8.117972 1.716103,
 0.221399 -0.996633 -0.269543 -0.140155 -1.559036 -0.053787 0.110512 -0.047649,
 -0.237995 -7.091341 9.977633 2.713186 -0.151679 0.914148 -3.526143 -1.721802,
 -0.552766 -3.856140 35.275360 9.897828 0.485790 0.015699 -17.343857 -9.000113,
 -0.173889 0.669476 14.983892 3.635682 -0.366866 -0.991652 -8.391141 -5.458848,
