Low-band skewness and kurtosis
 -0.663683 2.168707,
 -0.571353 2.109555,
 -0.498627 1.966549,
 -0.438867 1.761347,
 -0.450980 1.750410,

High-band variance
 814.667725,

Skewness, kurtosis, variance, mean, maximum and minimum of the reconstructed texture
 -0.756294 2.059179 6116.986328 190.740173 255.000000 4.000000,

Auto-correlations of the low-frequency bands at each scale
 2510.409668 2435.503662 2392.420166 2382.871826 2398.568604 2431.842041 2478.164551 2778.045410 2592.894531 2428.202637 2347.558105 2379.131348 2505.218262 2670.109863 3753.948730 3836.673584 3883.943848 3876.337891 3811.616699 3726.730713 3650.027832 4386.112305 4724.411133 5012.230957 5130.095215 5012.230957 4724.411133 4386.112305 3650.027832 3726.730713 3811.616699 3876.337891 3883.943848 3836.673584 3753.948730 2670.109863 2505.218262 2379.131348 2347.558105 2428.202637 2592.894531 2778.045410 2478.164551 2431.842041 2398.568604 2382.871826 2392.420166 2435.503662 2510.409668,
 2468.190186 2404.968750 2365.659912 2352.505127 2357.757568 2374.048828 2397.996826 2581.886475 2446.101318 2336.095703 2293.250732 2332.751953 2440.853760 2575.239990 3119.595947 3168.027100 3201.843018 3202.933594 3165.022217 3116.607178 3077.175537 3483.561523 3708.002441 3903.095215 3984.567627 3903.095215 3708.002441 3483.561523 3077.175537 3116.607178 3165.022217 3202.933594 3201.843018 3168.027100 3119.595947 2575.239990 2440.853760 2332.751953 2293.250732 2336.095703 2446.101318 2581.886475 2397.996826 2374.048828 2357.757568 2352.505127 2365.659912 2404.968750 2468.190186,
 2129.658691 2135.251709 2149.612549 2166.518555 2177.087646 2178.291260 2175.011230 2425.553711 2373.708252 2326.275635 2305.674561 2319.993408 2361.889404 2409.736328 2823.312744 2831.547119 2835.668213 2825.698730 2796.915771 2766.510986 2746.139893 3006.902100 3108.597656 3207.280029 3250.727051 3207.280029 3108.597656 3006.902100 2746.139893 2766.510986 2796.915771 2825.698730 2835.668213 2831.547119 2823.312744 2409.736328 2361.889404 2319.993408 2305.674561 2326.275635 2373.708252 2425.553711 2175.011230 2178.291260 2177.087646 2166.518555 2149.612549 2135.251709 2129.658691,
 854.496521 848.287415 846.414795 849.009338 858.349976 873.535461 888.877258 1790.418579 1787.270752 1786.856567 1788.909302 1793.083130 1801.071045 1806.579224 2506.048096 2526.894043 2548.517090 2558.067383 2544.593750 2519.225098 2490.016357 2787.033691 2834.776855 2880.442627 2901.795166 2880.442627 2834.776855 2787.033691 2490.016357 2519.225098 2544.593750 2558.067383 2548.517090 2526.894043 2506.048096 1806.579224 1801.071045 1793.083130 1788.909302 1786.856567 1787.270752 1790.418579 888.877258 873.535461 858.349976 849.009338 846.414795 848.287415 854.496521,
 -1794.448608 -1796.599243 -1809.276489 -1825.832153 -1837.194702 -1836.114868 -1822.390015 -109.429253 -142.132629 -176.491287 -193.892456 -187.003860 -158.112732 -121.484596 1794.614624 1805.229614 1826.524658 1842.531860 1838.147705 1820.086548 1804.022827 2659.133545 2715.480713 2779.963135 2809.296143 2779.963135 2715.480713 2659.133545 1804.022827 1820.086548 1838.147705 1842.531860 1826.524658 1805.229614 1794.614624 -121.484596 -158.112732 -187.003860 -193.892456 -176.491287 -142.132629 -109.429253 -1822.390015 -1836.114868 -1837.194702 -1825.832153 -1809.276489 -1796.599243 -1794.448608,

Auto-correlations of the modulus of each oriented sub-band
 4.045905 4.738413 5.310489 5.505087 5.183891 4.464853 3.642148 4.589587 5.533679 6.277404 6.527173 6.161313 5.294624 4.257528 5.528240 7.057173 8.389128 8.939217 8.410795 7.058031 5.459007 6.063461 8.240481 10.439999 11.434240 10.439999 8.240481 6.063461 5.459007 7.058031 8.410795 8.939217 8.389128 7.057173 5.528240 4.257528 5.294624 6.161313 6.527173 6.277404 5.533679 4.589587 3.642148 4.464853 5.183891 5.505087 5.310489 4.738413 4.045905,
 66.858772 71.327934 76.506248 80.930992 83.421242 84.613335 85.180016 81.852097 90.659103 100.811653 107.277420 107.310310 104.321182 101.140579 99.059166 112.440567 128.451340 137.083588 131.858780 121.058548 111.890724 111.174217 125.093582 142.322937 151.614563 142.322937 125.093582 111.174217 111.890724 121.058548 131.858780 137.083588 128.451340 112.440567 99.059166 101.140579 104.321182 107.310310 107.277420 100.811653 90.659103 81.852097 85.180016 84.613335 83.421242 80.930992 76.506248 71.327934 66.858772,
 247.918259 259.876801 273.805145 282.137817 279.352081 269.610382 260.015045 306.973206 336.302673 369.219940 386.298096 373.468109 342.889221 314.257019 364.219757 416.832886 475.710846 504.833923 478.051788 420.033569 367.125092 389.281677 453.860962 526.206055 561.560303 526.206055 453.860962 389.281677 367.125092 420.033569 478.051788 504.833923 475.710846 416.832886 364.219757 314.257019 342.889221 373.468109 386.298096 369.219940 336.302673 306.973206 260.015045 269.610382 279.352081 282.137817 273.805145 259.876801 247.918259,
 83.249649 79.580597 75.451164 70.315613 63.577049 56.503208 50.530941 103.556015 105.730637 107.086197 104.601501 95.180252 81.785049 69.783844 115.442871 126.412865 137.782730 141.824356 130.696976 111.035774 93.423538 111.721939 129.465057 149.294785 159.381134 149.294785 129.465057 111.721939 93.423538 111.035774 130.696976 141.824356 137.782730 126.412865 115.442871 69.783844 81.785049 95.180252 104.601501 107.086197 105.730637 103.556015 50.530941 56.503208 63.577049 70.315613 75.451164 79.580597 83.249649,
 3.066791 3.575910 3.935303 3.998195 3.788329 3.426561 3.058614 3.337048 3.947386 4.429253 4.593350 4.409928 3.978041 3.470033 3.705865 4.751449 5.784293 6.243790 5.797302 4.783655 3.786929 3.998368 5.535538 7.271780 8.113636 7.271780 5.535538 3.998368 3.786929 4.783655 5.797302 6.243790 5.784293 4.751449 3.705865 3.470033 3.978041 4.409928 4.593350 4.429253 3.947386 3.337048 3.058614 3.426561 3.788329 3.998195 3.935303 3.575910 3.066791,
 33.792759 37.471298 41.690578 45.274559 47.320072 47.984398 47.876980 43.530216 50.184372 56.742645 60.431198 60.377876 58.219269 55.456348 54.138222 64.462852 75.045242 79.675529 75.897415 68.455833 61.265984 61.177727 71.914780 83.694786 89.581207 83.694786 71.914780 61.177727 61.265984 68.455833 75.897415 79.675529 75.045242 64.462852 54.138222 55.456348 58.219269 60.377876 60.431198 56.742645 50.184372 43.530216 47.876980 47.984398 47.320072 45.274559 41.690578 37.471298 33.792759,
 77.988495 91.621857 105.781471 112.046631 107.160500 94.643616 80.773743 112.906929 141.418884 168.508484 177.224808 160.736603 129.664154 99.185188 142.447098 192.260941 240.840103 258.870972 231.317551 178.078415 127.065132 147.357056 208.133102 270.575684 299.341553 270.575684 208.133102 147.357056 127.065132 178.078415 231.317551 258.870972 240.840103 192.260941 142.447098 99.185188 129.664154 160.736603 177.224808 168.508484 141.418884 112.906929 80.773743 94.643616 107.160500 112.046631 105.781471 91.621857 77.988495,
 29.206772 29.331022 29.482847 28.956429 27.031408 23.888422 20.605690 40.210003 45.041992 49.279751 50.831787 47.288013 39.325500 30.704107 49.204132 60.083260 71.016815 76.614906 70.709106 56.632607 42.632843 50.262009 65.283226 81.275581 89.126923 81.275581 65.283226 50.262009 42.632843 56.632607 70.709106 76.614906 71.016815 60.083260 49.204132 30.704107 39.325500 47.288013 50.831787 49.279751 45.041992 40.210003 20.605690 23.888422 27.031408 28.956429 29.482847 29.331022 29.206772,
 0.650519 0.919358 1.161124 1.271169 1.202154 1.009042 0.823774 1.120962 1.551122 1.886995 1.987713 1.827554 1.494978 1.148261 1.762167 2.632107 3.457411 3.794548 3.423073 2.587791 1.743469 2.026869 3.232726 4.550838 5.173039 4.550838 3.232726 2.026869 1.743469 2.587791 3.423073 3.794548 3.457411 2.632107 1.762167 1.148261 1.494978 1.827554 1.987713 1.886995 1.551122 1.120962 0.823774 1.009042 1.202154 1.271169 1.161124 0.919358 0.650519,
 2.909471 3.169931 4.072963 5.465753 6.877173 7.714070 7.765073 7.690897 10.455980 13.765294 15.849605 16.044018 14.652483 12.251629 13.268482 18.898638 25.260952 28.279270 26.148884 21.269438 16.114956 16.719254 23.393190 30.816689 34.475784 30.816689 23.393190 16.719254 16.114956 21.269438 26.148884 28.279270 25.260952 18.898638 13.268482 12.251629 14.652483 16.044018 15.849605 13.765294 10.455980 7.690897 7.765073 7.714070 6.877173 5.465753 4.072963 3.169931 2.909471,
 16.686274 16.579304 21.092083 26.007557 26.857006 24.090595 20.553877 38.317131 47.461861 63.310760 74.339302 70.601013 55.476257 39.522652 58.375687 80.959381 111.347313 128.948792 117.230202 86.753937 58.535828 66.809845 98.171318 136.034409 154.862427 136.034409 98.171318 66.809845 58.535828 86.753937 117.230202 128.948792 111.347313 80.959381 58.375687 39.522652 55.476257 70.601013 74.339302 63.310760 47.461861 38.317131 20.553877 24.090595 26.857006 26.007557 21.092083 16.579304 16.686274,
 6.623973 8.491758 10.139580 11.379090 11.437450 10.099419 8.706680 11.985132 15.770961 19.501402 21.915051 20.713491 16.183434 11.662756 16.795727 23.100763 30.061815 34.148712 31.052057 23.050920 15.691296 18.153032 26.204975 35.458530 40.140186 35.458530 26.204975 18.153032 15.691296 23.050920 31.052057 34.148712 30.061815 23.100763 16.795727 11.662756 16.183434 20.713491 21.915051 19.501402 15.770961 11.985132 8.706680 10.099419 11.437450 11.379090 10.139580 8.491758 6.623973,
 -0.253659 0.334383 0.906458 1.205523 1.081163 0.627782 0.057773 -0.071605 0.408820 0.850307 1.077931 0.988190 0.656013 0.238714 0.419462 1.234492 1.942877 2.196623 1.837227 1.104115 0.388550 0.532992 1.632257 2.733311 3.226031 2.733311 1.632257 0.532992 0.388550 1.104115 1.837227 2.196623 1.942877 1.234492 0.419462 0.238714 0.656013 0.988190 1.077931 0.850307 0.408820 -0.071605 0.057773 0.627782 1.081163 1.205523 0.906458 0.334383 -0.253659,
 -0.021267 0.317864 0.422154 0.598491 0.380297 -0.494602 -1.091068 -1.099915 -0.021034 1.027069 1.217179 0.951820 -0.017544 -0.897333 -0.780112 1.323291 3.982281 4.778034 3.399031 1.443790 -0.368164 -0.157874 2.330829 5.443917 7.298771 5.443917 2.330829 -0.157874 -0.368164 1.443790 3.399031 4.778034 3.982281 1.323291 -0.780112 -0.897333 -0.017544 0.951820 1.217179 1.027069 -0.021034 -1.099915 -1.091068 -0.494602 0.380297 0.598491 0.422154 0.317864 -0.021267,
 -1.717979 -1.047826 0.120702 1.140856 1.747958 2.043396 2.101454 -2.109501 0.207173 3.972272 6.492391 5.975806 3.929449 2.560632 1.194634 5.861088 12.652378 16.547985 14.013496 8.394600 4.384660 4.427025 10.086198 18.015038 22.152306 18.015038 10.086198 4.427025 4.384660 8.394600 14.013496 16.547985 12.652378 5.861088 1.194634 2.560632 3.929449 5.975806 6.492391 3.972272 0.207173 -2.109501 2.101454 2.043396 1.747958 1.140856 0.120702 -1.047826 -1.717979,
 -1.502571 -1.418758 -1.626855 -1.185869 0.093377 1.038012 1.089707 -1.748329 -1.310545 -0.820554 0.492836 1.844455 1.857543 1.310488 -0.679893 0.539207 2.553682 5.013591 5.292284 3.253655 1.667050 0.958215 2.872858 6.060080 8.042646 6.060080 2.872858 0.958215 1.667050 3.253655 5.292284 5.013591 2.553682 0.539207 -0.679893 1.310488 1.857543 1.844455 0.492836 -0.820554 -1.310545 -1.748329 1.089707 1.038012 0.093377 -1.185869 -1.626855 -1.418758 -1.502571,

Pairwise cross-correlations of the modulus of all oriented sub-bands at the same scale (size QxQ)
 11.434241 13.398825 22.709736 18.128899,
 13.398825 151.614578 223.636414 50.020954,
 22.709736 223.636414 561.560242 212.179840,
 18.128899 50.020954 212.179840 159.381134,
 8.113637 9.892776 12.640184 8.211236,
 9.892776 89.581207 112.728981 22.336313,
 12.640184 112.728981 299.341583 115.024849,
 8.211236 22.336313 115.024849 89.126923,
 5.173039 4.654228 4.656310 3.754749,
 4.654228 34.475784 46.729294 9.453840,
 4.656310 46.729294 154.862427 57.176792,
 3.754749 9.453840 57.176792 40.140190,
 3.226031 2.264915 -0.307478 0.499239,
 2.264915 7.298771 4.550871 1.554686,
 -0.307478 4.550871 22.152306 9.619018,
 0.499239 1.554686 9.619018 8.042647,

Cross-correlations of the modulus of all oriented sub-bands with all oriented sub-bands at the coarser scale (size QxQ)
 6.132345 9.318330 11.037308 8.699799,
 12.901618 64.463028 73.227440 13.478673,
 24.423573 98.995079 178.634216 79.345177,
 13.825864 26.911533 80.229706 64.225777,
 3.899521 6.026803 5.798679 2.989385,
 4.992965 25.176455 22.383640 0.242902,
 9.082517 27.462040 58.551712 26.114548,
 5.641012 5.236185 20.652519 21.523294,
 2.411679 1.697902 0.111963 0.517099,
 2.156679 3.334520 3.137240 0.852970,
 1.716673 0.656300 5.656333 1.962829,
 1.411353 -0.008681 1.758113 2.418396,

Cross-correlations of the real part of each oriented sub-band with both the real and imaginary part of all phase-doubled oriented sub-bands at the next coarser scale (Q matrices of size 1x2Q, which are computed and stored in a matrix of size Qx2Q)
 -1.161921 -2.150600 -2.855332 -3.415824 0.697550 0.264790 -0.069469 0.243694,
 -1.210030 -29.274420 -10.355958 -2.898301 0.241518 -2.058782 -7.880836 -1.526321,
 -3.147017 -30.303913 -12.677719 -31.778692 -0.152310 -6.823390 -20.593840 -1.201941,
 -3.467638 -2.345416 -13.116718 -33.588699 0.280056 -2.391573 -6.968190 2.012632,
 -0.090252 -1.105600 -0.789027 -1.566951 -0.395205 -0.241028 -0.257597 0.152114,
 -0.275506 -8.620789 -4.790277 -2.923711 -0.047812 -9.497031 -11.993351 -0.583257,
 -1.098412 -7.993343 -18.497854 -18.310137 -0.194743 -16.002409 -21.090805 1.263437,
 -1.215804 -1.385655 -11.706507 -15.654198 -0.299226 -3.463233 -4.628646 2.444859,
 -0.608636 -0.167655 0.232370 0.331826 -0.219805 -0.475735 -0.113275 -0.141688,
 -0.084476 -5.096426 -4.657068 0.249705 -0.120121 -7.232326 -9.240854 0.248090,
 0.153589 -9.019125 -6.912147 3.831998 -0.001238 -10.917849 -15.525284 4.017951,
 -0.214776 -2.126101 0.695328 4.058083 -0.043326 -2.149899 -2.426851 2.939683,
