Low-band skewness and kurtosis
 -0.405775 2.062989,
 -0.266490 2.175634,
 -0.103130 2.037619,
 0.000946 1.765282,
 0.223111 1.729842,

High-band variance
 1056.780151,

Skewness, kurtosis, variance, mean, maximum and minimum of the reconstructed texture
 -0.585131 1.871422 5579.981934 186.853027 255.000000 1.000000,

Auto-correlations of the low-frequency bands at each scale
 820.982178 771.131348 741.876038 734.272522 751.814148 799.246338 876.943359 1064.007690 826.421143 643.812866 573.789856 638.710083 819.921143 1061.072632 2402.623291 2482.239502 2554.372070 2588.772705 2558.257812 2485.534912 2398.325928 3374.922852 3800.836182 4148.994141 4289.509766 4148.994141 3800.836182 3374.922852 2398.325928 2485.534912 2558.257812 2588.772705 2554.372070 2482.239502 2402.623291 1061.072632 819.921143 638.710083 573.789856 643.812866 826.421143 1064.007690 876.943359 799.246338 751.814148 734.272522 741.876038 771.131348 820.982178,
 915.826538 883.857910 853.531006 826.781189 806.552490 797.993408 806.371704 939.814026 785.303223 677.203674 642.152405 681.898254 785.894775 922.809509 1600.985596 1644.724487 1702.728516 1746.458618 1746.105469 1720.459595 1688.099121 2184.159668 2434.522949 2647.411621 2736.695068 2647.411621 2434.522949 2184.159668 1688.099121 1720.459595 1746.105469 1746.458618 1702.728516 1644.724487 1600.985596 922.809509 785.894775 681.898254 642.152405 677.203674 785.303223 939.814026 806.371704 797.993408 806.552490 826.781189 853.531006 883.857910 915.826538,
 814.850037 832.697021 843.392395 847.079773 848.810486 854.214111 865.193787 970.832947 893.804810 833.065002 808.573120 826.546448 882.045532 954.641418 1300.113647 1301.080200 1313.180664 1320.891235 1303.882812 1273.282593 1244.536011 1503.078735 1635.831909 1756.670288 1809.148926 1756.670288 1635.831909 1503.078735 1244.536011 1273.282593 1303.882812 1320.891235 1313.180664 1301.080200 1300.113647 954.641418 882.045532 826.546448 808.573120 833.065002 893.804810 970.832947 865.193787 854.214111 848.810486 847.079773 843.392395 832.697021 814.850037,
 373.994995 372.906860 387.758362 411.438324 432.887451 448.208130 460.882263 656.716553 648.414185 651.404968 666.292542 687.642273 714.281494 741.398193 1054.958740 1071.663086 1091.731689 1101.322388 1089.220459 1071.826416 1063.757568 1267.497192 1313.561890 1366.504639 1392.487671 1366.504639 1313.561890 1267.497192 1063.757568 1071.826416 1089.220459 1101.322388 1091.731689 1071.663086 1054.958740 741.398193 714.281494 687.642273 666.292542 651.404968 648.414185 656.716553 460.882263 448.208130 432.887451 411.438324 387.758362 372.906860 373.994995,
 -761.974609 -759.386414 -777.959961 -805.794495 -824.397583 -824.251404 -807.569458 1.745571 -27.171158 -53.293697 -61.857094 -48.052486 -19.261707 7.269851 758.546326 753.502319 775.137817 807.593689 827.666016 827.626953 810.551453 1103.973511 1141.335327 1186.013062 1207.029663 1186.013062 1141.335327 1103.973511 810.551453 827.626953 827.666016 807.593689 775.137817 753.502319 758.546326 7.269851 -19.261707 -48.052486 -61.857094 -53.293697 -27.171158 1.745571 -807.569458 -824.251404 -824.397583 -805.794495 -777.959961 -759.386414 -761.974609,

Auto-correlations of the modulus of each oriented sub-band
 4.073816 5.220180 6.283538 6.794686 6.462863 5.482277 4.345044 4.763291 6.080452 7.254014 7.820828 7.548114 6.545732 5.227913 6.193538 8.192368 9.929378 10.695405 10.113481 8.464331 6.461221 6.932606 9.702997 12.496460 13.764036 12.496460 9.702997 6.932606 6.461221 8.464331 10.113481 10.695405 9.929378 8.192368 6.193538 5.227913 6.545732 7.548114 7.820828 7.254014 6.080452 4.763291 4.345044 5.482277 6.462863 6.794686 6.283538 5.220180 4.073816,
 34.669556 40.004009 45.746147 49.997181 51.576408 51.154133 49.867638 52.179131 64.097092 76.884201 84.319382 83.362488 77.534363 70.895088 74.447258 93.312553 114.117622 124.649727 117.793297 102.302315 87.678795 89.502289 109.912598 132.863632 144.337372 132.863632 109.912598 89.502289 87.678795 102.302315 117.793297 124.649727 114.117622 93.312553 74.447258 70.895088 77.534363 83.362488 84.319382 76.884201 64.097092 52.179131 49.867638 51.154133 51.576408 49.997181 45.746147 40.004009 34.669556,
 101.989647 117.020226 132.569916 139.714020 134.717987 123.612068 112.367714 167.246918 211.339096 258.634888 281.079834 262.712280 221.051834 180.916595 236.896896 315.847778 402.235443 443.380798 405.269562 322.594238 246.023178 271.002502 365.840485 470.554443 520.889160 470.554443 365.840485 271.002502 246.023178 322.594238 405.269562 443.380798 402.235443 315.847778 236.896896 180.916595 221.051834 262.712280 281.079834 258.634888 211.339096 167.246918 112.367714 123.612068 134.717987 139.714020 132.569916 117.020226 101.989647,
 60.696335 59.572784 57.875618 54.855377 50.238152 45.392090 41.752457 83.883682 87.947906 91.579269 91.147781 83.470718 71.959839 62.411793 100.380280 112.880043 126.812294 132.803513 122.065971 102.342125 85.678467 101.119164 119.629463 141.612045 152.989487 141.612045 119.629463 101.119164 85.678467 102.342125 122.065971 132.803513 126.812294 112.880043 100.380280 62.411793 71.959839 83.470718 91.147781 91.579269 87.947906 83.883682 41.752457 45.392090 50.238152 54.855377 57.875618 59.572784 60.696335,
 2.895969 3.782855 4.528081 4.801834 4.462487 3.669617 2.778383 3.635287 4.706909 5.557806 5.798066 5.357646 4.445803 3.422909 4.631191 6.280297 7.822934 8.409601 7.673587 6.117725 4.507391 5.162148 7.315614 9.581823 10.637240 9.581823 7.315614 5.162148 4.507391 6.117725 7.673587 8.409601 7.822934 6.280297 4.631191 3.422909 4.445803 5.357646 5.798066 5.557806 4.706909 3.635287 2.778383 3.669617 4.462487 4.801834 4.528081 3.782855 2.895969,
 13.330429 16.507736 19.820538 22.072479 23.450005 24.514793 25.304230 23.483709 30.302988 36.949474 39.931320 39.475834 38.029461 36.103184 35.691452 46.628643 58.577499 63.424477 58.709137 50.940769 44.170959 44.217968 55.334427 68.779945 75.810059 68.779945 55.334427 44.217968 44.170959 50.940769 58.709137 63.424477 58.577499 46.628643 35.691452 36.103184 38.029461 39.475834 39.931320 36.949474 30.302988 23.483709 25.304230 24.514793 23.450005 22.072479 19.820538 16.507736 13.330429,
 26.033886 35.356918 43.816189 45.661549 40.430958 33.492950 30.152363 56.478313 87.769981 116.696373 125.608261 108.960487 80.483192 56.632725 88.362152 146.860733 205.259644 228.073517 197.632629 138.919937 86.070068 100.830673 170.436447 244.821976 279.632751 244.821976 170.436447 100.830673 86.070068 138.919937 197.632629 228.073517 205.259644 146.860733 88.362152 56.632725 80.483192 108.960487 125.608261 116.696373 87.769981 56.478313 30.152363 33.492950 40.430958 45.661549 43.816189 35.356918 26.033886,
 20.074888 19.642033 18.326740 16.664795 15.146267 13.604374 12.079366 31.520876 34.461220 36.159531 35.914562 31.988447 25.291771 19.550886 39.970726 48.725670 57.839386 62.157772 55.283020 41.818329 30.700401 39.658428 52.465477 67.906158 76.016678 67.906158 52.465477 39.658428 30.700401 41.818329 55.283020 62.157772 57.839386 48.725670 39.970726 19.550886 25.291771 31.988447 35.914562 36.159531 34.461220 31.520876 12.079366 13.604374 15.146267 16.664795 18.326740 19.642033 20.074888,
 0.891884 1.404414 2.005374 2.342794 2.216991 1.712536 1.120789 1.010002 1.561077 2.153651 2.473648 2.390337 1.996931 1.487392 1.436516 2.459409 3.501248 3.941333 3.538613 2.661723 1.834215 1.935599 3.384832 4.986161 5.737646 4.986161 3.384832 1.935599 1.834215 2.661723 3.538613 3.941333 3.501248 2.459409 1.436516 1.487392 1.996931 2.390337 2.473648 2.153651 1.561077 1.010002 1.120789 1.712536 2.216991 2.342794 2.005374 1.404414 0.891884,
 3.897346 5.977773 7.835074 8.485626 8.299191 7.811161 6.954933 10.161059 14.916712 19.174679 20.386314 18.724125 16.135736 13.637279 16.156553 24.009563 32.042763 34.800858 30.765951 24.243046 18.728849 19.601782 27.789310 37.311943 42.065830 37.311943 27.789310 19.601782 18.728849 24.243046 30.765951 34.800858 32.042763 24.009563 16.156553 13.637279 16.135736 18.724125 20.386314 19.174679 14.916712 10.161059 6.954933 7.811161 8.299191 8.485626 7.835074 5.977773 3.897346,
 -12.199675 -6.353687 4.000380 14.127199 18.964735 19.935413 19.621389 -3.696799 13.188247 34.990376 49.689789 48.567364 38.728790 29.706100 14.171046 42.878777 77.173157 96.098816 85.299438 58.924217 36.076241 31.052353 63.000450 100.739960 119.566956 100.739960 63.000450 31.052353 36.076241 58.924217 85.299438 96.098816 77.173157 42.878777 14.171046 29.706100 38.728790 48.567364 49.689789 34.990376 13.188247 -3.696799 19.621389 19.935413 18.964735 14.127199 4.000380 -6.353687 -12.199675,
 0.843990 2.780499 5.083499 6.549995 6.374294 4.889189 3.377760 7.876264 11.705617 15.612350 18.206139 17.719017 14.323871 10.385795 15.159651 21.235041 28.086256 32.647823 30.836237 23.901052 16.786673 18.842588 26.705378 35.629868 40.048767 35.629868 26.705378 18.842588 16.786673 23.901052 30.836237 32.647823 28.086256 21.235041 15.159651 10.385795 14.323871 17.719017 18.206139 15.612350 11.705617 7.876264 3.377760 4.889189 6.374294 6.549995 5.083499 2.780499 0.843990,
 0.537650 0.386195 0.225324 0.109812 0.088238 0.146808 0.224843 1.563827 1.597421 1.546315 1.433939 1.316901 1.215116 1.080644 2.406231 3.010953 3.461334 3.562696 3.251874 2.640474 1.921614 2.590672 3.640556 4.571133 4.966019 4.571133 3.640556 2.590672 1.921614 2.640474 3.251874 3.562696 3.461334 3.010953 2.406231 1.080644 1.215116 1.316901 1.433939 1.546315 1.597421 1.563827 0.224843 0.146808 0.088238 0.109812 0.225324 0.386195 0.537650,
 -0.131230 0.632568 1.095754 1.283002 1.355182 0.282662 -1.630427 0.667540 2.440480 4.504942 4.706722 3.522214 1.910130 -0.396834 1.957443 4.541298 8.781466 10.120888 7.259320 3.960345 1.536484 2.551295 5.217261 10.126471 13.168549 10.126471 5.217261 2.551295 1.536484 3.960345 7.259320 10.120888 8.781466 4.541298 1.957443 -0.396834 1.910130 3.522214 4.706722 4.504942 2.440480 0.667540 -1.630427 0.282662 1.355182 1.283002 1.095754 0.632568 -0.131230,
 10.726668 10.941029 11.753309 10.483183 4.574982 -3.943926 -10.651797 21.978424 26.670334 31.497126 31.233170 21.568068 6.883885 -5.147579 24.742733 36.087029 48.007591 51.736160 40.686058 21.699430 5.388473 17.651783 33.994751 52.112991 60.824669 52.112991 33.994751 17.651783 5.388473 21.699430 40.686058 51.736160 48.007591 36.087029 24.742733 -5.147579 6.883885 21.568068 31.233170 31.497126 26.670334 21.978424 -10.651797 -3.943926 4.574982 10.483183 11.753309 10.941029 10.726668,
 1.290743 1.871329 2.293791 2.217711 1.752325 1.576869 1.918365 4.195731 4.868806 5.528777 6.262995 6.160373 5.241791 4.601819 5.782717 7.179280 9.720007 12.163877 11.434227 8.444128 6.339918 6.527813 8.926604 13.037773 15.579242 13.037773 8.926604 6.527813 6.339918 8.444128 11.434227 12.163877 9.720007 7.179280 5.782717 4.601819 5.241791 6.160373 6.262995 5.528777 4.868806 4.195731 1.918365 1.576869 1.752325 2.217711 2.293791 1.871329 1.290743,

Pairwise cross-correlations of the modulus of all oriented sub-bands at the same scale (size QxQ)
 13.764036 13.954335 12.049173 14.534963,
 13.954335 144.337372 184.866058 34.218964,
 12.049173 184.866058 520.889160 190.636215,
 14.534963 34.218964 190.636215 152.989487,
 10.637240 6.571899 5.334146 7.332997,
 6.571899 75.810074 91.303093 13.150353,
 5.334146 91.303093 279.632751 94.262054,
 7.332997 13.150353 94.262054 76.016685,
 5.737646 6.401533 2.157892 3.348284,
 6.401533 42.065834 34.940483 2.223440,
 2.157892 34.940483 119.566956 42.820812,
 3.348284 2.223440 42.820812 40.048767,
 4.966019 2.968588 5.447841 3.910644,
 2.968588 13.168550 19.309210 4.330524,
 5.447841 19.309210 60.824677 20.823956,
 3.910644 4.330524 20.823956 15.579243,

Cross-correlations of the modulus of all oriented sub-bands with all oriented sub-bands at the coarser scale (size QxQ)
 7.849885 6.452929 2.273743 6.726088,
 11.456890 27.469620 11.524664 0.905889,
 14.986933 21.680122 40.635059 25.387331,
 11.967587 3.538941 26.536665 34.929672,
 4.653438 6.507940 2.723867 3.264549,
 4.812908 13.456137 1.977162 -5.460330,
 5.237453 15.311911 22.509811 3.570256,
 3.690918 7.760509 21.998175 13.409904,
 2.703236 1.965387 2.519238 2.468394,
 3.282737 6.026954 9.907429 4.717522,
 2.583421 2.187889 15.372473 8.862753,
 3.573479 -2.676373 -1.172668 4.580939,

Cross-correlations of the real part of each oriented sub-band with both the real and imaginary part of all phase-doubled oriented sub-bands at the next coarser scale (Q matrices of size 1x2Q, which are computed and stored in a matrix of size Qx2Q)
 -1.140582 -2.743673 -1.821296 -1.973577 1.051233 0.098281 -0.032205 -0.521785,
 -1.597884 -40.201271 -37.345356 -9.608789 0.334323 1.277710 5.616010 0.835572,
 -1.856115 -55.327042 -87.055252 -48.891781 0.078466 5.245852 17.556189 0.497055,
 -1.487896 -10.454815 -35.938732 -33.220531 0.458186 2.444675 6.467566 -1.554039,
 -0.219201 -1.297925 -0.831334 -1.407270 0.359111 0.110963 -0.242380 -0.217614,
 -0.430702 -12.165348 -13.195363 -5.511214 0.196380 -2.255611 -10.066149 -3.009573,
 -0.947847 -15.853626 -47.393017 -28.126444 0.166943 -5.269729 -25.402157 -10.446477,
 -0.900755 -4.155487 -25.247068 -18.543177 0.158945 -1.347392 -9.860769 -4.969609,
 -0.364234 -0.103538 -0.129362 -0.602552 1.118039 -0.164679 0.048150 -0.151472,
 -0.522623 0.973329 5.735188 2.081806 0.268584 -2.587990 6.920625 3.415760,
 -0.222703 7.540754 23.517269 2.727523 -0.000833 0.022007 34.840370 17.916540,
 -0.200099 3.759433 10.517365 -1.563705 0.690624 1.492540 18.875732 10.167731,
