Low-band skewness and kurtosis
 -0.497065 2.082711,
 -0.394620 2.207951,
 -0.220592 1.950139,
 -0.057137 1.533331,
 0.053261 1.496778,

High-band variance
 1001.573059,

Skewness, kurtosis, variance, mean, maximum and minimum of the reconstructed texture
 -0.638007 1.924355 5748.748047 188.133118 255.000000 0.000000,

Auto-correlations of the low-frequency bands at each scale
 1324.664795 1260.689331 1226.460815 1216.968994 1223.901733 1250.171753 1300.200928 1647.754517 1439.320801 1277.424927 1207.333252 1241.723022 1369.264404 1550.108276 2951.135254 3013.073486 3051.378906 3044.736572 2976.239746 2876.254639 2776.528320 3743.435303 4115.870605 4417.623047 4539.137695 4417.623047 4115.870605 3743.435303 2776.528320 2876.254639 2976.239746 3044.736572 3051.378906 3013.073486 2951.135254 1550.108276 1369.264404 1241.723022 1207.333252 1277.424927 1439.320801 1647.754517 1300.200928 1250.171753 1223.901733 1216.968994 1226.460815 1260.689331 1324.664795,
 1285.424316 1270.426880 1278.711792 1303.598267 1333.019653 1360.486206 1384.722656 1412.042725 1283.421509 1189.795532 1157.610840 1193.160278 1293.575317 1434.556885 2193.044678 2223.648926 2241.328125 2225.750244 2164.053223 2093.671875 2047.420166 2637.192383 2877.420410 3084.337158 3171.515381 3084.337158 2877.420410 2637.192383 2047.420166 2093.671875 2164.053223 2225.750244 2241.328125 2223.648926 2193.044678 1434.556885 1293.575317 1193.160278 1157.610840 1189.795532 1283.421509 1412.042725 1384.722656 1360.486206 1333.019653 1303.598267 1278.711792 1270.426880 1285.424316,
 1312.210815 1305.520630 1298.156250 1293.090088 1294.705078 1300.506714 1307.265991 1430.087036 1356.451172 1292.893066 1258.658447 1259.697021 1295.116211 1350.837769 1753.275269 1773.090454 1794.614014 1801.960449 1778.937012 1749.472778 1734.975708 2012.844238 2130.307129 2243.315430 2294.568604 2243.315430 2130.307129 2012.844238 1734.975708 1749.472778 1778.937012 1801.960449 1794.614014 1773.090454 1753.275269 1350.837769 1295.116211 1259.697021 1258.658447 1292.893066 1356.451172 1430.087036 1307.265991 1300.506714 1294.705078 1293.090088 1298.156250 1305.520630 1312.210815,
 651.694275 629.898621 602.025208 570.294189 544.470276 532.392761 532.882019 1159.525391 1128.084351 1096.297363 1072.182007 1063.265869 1070.785278 1085.554932 1539.157593 1559.063110 1577.603149 1584.295532 1574.183960 1557.913696 1542.821899 1711.773804 1771.894409 1829.216187 1854.630005 1829.216187 1771.894409 1711.773804 1542.821899 1557.913696 1574.183960 1584.295532 1577.603149 1559.063110 1539.157593 1085.554932 1070.785278 1063.265869 1072.182007 1096.297363 1128.084351 1159.525391 532.882019 532.392761 544.470276 570.294189 602.025208 629.898621 651.694275,
 -1164.908203 -1171.497559 -1171.625000 -1165.063354 -1152.163086 -1141.077393 -1141.675049 22.915478 7.055833 -20.005455 -42.341564 -41.945900 -19.274323 7.177448 1173.177856 1190.645874 1191.167480 1170.271851 1139.484863 1121.335327 1126.541138 1614.316040 1647.571167 1689.291748 1709.247070 1689.291748 1647.571167 1614.316040 1126.541138 1121.335327 1139.484863 1170.271851 1191.167480 1190.645874 1173.177856 7.177448 -19.274323 -41.945900 -42.341564 -20.005455 7.055833 22.915478 -1141.675049 -1141.077393 -1152.163086 -1165.063354 -1171.625000 -1171.497559 -1164.908203,

Auto-correlations of the modulus of each oriented sub-band
 4.597828 5.976950 7.189566 7.659224 7.154974 5.966718 4.617723 5.317285 6.859947 8.159345 8.650572 8.096862 6.773693 5.253134 6.244083 8.316838 10.123228 10.895426 10.196114 8.361329 6.236392 6.691212 9.378784 12.085124 13.304333 12.085124 9.378784 6.691212 6.236392 8.361329 10.196114 10.895426 10.123228 8.316838 6.244083 5.253134 6.773693 8.096862 8.650572 8.159345 6.859947 5.317285 4.617723 5.966718 7.154974 7.659224 7.189566 5.976950 4.597828,
 38.778679 42.296268 47.469662 51.984520 54.064671 54.358715 54.496643 54.504097 63.232426 74.159996 81.314857 81.258812 77.055542 72.958054 74.077133 89.039978 107.079025 116.711411 111.006607 98.125107 87.028503 87.664925 104.028503 123.960548 134.305908 123.960548 104.028503 87.664925 87.028503 98.125107 111.006607 116.711411 107.079025 89.039978 74.077133 72.958054 77.055542 81.258812 81.314857 74.159996 63.232426 54.504097 54.496643 54.358715 54.064671 51.984520 47.469662 42.296268 38.778679,
 157.492035 165.851227 176.250687 181.961792 177.987167 166.648041 153.752045 228.353119 262.129639 297.402771 312.197174 293.262878 252.983032 213.318512 292.280945 360.941650 432.888458 464.217987 427.641937 350.880432 277.808228 312.554749 400.187988 493.638794 537.457275 493.638794 400.187988 312.554749 277.808228 350.880432 427.641937 464.217987 432.888458 360.941650 292.280945 213.318512 252.983032 293.262878 312.197174 297.402771 262.129639 228.353119 153.752045 166.648041 177.987167 181.961792 176.250687 165.851227 157.492035,
 64.056763 63.214340 61.718765 58.775200 54.108475 48.919617 44.767742 85.595367 89.736923 92.905212 91.951134 84.508835 73.303345 63.306366 101.554550 113.651436 126.000885 130.744324 121.021988 102.670372 85.925491 101.835770 120.034378 140.087662 149.930176 140.087662 120.034378 101.835770 85.925491 102.670372 121.021988 130.744324 126.000885 113.651436 101.554550 63.306366 73.303345 84.508835 91.951134 92.905212 89.736923 85.595367 44.767742 48.919617 54.108475 58.775200 61.718765 63.214340 64.056763,
 3.967067 4.462937 4.897416 5.017620 4.729613 4.167375 3.582941 4.407405 5.219220 5.930451 6.202751 5.912239 5.210259 4.407090 5.191818 6.792687 8.372978 9.114563 8.537371 7.025186 5.417254 5.852843 8.148760 10.525961 11.607732 10.525961 8.148760 5.852843 5.417254 7.025186 8.537371 9.114563 8.372978 6.792687 5.191818 4.407090 5.210259 5.912239 6.202751 5.930451 5.219220 4.407405 3.582941 4.167375 4.729613 5.017620 4.897416 4.462937 3.967067,
 15.756663 17.691196 20.186317 23.077074 26.183586 28.281689 28.392052 22.862667 28.896229 35.563202 39.249306 40.066841 39.616711 37.621716 33.956520 44.487129 56.820335 62.258904 57.852829 50.346085 43.669754 42.533020 53.580559 67.294693 74.661827 67.294693 53.580559 42.533020 43.669754 50.346085 57.852829 62.258904 56.820335 44.487129 33.956520 37.621716 39.616711 40.066841 39.249306 35.563202 28.896229 22.862667 28.392052 28.281689 26.183586 23.077074 20.186317 17.691196 15.756663,
 66.233376 72.079796 77.334198 79.389046 75.646332 68.202583 60.187531 87.013092 114.055420 142.434341 156.308716 146.281235 120.123016 92.157654 118.388084 171.118713 227.527145 254.548920 231.873123 178.320953 125.247353 137.042770 202.144073 271.293304 303.560944 271.293304 202.144073 137.042770 125.247353 178.320953 231.873123 254.548920 227.527145 171.118713 118.388084 92.157654 120.123016 146.281235 156.308716 142.434341 114.055420 87.013092 60.187531 68.202583 75.646332 79.389046 77.334198 72.079796 66.233376,
 33.794193 34.316113 35.547771 36.542316 35.951374 33.491779 30.148420 46.004959 50.296417 55.106224 58.288956 56.326149 48.967529 40.508011 56.516144 66.571503 77.687683 84.459396 79.624329 65.919525 52.307159 59.189754 73.654488 89.567825 97.500076 89.567825 73.654488 59.189754 52.307159 65.919525 79.624329 84.459396 77.687683 66.571503 56.516144 40.508011 48.967529 56.326149 58.288956 55.106224 50.296417 46.004959 30.148420 33.491779 35.951374 36.542316 35.547771 34.316113 33.794193,
 2.749743 3.501464 4.166982 4.379029 3.986315 3.156212 2.237516 3.025578 3.793378 4.550648 4.905806 4.610613 3.766298 2.747248 3.593005 4.958735 6.354442 7.061353 6.590358 5.204119 3.647695 4.155046 6.167345 8.195287 9.098547 8.195287 6.167345 4.155046 3.647695 5.204119 6.590358 7.061353 6.354442 4.958735 3.593005 2.747248 3.766298 4.610613 4.905806 4.550648 3.793378 3.025578 2.237516 3.156212 3.986315 4.379029 4.166982 3.501464 2.749743,
 5.097672 7.557454 9.294907 9.625183 8.844845 7.256415 5.352993 9.628510 15.165652 20.080652 21.174831 18.961020 15.555715 11.833465 14.812824 23.193857 32.144199 35.113247 30.375683 23.121622 16.859901 17.856989 26.414539 36.725700 41.997047 36.725700 26.414539 17.856989 16.859901 23.121622 30.375683 35.113247 32.144199 23.193857 14.812824 11.833465 15.555715 18.961020 21.174831 20.080652 15.165652 9.628510 5.352993 7.256415 8.844845 9.625183 9.294907 7.557454 5.097672,
 9.653044 13.900559 21.150101 27.761507 28.941612 26.638943 23.366892 20.839283 35.101555 53.522987 64.976181 60.398796 46.442055 33.005276 36.651714 64.371170 97.181541 114.607048 101.608040 71.362625 43.901630 46.488693 80.877823 120.373497 139.667694 120.373497 80.877823 46.488693 43.901630 71.362625 101.608040 114.607048 97.181541 64.371170 36.651714 33.005276 46.442055 60.398796 64.976181 53.522987 35.101555 20.839283 23.366892 26.638943 28.941612 27.761507 21.150101 13.900559 9.653044,
 10.452089 10.607036 9.767260 9.408070 9.798750 10.004676 9.944469 15.578353 16.682783 17.393591 18.265663 17.272425 13.763380 10.752570 19.588629 23.210340 28.246241 31.800602 28.551336 20.647608 14.769350 19.165478 25.264790 34.179878 39.149025 34.179878 25.264790 19.165478 14.769350 20.647608 28.551336 31.800602 28.246241 23.210340 19.588629 10.752570 13.763380 17.272425 18.265663 17.393591 16.682783 15.578353 9.944469 10.004676 9.798750 9.408070 9.767260 10.607036 10.452089,
 -0.113131 0.200662 0.559248 0.795049 0.762055 0.462455 0.101652 0.186468 0.501581 0.860561 1.035919 0.895507 0.506730 0.070484 0.614906 1.245301 1.908761 2.174003 1.814972 1.108400 0.418014 0.726652 1.646586 2.656855 3.141081 2.656855 1.646586 0.726652 0.418014 1.108400 1.814972 2.174003 1.908761 1.245301 0.614906 0.070484 0.506730 0.895507 1.035919 0.860561 0.501581 0.186468 0.101652 0.462455 0.762055 0.795049 0.559248 0.200662 -0.113131,
 -0.633983 0.298751 1.138712 1.539124 1.552942 1.290968 0.617873 1.110634 2.409354 3.432969 3.425526 2.479944 1.323002 0.132436 2.875306 5.431109 7.671024 8.031884 6.163333 3.525455 1.113334 2.690869 5.896899 9.158613 10.713767 9.158613 5.896899 2.690869 1.113334 3.525455 6.163333 8.031884 7.671024 5.431109 2.875306 0.132436 1.323002 2.479944 3.425526 3.432969 2.409354 1.110634 0.617873 1.290968 1.552942 1.539124 1.138712 0.298751 -0.633983,
 -5.205900 -6.303988 -3.960777 -3.411596 -6.775326 -7.304373 -3.013464 0.714067 0.530940 4.210286 5.189967 -1.294085 -6.213777 -4.148557 4.527137 9.026783 18.440050 22.667383 13.058504 1.567943 -1.932646 2.702189 9.654650 23.625917 32.445709 23.625917 9.654650 2.702189 -1.932646 1.567943 13.058504 22.667383 18.440050 9.026783 4.527137 -4.148557 -6.213777 -1.294085 5.189967 4.210286 0.530940 0.714067 -3.013464 -7.304373 -6.775326 -3.411596 -3.960777 -6.303988 -5.205900,
 0.172089 1.340746 1.882595 1.908268 1.754057 1.459054 0.810361 5.110751 6.665840 7.144044 6.375700 4.650761 2.468887 0.509847 8.895979 12.295309 14.599930 14.920516 12.050774 7.337255 3.198534 7.675900 12.443913 17.439449 20.025740 17.439449 12.443913 7.675900 3.198534 7.337255 12.050774 14.920516 14.599930 12.295309 8.895979 0.509847 2.468887 4.650761 6.375700 7.144044 6.665840 5.110751 0.810361 1.459054 1.754057 1.908268 1.882595 1.340746 0.172089,

Pairwise cross-correlations of the modulus of all oriented sub-bands at the same scale (size QxQ)
 13.304333 13.335588 15.194647 13.763907,
 13.335588 134.305893 193.346985 47.915150,
 15.194647 193.346985 537.457397 211.458862,
 13.763907 47.915150 211.458862 149.930161,
 11.607733 10.005143 12.655079 10.847030,
 10.005143 74.661835 104.215271 26.976061,
 12.655079 104.215271 303.560974 123.520393,
 10.847030 26.976061 123.520393 97.500076,
 9.098547 8.957798 7.486034 6.686707,
 8.957798 41.997051 51.343483 14.916622,
 7.486034 51.343483 139.667709 49.452507,
 6.686707 14.916622 49.452507 39.149025,
 3.141082 3.870491 2.809758 4.937804,
 3.870491 10.713768 10.292887 8.243266,
 2.809758 10.292887 32.445709 14.755831,
 4.937804 8.243266 14.755831 20.025742,

Cross-correlations of the modulus of all oriented sub-bands with all oriented sub-bands at the coarser scale (size QxQ)
 8.614278 8.597571 9.081535 10.386353,
 12.175016 42.498718 53.374516 19.233028,
 18.316528 49.309189 96.299454 55.369404,
 12.306281 15.143377 40.407806 42.665207,
 7.114871 8.288412 6.472488 7.083218,
 7.006701 22.152632 19.671593 8.347862,
 10.560321 32.060055 42.947624 26.440506,
 7.413934 15.318787 24.400230 26.111038,
 3.299998 4.068132 -0.876409 5.238678,
 3.095860 2.996364 -5.758591 1.423199,
 3.536228 1.545230 -1.938382 -2.949306,
 2.930274 3.592535 2.304903 4.299191,

Cross-correlations of the real part of each oriented sub-band with both the real and imaginary part of all phase-doubled oriented sub-bands at the next coarser scale (Q matrices of size 1x2Q, which are computed and stored in a matrix of size Qx2Q)
 -0.569593 -1.642365 -1.305520 -2.200701 1.538131 0.101206 0.064408 -0.395344,
 -1.174337 -32.486317 -33.245922 -8.730544 0.601947 -0.306446 -0.822174 -0.598830,
 -1.691780 -47.658390 -71.138634 -40.170197 -0.085103 -0.121455 -0.105157 -1.208746,
 -1.258708 -9.062938 -24.894432 -28.106749 0.321180 0.069568 1.475549 -0.810647,
 -0.118756 -0.663734 0.126509 -0.916710 1.252300 0.471418 0.622722 0.536346,
 -0.380761 -7.328557 -9.356415 -2.456674 0.216113 0.121161 6.851449 1.946135,
 -0.487002 -9.609142 -19.769882 -11.697687 -0.322940 0.958712 30.323042 16.430252,
 -0.428933 -1.933057 -4.431808 -8.238239 0.503014 1.025023 18.632462 13.593404,
 0.893881 1.372793 0.196401 -0.829282 1.069714 0.261022 -0.256544 -0.571265,
 0.954276 11.065096 5.970740 -1.426538 -0.110048 0.400661 -1.427521 0.467325,
 0.104148 10.600222 -4.638388 -10.294328 -0.126534 -1.554225 -0.144204 3.261753,
 0.015957 0.864577 -8.519541 -8.360685 0.862294 -1.024421 0.652279 1.018550,
