Low-band skewness and kurtosis
 -0.520493 2.168779,
 -0.431156 2.310333,
 -0.374201 2.327853,
 -0.466598 2.543694,
 -0.249516 1.849430,

High-band variance
 963.101318,

Skewness, kurtosis, variance, mean, maximum and minimum of the reconstructed texture
 -0.642777 1.950769 5702.093262 188.097534 255.000000 1.000000,

Auto-correlations of the low-frequency bands at each scale
 1196.136597 1130.305420 1111.363647 1133.747559 1174.717651 1212.266357 1233.845825 1591.430054 1374.284546 1179.178589 1073.173218 1085.870483 1203.000122 1371.314087 2997.263916 3066.006836 3060.500732 2968.078857 2804.349365 2639.447266 2529.731201 3679.402344 4066.569824 4396.751465 4532.548340 4396.751465 4066.569824 3679.402344 2529.731201 2639.447266 2804.349365 2968.078857 3060.500732 3066.006836 2997.263916 1371.314087 1203.000122 1085.870483 1073.173218 1179.178589 1374.284546 1591.430054 1233.845825 1212.266357 1174.717651 1133.747559 1111.363647 1130.305420 1196.136597,
 1075.241821 1016.101685 992.035278 996.635071 1011.840210 1028.099976 1044.326050 1300.912476 1145.392700 1012.038391 934.270264 923.809509 979.091858 1072.314087 2082.834229 2138.376709 2165.334229 2133.293457 2038.754639 1939.324951 1875.356812 2567.247314 2812.051758 3034.511230 3130.616211 3034.511230 2812.051758 2567.247314 1875.356812 1939.324951 2038.754639 2133.293457 2165.334229 2138.376709 2082.834229 1072.314087 979.091858 923.809509 934.270264 1012.038391 1145.392700 1300.912476 1044.326050 1028.099976 1011.840210 996.635071 992.035278 1016.101685 1075.241821,
 1019.764160 1006.595520 1000.500732 999.245178 995.681274 993.288147 996.447754 1091.718750 1022.178955 974.351746 955.914795 959.169739 991.877808 1052.447754 1598.071899 1615.944092 1633.493896 1623.229370 1560.503418 1488.466064 1450.226196 1865.811890 2001.197266 2137.898193 2201.868896 2137.898193 2001.197266 1865.811890 1450.226196 1488.466064 1560.503418 1623.229370 1633.493896 1615.944092 1598.071899 1052.447754 991.877808 959.169739 955.914795 974.351746 1022.178955 1091.718750 996.447754 993.288147 995.681274 999.245178 1000.500732 1006.595520 1019.764160,
 490.921967 470.518280 447.588531 419.775452 388.242706 361.693329 346.193573 946.905884 922.471924 885.391479 845.880371 813.651733 797.101074 788.820801 1310.533081 1337.639893 1361.250244 1356.333252 1314.406738 1266.959473 1234.503296 1461.528076 1530.672485 1611.592163 1651.208618 1611.592163 1530.672485 1461.528076 1234.503296 1266.959473 1314.406738 1356.333252 1361.250244 1337.639893 1310.533081 788.820801 797.101074 813.651733 845.880371 885.391479 922.471924 946.905884 346.193573 361.693329 388.242706 419.775452 447.588531 470.518280 490.921967,
 -901.468994 -921.367310 -948.926208 -964.307007 -947.210144 -911.599243 -889.135620 44.624165 28.841188 -14.875610 -65.227303 -87.063972 -62.270363 -11.730316 941.092712 985.450500 1000.825439 966.367188 896.369751 845.941101 848.453064 1270.039429 1333.642334 1415.771362 1456.012817 1415.771362 1333.642334 1270.039429 848.453064 845.941101 896.369751 966.367188 1000.825439 985.450500 941.092712 -11.730316 -62.270363 -87.063972 -65.227303 -14.875610 28.841188 44.624165 -889.135620 -911.599243 -947.210144 -964.307007 -948.926208 -921.367310 -901.468994,

Auto-correlations of the modulus of each oriented sub-band
 5.645270 6.844122 7.876644 8.217314 7.599411 6.296453 4.843971 6.244943 7.688481 8.820610 9.139455 8.472311 7.088375 5.494004 7.307624 9.434466 11.297748 12.182177 11.538846 9.567431 7.146173 8.006009 11.075787 14.032853 15.335549 14.032853 11.075787 8.006009 7.146173 9.567431 11.538846 12.182177 11.297748 9.434466 7.307624 5.494004 7.088375 8.472311 9.139455 8.820610 7.688481 6.244943 4.843971 6.296453 7.599411 8.217314 7.876644 6.844122 5.645270,
 21.725636 25.964058 31.211315 35.397434 36.952106 36.989548 37.026150 38.342991 46.663704 56.814095 62.780743 61.237617 56.568901 52.847790 55.783981 68.781578 85.409660 93.969849 86.977669 74.381416 65.052216 66.472862 80.187218 98.861015 109.241608 98.861015 80.187218 66.472862 65.052216 74.381416 86.977669 93.969849 85.409660 68.781578 55.783981 52.847790 56.568901 61.237617 62.780743 56.814095 46.663704 38.342991 37.026150 36.989548 36.952106 35.397434 31.211315 25.964058 21.725636,
 155.434875 171.205917 183.792404 187.850372 178.476883 160.541977 143.944519 227.468552 267.157104 303.533081 317.241608 294.631897 249.873611 208.243484 291.985901 362.612183 433.293427 463.594879 426.284576 349.362183 277.310364 313.462646 399.796539 490.717773 533.466431 490.717773 399.796539 313.462646 277.310364 349.362183 426.284576 463.594879 433.293427 362.612183 291.985901 208.243484 249.873611 294.631897 317.241608 303.533081 267.157104 227.468552 143.944519 160.541977 178.476883 187.850372 183.792404 171.205917 155.434875,
 79.842216 81.012650 80.843002 78.326195 72.698776 64.686996 56.784462 101.926659 110.243546 116.913589 117.807098 109.416840 93.819763 77.840828 118.044594 136.549026 154.583496 162.122086 150.861633 126.592667 102.289742 118.669777 144.572235 171.144348 183.468506 171.144348 144.572235 118.669777 102.289742 126.592667 150.861633 162.122086 154.583496 136.549026 118.044594 77.840828 93.819763 109.416840 117.807098 116.913589 110.243546 101.926659 56.784462 64.686996 72.698776 78.326195 80.843002 81.012650 79.842216,
 4.162040 5.307859 6.398103 6.881381 6.443505 5.296291 3.980131 5.229689 6.610773 7.800434 8.258677 7.690178 6.337584 4.833935 6.246282 8.473048 10.563707 11.503979 10.683359 8.564145 6.251960 6.926089 9.917678 12.896660 14.229216 12.896660 9.917678 6.926089 6.251960 8.564145 10.683359 11.503979 10.563707 8.473048 6.246282 4.833935 6.337584 7.690178 8.258677 7.800434 6.610773 5.229689 3.980131 5.296291 6.443505 6.881381 6.398103 5.307859 4.162040,
 2.361885 4.574448 6.815093 8.515622 9.784425 10.796326 11.019460 13.987377 19.661467 24.979898 26.867878 25.642435 23.869257 21.843082 26.290956 35.399101 45.298054 48.807320 43.742306 36.688942 30.955107 33.167725 42.308739 53.698814 59.898849 53.698814 42.308739 33.167725 30.955107 36.688942 43.742306 48.807320 45.298054 35.399101 26.290956 21.843082 23.869257 25.642435 26.867878 24.979898 19.661467 13.987377 11.019460 10.796326 9.784425 8.515622 6.815093 4.574448 2.361885,
 29.651604 41.637489 56.439369 66.375328 67.080910 61.618530 54.843002 69.520134 100.164917 133.043610 150.617767 142.974548 119.850708 96.109612 115.031952 168.318909 224.377777 251.724823 230.417480 180.689636 132.553131 141.618164 203.930878 269.807922 300.853149 269.807922 203.930878 141.618164 132.553131 180.689636 230.417480 251.724823 224.377777 168.318909 115.031952 96.109612 119.850708 142.974548 150.617767 133.043610 100.164917 69.520134 54.843002 61.618530 67.080910 66.375328 56.439369 41.637489 29.651604,
 38.597359 41.573822 42.576809 40.879929 37.400028 33.883118 31.344172 48.891190 56.091572 61.849003 62.954720 57.363865 47.904049 39.780777 56.769119 70.356415 84.989815 91.709000 82.846779 64.913361 49.727081 56.999321 74.733459 95.841278 106.555054 95.841278 74.733459 56.999321 49.727081 64.913361 82.846779 91.709000 84.989815 70.356415 56.769119 39.780777 47.904049 57.363865 62.954720 61.849003 56.091572 48.891190 31.344172 33.883118 37.400028 40.879929 42.576809 41.573822 38.597359,
 3.473357 4.442386 5.203598 5.529912 5.279362 4.498423 3.395717 4.074112 5.568486 6.873801 7.495887 7.142795 5.956496 4.400761 5.652486 8.311598 10.809514 11.997046 11.170558 8.817892 6.106600 6.848971 10.253685 13.476295 14.866543 13.476295 10.253685 6.848971 6.106600 8.817892 11.170558 11.997046 10.809514 8.311598 5.652486 4.400761 5.956496 7.142795 7.495887 6.873801 5.568486 4.074112 3.395717 4.498423 5.279362 5.529912 5.203598 4.442386 3.473357,
 3.669579 4.752522 4.528909 2.968914 1.218467 -0.428160 -2.184354 4.043457 7.820017 10.966080 10.084442 6.352695 3.074719 0.710909 5.510393 11.813515 19.678003 21.577560 15.341154 8.501896 4.519488 6.302254 12.487768 22.247225 28.063648 22.247225 12.487768 6.302254 4.519488 8.501896 15.341154 21.577560 19.678003 11.813515 5.510393 0.710909 3.074719 6.352695 10.084442 10.966080 7.820017 4.043457 -2.184354 -0.428160 1.218467 2.968914 4.528909 4.752522 3.669579,
 14.942835 20.827374 21.792507 16.167677 4.951793 -4.842860 -7.618401 31.935497 49.404572 60.726288 58.028988 39.379555 16.579781 1.639707 45.774559 77.912865 106.363899 113.782356 91.073418 54.684380 24.269676 44.104874 82.602127 122.788849 141.768219 122.788849 82.602127 44.104874 24.269676 54.684380 91.073418 113.782356 106.363899 77.912865 45.774559 1.639707 16.579781 39.379555 58.028988 60.726288 49.404572 31.935497 -7.618401 -4.842860 4.951793 16.167677 21.792507 20.827374 14.942835,
 9.562328 8.278400 7.030627 6.097442 6.219415 7.757408 10.132683 16.464415 17.814232 19.092718 19.698944 18.767138 16.390121 14.064062 21.171675 26.812935 34.152020 38.929100 35.754055 26.441246 18.181700 21.339336 30.625061 42.801323 49.312592 42.801323 30.625061 21.339336 18.181700 26.441246 35.754055 38.929100 34.152020 26.812935 21.171675 14.064062 16.390121 18.767138 19.698944 19.092718 17.814232 16.464415 10.132683 7.757408 6.219415 6.097442 7.030627 8.278400 9.562328,
 0.246487 1.541820 2.720725 3.300493 2.921927 1.714130 0.255805 0.364807 1.861955 3.192352 3.775227 3.252527 1.876459 0.324372 1.524731 3.452096 5.214065 5.979597 5.233552 3.397237 1.398091 2.638076 5.126451 7.471577 8.497714 7.471577 5.126451 2.638076 1.398091 3.397237 5.233552 5.979597 5.214065 3.452096 1.524731 0.324372 1.876459 3.252527 3.775227 3.192352 1.861955 0.364807 0.255805 1.714130 2.921927 3.300493 2.720725 1.541820 0.246487,
 0.442623 0.402030 0.887747 1.301588 1.485688 1.466978 1.511193 3.936107 3.918860 4.195576 4.217206 3.777299 3.192408 2.642538 6.896903 8.701744 10.405420 10.529586 8.662119 6.572175 4.929340 6.964448 9.632225 12.894324 14.734913 12.894324 9.632225 6.964448 4.929340 6.572175 8.662119 10.529586 10.405420 8.701744 6.896903 2.642538 3.192408 3.777299 4.217206 4.195576 3.918860 3.936107 1.511193 1.466978 1.485688 1.301588 0.887747 0.402030 0.442623,
 -5.949903 -1.574809 4.175693 8.262516 6.643764 4.202426 3.610471 6.117775 13.150621 21.990765 27.064566 22.693638 15.725313 11.680965 19.626654 32.137211 46.997566 54.951920 47.158058 33.450817 23.141195 27.607351 42.373863 60.312408 70.094292 60.312408 42.373863 27.607351 23.141195 33.450817 47.158058 54.951920 46.997566 32.137211 19.626654 11.680965 15.725313 22.693638 27.064566 21.990765 13.150621 6.117775 3.610471 4.202426 6.643764 8.262516 4.175693 -1.574809 -5.949903,
 -0.736475 0.439507 1.753185 2.533900 2.828490 3.039483 2.983536 2.034707 3.588247 6.428517 8.780865 8.675051 5.982344 2.774589 4.285225 8.145350 14.355858 18.650944 16.606216 9.799278 3.637730 4.689437 11.191914 19.856445 24.334965 19.856445 11.191914 4.689437 3.637730 9.799278 16.606216 18.650944 14.355858 8.145350 4.285225 2.774589 5.982344 8.675051 8.780865 6.428517 3.588247 2.034707 2.983536 3.039483 2.828490 2.533900 1.753185 0.439507 -0.736475,

Pairwise cross-correlations of the modulus of all oriented sub-bands at the same scale (size QxQ)
 15.335549 11.001331 12.972878 18.558796,
 11.001331 109.241600 169.336624 44.627304,
 12.972878 169.336624 533.466553 228.334305,
 18.558796 44.627304 228.334305 183.468521,
 14.229218 5.524894 9.372407 13.361096,
 5.524894 59.898861 85.832176 17.993217,
 9.372407 85.832176 300.853180 122.551392,
 13.361096 17.993217 122.551392 106.555069,
 14.866545 4.348627 -0.853823 9.672534,
 4.348627 28.063652 34.045734 7.330402,
 -0.853823 34.045734 141.768250 50.366367,
 9.672534 7.330402 50.366367 49.312595,
 8.497715 4.720713 0.744787 5.358597,
 4.720713 14.734914 19.872116 9.898876,
 0.744787 19.872116 70.094292 25.210993,
 5.358597 9.898876 25.210993 24.334969,

Cross-correlations of the modulus of all oriented sub-bands with all oriented sub-bands at the coarser scale (size QxQ)
 10.204920 5.608801 4.179055 11.271366,
 8.747788 24.028057 26.851730 12.108089,
 14.829878 28.424042 76.252754 50.756069,
 14.138653 7.375751 37.466999 50.720417,
 9.757431 2.976795 -0.943808 9.082948,
 4.516202 4.052668 -0.075950 4.481285,
 8.027094 -2.222391 16.626642 16.163330,
 9.584375 -5.611761 6.689351 20.621773,
 8.404940 5.870871 0.972665 8.004962,
 2.318343 3.412770 0.495216 1.576310,
 -0.112616 5.806821 26.039328 7.906433,
 6.786031 7.821350 17.276726 12.491032,

Cross-correlations of the real part of each oriented sub-band with both the real and imaginary part of all phase-doubled oriented sub-bands at the next coarser scale (Q matrices of size 1x2Q, which are computed and stored in a matrix of size Qx2Q)
 -1.436350 -1.924369 -1.475354 -3.497575 0.530331 -0.245871 0.192285 0.129430,
 -0.942978 -41.801384 -47.610928 -10.011113 0.267966 -4.705894 -4.309667 0.571906,
 -2.338116 -67.744247 -102.365829 -47.894585 0.010449 -8.470343 -5.433924 3.729915,
 -3.434919 -14.877824 -34.110580 -36.652195 0.064848 -2.091841 0.136927 2.483807,
 -0.536953 -0.569911 -0.608356 -1.121307 -0.097315 -0.137732 0.055231 0.934411,
 -0.226328 -15.357471 -18.669359 -5.047555 -0.041785 -1.829998 -7.175980 -1.188179,
 -0.619318 -23.574583 -41.842491 -23.480888 -0.271674 -5.532089 -22.535095 0.530531,
 -1.085102 -4.160396 -15.623399 -16.433918 -0.602165 -2.126120 -8.614447 4.144130,
 -1.852023 0.475320 0.361087 -0.985042 -1.216774 -0.759714 -0.029095 0.539090,
 -0.533696 1.379434 5.789819 4.130686 -0.512790 -0.616512 10.223844 0.434359,
 -0.090099 2.272447 40.813766 23.352844 -0.000946 6.041411 21.300961 -3.456242,
 -1.254214 1.828119 25.051392 12.576356 -0.443903 2.500041 4.426675 -2.416064,
