Low-band skewness and kurtosis
 -0.495260 2.122421,
 -0.305302 2.141273,
 -0.144982 2.287553,
 0.025976 1.668307,
 0.069953 1.538567,

High-band variance
 1065.671387,

Skewness, kurtosis, variance, mean, maximum and minimum of the reconstructed texture
 -0.662575 1.981638 5562.192383 189.631592 255.000000 2.000000,

Auto-correlations of the low-frequency bands at each scale
 835.927979 830.970581 828.375366 827.120972 823.512329 821.236938 823.011597 851.723450 810.850708 794.302551 806.765137 845.905701 913.918823 1006.079407 2460.710205 2529.857910 2602.493408 2664.630859 2703.777588 2730.337402 2754.331787 3974.218994 4111.690430 4216.375000 4257.980469 4216.375000 4111.690430 3974.218994 2754.331787 2730.337402 2703.777588 2664.630859 2602.493408 2529.857910 2460.710205 1006.079407 913.918823 845.905701 806.765137 794.302551 810.850708 851.723450 823.011597 821.236938 823.512329 827.120972 828.375366 830.970581 835.927979,
 655.205750 660.746460 663.086304 665.602356 670.464478 678.568726 688.129211 660.816467 636.110352 625.362488 633.436584 660.270813 706.288086 767.200623 1665.052002 1715.245728 1774.249756 1826.052734 1855.716553 1871.748901 1885.539307 2675.477051 2768.714111 2846.860352 2879.839111 2846.860352 2768.714111 2675.477051 1885.539307 1871.748901 1855.716553 1826.052734 1774.249756 1715.245728 1665.052002 767.200623 706.288086 660.270813 633.436584 625.362488 636.110352 660.816467 688.129211 678.568726 670.464478 665.602356 663.086304 660.746460 655.205750,
 873.434753 853.856567 832.428772 813.703430 799.586121 789.367432 782.809143 478.205841 453.738312 440.504181 443.039490 459.769684 488.773590 527.355591 1112.281738 1153.211548 1206.126587 1255.642822 1285.905884 1303.873413 1320.441406 1897.910522 1957.852783 2014.099976 2039.520508 2014.099976 1957.852783 1897.910522 1320.441406 1303.873413 1285.905884 1255.642822 1206.126587 1153.211548 1112.281738 527.355591 488.773590 459.769684 443.039490 440.504181 453.738312 478.205841 782.809143 789.367432 799.586121 813.703430 832.428772 853.856567 873.434753,
 449.549500 458.147949 460.083466 458.041626 455.333099 449.786377 438.751282 764.872314 747.891296 734.940369 727.742676 728.057678 738.220398 754.557983 1016.717651 1023.681702 1040.977661 1057.662964 1064.645874 1070.873413 1081.697144 1210.811401 1242.673340 1275.690674 1291.759521 1275.690674 1242.673340 1210.811401 1081.697144 1070.873413 1064.645874 1057.662964 1040.977661 1023.681702 1016.717651 754.557983 738.220398 728.057678 727.742676 734.940369 747.891296 764.872314 438.751282 449.786377 455.333099 458.041626 460.083466 458.147949 449.549500,
 -804.153320 -807.902405 -809.692017 -808.851562 -806.798340 -804.310730 -802.176880 0.969363 -5.565944 -9.966134 -10.208681 -7.325166 -2.210438 2.794307 800.265625 801.541992 806.901306 811.760620 811.251404 807.674561 804.402222 1132.066528 1142.533325 1155.989868 1162.667725 1155.989868 1142.533325 1132.066528 804.402222 807.674561 811.251404 811.760620 806.901306 801.541992 800.265625 2.794307 -2.210438 -7.325166 -10.208681 -9.966134 -5.565944 0.969363 -802.176880 -804.310730 -806.798340 -808.851562 -809.692017 -807.902405 -804.153320,

Auto-correlations of the modulus of each oriented sub-band
 2.594202 3.774242 4.795672 5.227603 4.863564 3.902634 2.767370 2.912565 4.179450 5.263080 5.705063 5.291257 4.248300 3.032678 3.397484 4.884531 6.168026 6.685201 6.162940 4.891479 3.438981 3.722435 5.388794 6.862922 7.470929 6.862922 5.388794 3.722435 3.438981 4.891479 6.162940 6.685201 6.168026 4.884531 3.397484 3.032678 4.248300 5.291257 5.705063 5.263080 4.179450 2.912565 2.767370 3.902634 4.863564 5.227603 4.795672 3.774242 2.594202,
 26.910089 27.974237 28.824389 29.173931 29.080511 28.788107 28.567816 47.331467 51.388123 54.582767 55.642483 54.590443 52.402664 49.872818 70.391373 78.295837 84.934776 87.270584 84.493233 78.879654 72.637909 82.055237 91.156036 99.341843 102.922760 99.341843 91.156036 82.055237 72.637909 78.879654 84.493233 87.270584 84.934776 78.295837 70.391373 49.872818 52.402664 54.590443 55.642483 54.582767 51.388123 47.331467 28.567816 28.788107 29.080511 29.173931 28.824389 27.974237 26.910089,
 146.380264 148.018356 149.087784 148.435242 145.317368 140.884018 136.835373 275.783569 293.544586 306.989563 310.739197 302.013428 284.126556 263.188782 417.187439 458.002289 490.243195 501.925629 486.640167 451.245941 408.478516 479.455292 533.037354 576.971008 594.843567 576.971008 533.037354 479.455292 408.478516 451.245941 486.640167 501.925629 490.243195 458.002289 417.187439 263.188782 284.126556 302.013428 310.739197 306.989563 293.544586 275.783569 136.835373 140.884018 145.317368 148.435242 149.087784 148.018356 146.380264,
 25.596708 26.436039 27.107859 27.143398 26.336233 24.870434 23.195204 42.432850 45.470840 48.274216 49.497826 47.872124 43.614243 38.611233 59.761307 66.762833 73.735367 77.260956 74.106552 65.728027 56.653076 66.228073 76.394745 86.568436 91.250427 86.568436 76.394745 66.228073 56.653076 65.728027 74.106552 77.260956 73.735367 66.762833 59.761307 38.611233 43.614243 47.872124 49.497826 48.274216 45.470840 42.432850 23.195204 24.870434 26.336233 27.143398 27.107859 26.436039 25.596708,
 1.528043 2.167058 2.707852 2.911042 2.675787 2.128351 1.522281 1.676768 2.389778 3.007798 3.251857 3.007258 2.418698 1.769305 2.156449 3.157433 4.088439 4.484273 4.118083 3.234793 2.287568 2.603869 3.838331 5.032800 5.553139 5.032800 3.838331 2.603869 2.287568 3.234793 4.118083 4.484273 4.088439 3.157433 2.156449 1.769305 2.418698 3.007258 3.251857 3.007798 2.389778 1.676768 1.522281 2.128351 2.675787 2.911042 2.707852 2.167058 1.528043,
 0.279105 1.120713 2.120271 3.220253 4.226752 4.957909 5.303763 12.746195 16.138094 19.062738 20.460968 20.395391 19.761786 18.988134 27.830292 34.004765 39.925671 42.214573 39.908794 35.855938 32.222130 36.305119 42.744827 49.767902 53.229748 49.767902 42.744827 36.305119 32.222130 35.855938 39.908794 42.214573 39.925671 34.004765 27.830292 18.988134 19.761786 20.395391 20.460968 19.062738 16.138094 12.746195 5.303763 4.957909 4.226752 3.220253 2.120271 1.120713 0.279105,
 18.215128 23.849773 30.271490 35.235844 36.501167 35.055061 32.351051 87.880104 104.470551 119.839203 129.164352 128.863861 121.589844 110.961784 175.217422 204.333954 229.515686 242.244995 236.537720 217.873993 193.697861 223.754913 257.379974 285.326202 297.263885 285.326202 257.379974 223.754913 193.697861 217.873993 236.537720 242.244995 229.515686 204.333954 175.217422 110.961784 121.589844 128.863861 129.164352 119.839203 104.470551 87.880104 32.351051 35.055061 36.501167 35.235844 30.271490 23.849773 18.215128,
 8.031444 8.909653 9.984779 10.905165 11.212185 10.716724 9.648034 16.002327 18.034069 20.750784 23.283894 23.726915 21.616913 18.500534 24.958704 29.132175 34.732117 39.086304 38.052887 32.617477 26.920355 29.664019 35.798561 43.230179 47.134945 43.230179 35.798561 29.664019 26.920355 32.617477 38.052887 39.086304 34.732117 29.132175 24.958704 18.500534 21.616913 23.726915 23.283894 20.750784 18.034069 16.002327 9.648034 10.716724 11.212185 10.905165 9.984779 8.909653 8.031444,
 1.024620 1.377095 1.663982 1.758148 1.589740 1.242656 0.875017 0.947875 1.428332 1.803702 1.920898 1.727117 1.344697 0.969832 1.226211 2.093775 2.840130 3.100260 2.758260 2.068904 1.389776 1.650896 2.690809 3.701286 4.147096 3.701286 2.690809 1.650896 1.389776 2.068904 2.758260 3.100260 2.840130 2.093775 1.226211 0.969832 1.344697 1.727117 1.920898 1.803702 1.428332 0.947875 0.875017 1.242656 1.589740 1.758148 1.663982 1.377095 1.024620,
 7.633277 8.722982 8.275362 6.158459 3.889557 2.876445 2.619874 12.287979 15.962194 18.638115 17.835081 14.614968 12.010202 10.714676 17.714413 23.649900 30.249756 31.799580 27.138515 21.562166 17.950031 20.520569 26.396240 34.358833 38.784340 34.358833 26.396240 20.520569 17.950031 21.562166 27.138515 31.799580 30.249756 23.649900 17.714413 10.714676 12.010202 14.614968 17.835081 18.638115 15.962194 12.287979 2.619874 2.876445 3.889557 6.158459 8.275362 8.722982 7.633277,
 50.165184 54.816315 57.398769 56.501640 51.932209 45.333199 38.079643 91.722183 105.617081 116.626198 120.903503 116.540825 105.887009 92.052872 134.044907 158.729965 178.686569 187.240250 180.366165 161.904556 137.798477 154.348755 184.201324 208.038834 217.757874 208.038834 184.201324 154.348755 137.798477 161.904556 180.366165 187.240250 178.686569 158.729965 134.044907 92.052872 105.887009 116.540825 120.903503 116.626198 105.617081 91.722183 38.079643 45.333199 51.932209 56.501640 57.398769 54.816315 50.165184,
 3.532413 4.497649 5.392630 5.916699 5.958511 5.473454 4.936511 8.848977 10.106487 11.983654 14.183019 14.733725 13.235203 11.662465 14.757074 16.717316 20.578619 24.383404 23.665911 19.651653 16.749290 17.994169 20.951044 26.257401 29.571918 26.257401 20.951044 17.994169 16.749290 19.651653 23.665911 24.383404 20.578619 16.717316 14.757074 11.662465 13.235203 14.733725 14.183019 11.983654 10.106487 8.848977 4.936511 5.473454 5.958511 5.916699 5.392630 4.497649 3.532413,
 0.101502 0.177784 0.296490 0.344292 0.249139 0.059839 -0.092991 0.231061 0.448564 0.684723 0.817661 0.773006 0.574384 0.335522 0.536814 0.970828 1.409014 1.613310 1.449341 1.047849 0.655020 0.785993 1.407150 2.072505 2.384370 2.072505 1.407150 0.785993 0.655020 1.047849 1.449341 1.613310 1.409014 0.970828 0.536814 0.335522 0.574384 0.773006 0.817661 0.684723 0.448564 0.231061 -0.092991 0.059839 0.249139 0.344292 0.296490 0.177784 0.101502,
 -0.360535 0.253827 0.919867 1.346468 1.676374 1.860918 1.899589 3.463548 4.714210 5.654351 5.720218 5.425961 5.153410 4.767275 6.476413 8.895368 11.161513 11.460390 9.858470 8.185882 6.968670 7.618665 9.988512 13.009457 14.660779 13.009457 9.988512 7.618665 6.968670 8.185882 9.858470 11.460390 11.161513 8.895368 6.476413 4.767275 5.153410 5.425961 5.720218 5.654351 4.714210 3.463548 1.899589 1.860918 1.676374 1.346468 0.919867 0.253827 -0.360535,
 -12.484615 -6.119755 2.477936 8.585038 9.211696 4.688383 -1.039224 -4.972758 4.653130 15.919475 22.722561 21.427143 13.663450 4.859096 5.286061 19.067070 33.630711 41.150475 36.770931 24.224846 11.050872 12.154079 27.849928 43.520294 50.576733 43.520294 27.849928 12.154079 11.050872 24.224846 36.770931 41.150475 33.630711 19.067070 5.286061 4.859096 13.663450 21.427143 22.722561 15.919475 4.653130 -4.972758 -1.039224 4.688383 9.211696 8.585038 2.477936 -6.119755 -12.484615,
 -0.815657 -0.322666 0.180125 0.049574 -0.166586 -0.223778 -0.207357 -0.228705 0.504800 0.859468 1.178900 1.728996 1.780827 1.270389 0.764745 1.706438 2.905295 4.520355 5.068950 3.814258 2.028218 1.561762 3.332025 5.599725 6.923224 5.599725 3.332025 1.561762 2.028218 3.814258 5.068950 4.520355 2.905295 1.706438 0.764745 1.270389 1.780827 1.728996 1.178900 0.859468 0.504800 -0.228705 -0.207357 -0.223778 -0.166586 0.049574 0.180125 -0.322666 -0.815657,

Pairwise cross-correlations of the modulus of all oriented sub-bands at the same scale (size QxQ)
 7.470929 5.116721 2.485980 4.771848,
 5.116721 102.922760 220.861450 66.189133,
 2.485980 220.861450 594.843750 202.251862,
 4.771848 66.189133 202.251862 91.250443,
 5.553140 2.792606 -1.230792 3.439911,
 2.792606 53.229752 104.846161 29.004641,
 -1.230792 104.846161 297.263916 94.635658,
 3.439911 29.004641 94.635658 47.134949,
 4.147096 1.079940 -2.085625 1.860277,
 1.079940 38.784348 78.743874 22.911514,
 -2.085625 78.743874 217.757874 66.579498,
 1.860277 22.911514 66.579498 29.571918,
 2.384370 0.048448 -2.190432 0.728799,
 0.048448 14.660782 20.183353 4.577404,
 -2.190432 20.183353 50.576729 10.455527,
 0.728799 4.577404 10.455527 6.923224,

Cross-correlations of the modulus of all oriented sub-bands with all oriented sub-bands at the coarser scale (size QxQ)
 4.957339 2.844030 -3.886361 3.077698,
 5.803725 17.688459 28.617119 10.624782,
 7.463489 33.515472 79.539459 27.700554,
 5.011169 12.008433 25.036955 13.908825,
 3.250084 1.830372 -0.504339 3.249943,
 2.425036 4.008715 5.853631 4.726628,
 2.141047 7.375946 22.993532 9.245830,
 3.337001 4.543404 9.656508 7.730259,
 1.757777 0.689487 -2.975875 1.291829,
 0.850424 3.189197 10.777769 4.755010,
 1.172006 9.284223 33.520653 9.723765,
 1.766732 4.662906 8.913225 3.473722,

Cross-correlations of the real part of each oriented sub-band with both the real and imaginary part of all phase-doubled oriented sub-bands at the next coarser scale (Q matrices of size 1x2Q, which are computed and stored in a matrix of size Qx2Q)
 -0.873246 -0.416379 -0.304684 -0.521580 0.954751 0.080262 0.051739 -0.144731,
 -0.449743 -24.855886 -52.446590 -13.939804 0.430682 0.105777 5.168177 3.448497,
 -0.104118 -53.017208 -124.302429 -39.465042 0.060880 1.857380 16.701033 9.471161,
 -0.373615 -14.651450 -38.646591 -15.989430 0.365010 1.105289 6.632615 3.277977,
 -0.677337 -0.868847 -0.243771 -0.633547 0.170192 0.010130 0.102563 0.095992,
 -0.407130 -16.310307 -43.454609 -14.276868 -0.059560 -13.052758 -31.496223 -9.672161,
 -0.012323 -35.813881 -114.442848 -41.452110 -0.103369 -29.438803 -75.564110 -24.245102,
 -0.245771 -11.352772 -39.063026 -16.793606 0.053304 -8.329444 -22.614670 -7.313126,
 0.227500 -0.393486 -0.082622 0.066781 0.445501 -0.270915 0.039142 0.339272,
 0.068169 -3.186491 -9.099507 -2.902223 0.287206 -0.118046 13.492994 3.115812,
 -0.001587 -4.548481 -24.999008 -8.267474 -0.065406 6.889033 37.554527 9.195108,
 0.108391 -1.170500 -9.142542 -2.701241 -0.127662 3.539176 12.592049 4.120161,
