Low-band skewness and kurtosis
 -0.631582 2.194836,
 -0.538757 2.136673,
 -0.476993 2.045491,
 -0.446466 1.874881,
 -0.399955 1.759136,

High-band variance
 939.561462,

Skewness, kurtosis, variance, mean, maximum and minimum of the reconstructed texture
 -0.740114 2.050533 6102.643555 189.782898 255.000000 1.000000,

Auto-correlations of the low-frequency bands at each scale
 2339.888916 2269.274414 2221.438232 2207.125977 2233.804443 2308.462402 2425.862061 2652.681885 2424.729736 2226.498047 2158.344482 2258.167480 2480.890869 2721.900635 3477.044434 3567.994629 3653.743652 3696.932129 3658.101562 3553.750977 3418.527344 3950.279785 4396.971680 4799.944824 4968.671387 4799.944824 4396.971680 3950.279785 3418.527344 3553.750977 3658.101562 3696.932129 3653.743652 3567.994629 3477.044434 2721.900635 2480.890869 2258.167480 2158.344482 2226.498047 2424.729736 2652.681885 2425.862061 2308.462402 2233.804443 2207.125977 2221.438232 2269.274414 2339.888916,
 2174.981934 2122.766846 2079.485107 2058.577637 2070.953857 2121.222900 2201.410156 2332.936768 2224.583252 2124.722656 2087.782471 2139.785645 2265.054932 2404.245361 2858.282471 2922.813721 2992.523438 3032.550537 3012.864746 2954.881592 2884.467041 3206.138184 3451.288818 3686.833984 3789.538574 3686.833984 3451.288818 3206.138184 2884.467041 2954.881592 3012.864746 3032.550537 2992.523438 2922.813721 2858.282471 2404.245361 2265.054932 2139.785645 2087.782471 2124.722656 2224.583252 2332.936768 2201.410156 2121.222900 2070.953857 2058.577637 2079.485107 2122.766846 2174.981934,
 2064.760742 2004.791138 1948.852905 1909.306396 1884.252319 1864.875610 1848.577026 2220.399902 2109.901611 2014.781128 1975.684570 2003.337769 2072.234131 2137.845703 2472.800293 2513.281982 2560.215088 2593.117920 2596.778564 2584.084229 2565.014160 2732.801270 2882.753662 3027.356689 3090.748291 3027.356689 2882.753662 2732.801270 2565.014160 2584.084229 2596.778564 2593.117920 2560.215088 2513.281982 2472.800293 2137.845703 2072.234131 2003.337769 1975.684570 2014.781128 2109.901611 2220.399902 1848.577026 1864.875610 1884.252319 1909.306396 1948.852905 2004.791138 2064.760742,
 848.029358 833.681274 812.460449 787.051697 763.295532 750.905396 758.516174 1699.485474 1660.613159 1614.506836 1575.224731 1549.346680 1539.161255 1541.501343 2324.177734 2326.232666 2320.876221 2304.817383 2268.962158 2218.438232 2166.184570 2492.612549 2567.190430 2633.489502 2661.597656 2633.489502 2567.190430 2492.612549 2166.184570 2218.438232 2268.962158 2304.817383 2320.876221 2326.232666 2324.177734 1541.501343 1539.161255 1549.346680 1575.224731 1614.506836 1660.613159 1699.485474 758.516174 750.905396 763.295532 787.051697 812.460449 833.681274 848.029358,
 -1678.349365 -1707.111816 -1699.964111 -1661.710083 -1612.220703 -1580.323486 -1586.826172 -44.686924 -89.249245 -135.104660 -157.887009 -142.451096 -95.199348 -45.809010 1677.160889 1713.579590 1712.001099 1669.243530 1609.014282 1571.503174 1579.184082 2346.167969 2416.531738 2492.279053 2525.554443 2492.279053 2416.531738 2346.167969 1579.184082 1571.503174 1609.014282 1669.243530 1712.001099 1713.579590 1677.160889 -45.809010 -95.199348 -142.451096 -157.887009 -135.104660 -89.249245 -44.686924 -1586.826172 -1580.323486 -1612.220703 -1661.710083 -1699.964111 -1707.111816 -1678.349365,

Auto-correlations of the modulus of each oriented sub-band
 5.816961 6.646908 7.447268 7.847273 7.632545 6.947262 6.123569 6.563956 7.645516 8.553096 8.957418 8.675038 7.825078 6.798717 7.563407 9.484630 11.130658 11.818441 11.240333 9.696099 7.833876 8.157253 10.951564 13.942461 15.342905 13.942461 10.951564 8.157253 7.833876 9.696099 11.240333 11.818441 11.130658 9.484630 7.563407 6.798717 7.825078 8.675038 8.957418 8.553096 7.645516 6.563956 6.123569 6.947262 7.632545 7.847273 7.447268 6.646908 5.816961,
 77.570007 86.098328 95.961609 105.526115 112.123444 115.991425 118.680115 96.387100 111.552231 128.213303 139.966156 142.274796 139.104538 134.934036 118.864258 140.596985 164.780304 178.225769 172.081940 156.822601 142.530518 136.663666 158.657135 183.684677 196.636459 183.684677 158.657135 136.663666 142.530518 156.822601 172.081940 178.225769 164.780304 140.596985 118.864258 134.934036 139.104538 142.274796 139.966156 128.213303 111.552231 96.387100 118.680115 115.991425 112.123444 105.526115 95.961609 86.098328 77.570007,
 220.196747 232.260483 245.855957 250.344467 239.212463 220.186508 205.064850 268.345245 300.586487 338.996002 356.587891 334.675140 292.830566 259.239594 314.100128 370.082306 439.395660 474.183044 437.959503 367.273773 310.959015 333.278168 400.515564 485.462616 529.663330 485.462616 400.515564 333.278168 310.959015 367.273773 437.959503 474.183044 439.395660 370.082306 314.100128 259.239594 292.830566 334.675140 356.587891 338.996002 300.586487 268.345245 205.064850 220.186508 239.212463 250.344467 245.855957 232.260483 220.196747,
 109.098541 105.841827 100.388962 92.894638 83.766525 74.824646 67.730591 128.349030 132.246033 134.089111 131.111694 120.597565 106.077644 93.191498 140.056641 153.334900 166.613510 171.665955 160.063431 139.100861 120.032356 137.781036 157.678101 179.625641 190.777893 179.625641 157.678101 137.781036 120.032356 139.100861 160.063431 171.665955 166.613510 153.334900 140.056641 93.191498 106.077644 120.597565 131.111694 134.089111 132.246033 128.349030 67.730591 74.824646 83.766525 92.894638 100.388962 105.841827 109.098541,
 3.549643 4.212300 4.920502 5.324906 5.216419 4.681068 3.993281 3.845114 4.677395 5.495490 5.983289 5.921646 5.301798 4.392512 4.925288 6.444759 8.021524 8.833319 8.313742 6.824870 5.202077 5.722413 7.954473 10.418840 11.594602 10.418840 7.954473 5.722413 5.202077 6.824870 8.313742 8.833319 8.021524 6.444759 4.925288 4.392512 5.301798 5.921646 5.983289 5.495490 4.677395 3.845114 3.993281 4.681068 5.216419 5.324906 4.920502 4.212300 3.549643,
 33.967102 40.353756 47.254120 52.325211 54.447746 54.320751 52.964424 42.012207 53.273670 65.203751 72.052841 71.940506 67.322449 61.063660 52.575378 68.748322 86.486832 95.199547 89.871445 77.503174 64.941193 61.597481 78.555336 97.348328 106.710182 97.348328 78.555336 61.597481 64.941193 77.503174 89.871445 95.199547 86.486832 68.748322 52.575378 61.063660 67.322449 71.940506 72.052841 65.203751 53.273670 42.012207 52.964424 54.320751 54.447746 52.325211 47.254120 40.353756 33.967102,
 94.903488 104.032860 115.322662 121.490051 117.570770 105.891106 92.448578 108.967201 134.177521 162.597443 175.910645 163.038177 134.720703 108.575386 126.335526 170.271347 221.251465 245.421356 220.992432 170.550766 127.107697 134.941803 187.267593 249.414017 280.215637 249.414017 187.267593 134.941803 127.107697 170.550766 220.992432 245.421356 221.251465 170.271347 126.335526 108.575386 134.720703 163.038177 175.910645 162.597443 134.177521 108.967201 92.448578 105.891106 117.570770 121.490051 115.322662 104.032860 94.903488,
 39.669060 39.536331 38.908188 37.608997 35.096298 31.430855 27.675772 45.320267 49.174145 52.911175 54.350140 50.596516 42.975712 35.921173 50.293671 59.971951 71.220131 77.380241 71.245110 57.399364 45.385941 50.931900 64.528763 81.048813 89.588196 81.048813 64.528763 50.931900 45.385941 57.399364 71.245110 77.380241 71.220131 59.971951 50.293671 35.921173 42.975712 50.596516 54.350140 52.911175 49.174145 45.320267 27.675772 31.430855 35.096298 37.608997 38.908188 39.536331 39.669060,
 2.028094 2.347892 2.530241 2.529464 2.408462 2.202289 1.918555 2.173548 2.529126 2.728564 2.707656 2.528291 2.267229 1.971456 2.294364 3.007925 3.693465 3.928793 3.540366 2.838115 2.229640 2.558537 3.652881 5.006106 5.698715 5.006106 3.652881 2.558537 2.229640 2.838115 3.540366 3.928793 3.693465 3.007925 2.294364 1.971456 2.267229 2.528291 2.707656 2.728564 2.529126 2.173548 1.918555 2.202289 2.408462 2.529464 2.530241 2.347892 2.028094,
 21.920605 27.637003 32.543114 34.628410 33.799858 31.405558 27.990559 27.294909 35.829090 43.513092 46.665424 44.688995 40.143078 34.279446 33.082859 44.645512 55.885506 60.225895 55.480865 46.899151 38.110584 37.215164 48.793873 61.037949 67.081177 61.037949 48.793873 37.215164 38.110584 46.899151 55.480865 60.225895 55.885506 44.645512 33.082859 34.279446 40.143078 44.688995 46.665424 43.513092 35.829090 27.294909 27.990559 31.405558 33.799858 34.628410 32.543114 27.637003 21.920605,
 23.575638 42.436020 60.253529 65.558449 55.437649 39.014771 25.083511 35.902893 64.816971 93.429649 104.195587 89.261436 61.367077 36.013527 46.679871 85.627625 125.946907 143.293213 123.279289 83.140503 45.945091 50.518478 93.512405 139.373077 161.021271 139.373077 93.512405 50.518478 45.945091 83.140503 123.279289 143.293213 125.946907 85.627625 46.679871 36.013527 61.367077 89.261436 104.195587 93.429649 64.816971 35.902893 25.083511 39.014771 55.437649 65.558449 60.253529 42.436020 23.575638,
 8.596273 13.520700 17.820093 18.677181 14.656328 7.823802 2.256667 13.276488 20.914562 27.995865 30.367933 25.159836 14.951893 5.973449 16.192142 26.999220 38.159721 43.258118 36.907555 23.176020 10.949670 15.202496 28.112272 42.557968 49.520172 42.557968 28.112272 15.202496 10.949670 23.176020 36.907555 43.258118 38.159721 26.999220 16.192142 5.973449 14.951893 25.159836 30.367933 27.995865 20.914562 13.276488 2.256667 7.823802 14.656328 18.677181 17.820093 13.520700 8.596273,
 0.092866 0.278048 0.396683 0.386462 0.306920 0.257293 0.246511 0.409478 0.542261 0.616691 0.644438 0.671305 0.673951 0.584369 0.663991 0.850125 1.131506 1.354016 1.334280 1.072451 0.757208 0.827336 1.230741 1.802891 2.107445 1.802891 1.230741 0.827336 0.757208 1.072451 1.334280 1.354016 1.131506 0.850125 0.663991 0.584369 0.673951 0.671305 0.644438 0.616691 0.542261 0.409478 0.246511 0.257293 0.306920 0.386462 0.396683 0.278048 0.092866,
 -3.167887 -0.755898 1.619848 3.013970 3.613901 3.701625 3.259057 -2.425369 1.488902 5.381922 7.075896 6.511050 5.144843 3.730740 -0.384699 4.632752 9.889062 12.031199 9.876239 6.158717 2.998793 1.604533 6.429022 11.897127 14.640970 11.897127 6.429022 1.604533 2.998793 6.158717 9.876239 12.031199 9.889062 4.632752 -0.384699 3.730740 5.144843 6.511050 7.075896 5.381922 1.488902 -2.425369 3.259057 3.701625 3.613901 3.013970 1.619848 -0.755898 -3.167887,
 1.778500 7.627874 12.415480 13.748421 10.897093 4.299982 -3.503272 4.696968 13.536729 22.824539 26.538174 21.258648 10.332135 -0.237561 6.371625 18.556284 33.375111 40.590965 32.713100 16.952196 3.467765 6.074900 20.358921 38.201458 47.437840 38.201458 20.358921 6.074900 3.467765 16.952196 32.713100 40.590965 33.375111 18.556284 6.371625 -0.237561 10.332135 21.258648 26.538174 22.824539 13.536729 4.696968 -3.503272 4.299982 10.897093 13.748421 12.415480 7.627874 1.778500,
 0.118152 0.902714 1.259360 1.130257 0.793527 0.371598 -0.083187 2.850229 3.834174 4.108920 3.831461 2.925996 1.392589 -0.257105 4.581476 6.662730 8.273968 8.909086 7.461054 4.412768 1.303415 3.670817 6.991225 10.306866 11.911405 10.306866 6.991225 3.670817 1.303415 4.412768 7.461054 8.909086 8.273968 6.662730 4.581476 -0.257105 1.392589 2.925996 3.831461 4.108920 3.834174 2.850229 -0.083187 0.371598 0.793527 1.130257 1.259360 0.902714 0.118152,

Pairwise cross-correlations of the modulus of all oriented sub-bands at the same scale (size QxQ)
 15.342904 21.847290 25.705984 20.103659,
 21.847290 196.636490 215.219650 36.010170,
 25.705984 215.219650 529.663452 218.966278,
 20.103659 36.010170 218.966278 190.777908,
 11.594601 12.932796 19.767666 14.687781,
 12.932796 106.710197 117.550743 19.045717,
 19.767666 117.550743 280.215637 100.950455,
 14.687781 19.045717 100.950455 89.588203,
 5.698715 6.633367 6.307550 4.346340,
 6.633367 67.081177 69.108620 8.864100,
 6.307550 69.108620 161.021271 57.097610,
 4.346340 8.864100 57.097610 49.520172,
 2.107445 1.224196 2.647731 1.823463,
 1.224196 14.640972 17.240726 1.330371,
 2.647731 17.240726 47.437840 15.245085,
 1.823463 1.330371 15.245085 11.911407,

Cross-correlations of the modulus of all oriented sub-bands with all oriented sub-bands at the coarser scale (size QxQ)
 8.400241 11.930085 15.650897 12.456285,
 16.301672 72.693520 75.431198 14.488103,
 26.003559 67.854019 139.596954 67.902023,
 15.068671 10.113767 64.841759 61.004101,
 5.008349 8.802374 9.590247 5.292294,
 7.498498 35.532364 31.970640 -1.532511,
 13.609354 36.716270 55.705025 15.488033,
 8.964961 2.769880 20.726040 22.892675,
 1.483546 0.631085 -0.304287 -0.025672,
 4.005774 14.685112 17.495630 -1.247964,
 4.511013 10.796933 24.864529 2.939034,
 1.735020 -5.392512 -1.140801 2.919539,

Cross-correlations of the real part of each oriented sub-band with both the real and imaginary part of all phase-doubled oriented sub-bands at the next coarser scale (Q matrices of size 1x2Q, which are computed and stored in a matrix of size Qx2Q)
 -1.755755 -4.416895 -2.861185 -3.039975 0.383233 0.167974 0.124780 0.091576,
 -4.198881 -34.280693 -18.903488 -5.549102 0.269969 2.429247 1.347485 -0.925328,
 -4.603837 -31.687290 -41.690304 -36.164871 0.218372 4.621150 3.152343 -4.065032,
 -3.446233 -4.065040 -22.554529 -30.727194 0.261721 1.270508 1.285683 -2.383420,
 -0.514990 -1.644830 -0.858672 -1.672518 -0.062072 0.493015 0.287259 -0.079578,
 -1.836420 -7.976952 -4.776821 -0.148898 0.023280 7.994760 3.804597 -1.488363,
 -1.964198 -7.154807 -3.916779 -5.659163 0.066241 8.370852 -0.331245 -6.108294,
 -1.588318 -1.768053 -1.142830 -9.680676 -0.098579 0.609926 -2.987318 -4.295692,
 -0.543649 -0.574690 -0.871613 -0.493303 0.285184 0.445300 -0.159596 0.244860,
 -0.522400 -6.291862 -6.891186 -1.750914 0.483711 1.274123 -7.009501 -1.331245,
 -0.303613 -5.663965 -20.649267 -13.405885 0.209537 0.828203 -10.645830 -6.587500,
 -0.395031 -0.400297 -12.963280 -10.367975 -0.035570 0.520593 -2.849055 -3.685165,
