Low-band skewness and kurtosis
 -0.434639 2.027404,
 -0.312811 2.195806,
 -0.157571 1.992318,
 0.090286 1.847536,
 0.103336 1.504640,

High-band variance
 1038.657471,

Skewness, kurtosis, variance, mean, maximum and minimum of the reconstructed texture
 -0.596582 1.884353 5561.040527 187.408081 255.000000 6.000000,

Auto-correlations of the low-frequency bands at each scale
 1149.340698 1114.119751 1076.069214 1039.062134 1005.518677 987.674438 999.800476 1074.062134 971.861694 907.287292 910.712646 995.654968 1157.977661 1364.540649 2261.332520 2401.832031 2572.116455 2731.935303 2850.762451 2934.273438 2980.481934 3700.050537 3979.313477 4206.014160 4297.654785 4206.014160 3979.313477 3700.050537 2980.481934 2934.273438 2850.762451 2731.935303 2572.116455 2401.832031 2261.332520 1364.540649 1157.977661 995.654968 910.712646 907.287292 971.861694 1074.062134 999.800476 987.674438 1005.518677 1039.062134 1076.069214 1114.119751 1149.340698,
 1079.446045 1056.895630 1036.755493 1018.937927 1002.692261 993.489868 999.839600 935.247070 889.686035 867.144104 881.739746 934.299744 1023.592163 1138.490234 1700.607422 1771.785889 1866.025757 1957.499390 2016.079468 2046.268311 2058.608887 2554.772461 2712.317139 2847.418701 2904.466797 2847.418701 2712.317139 2554.772461 2058.608887 2046.268311 2016.079468 1957.499390 1866.025757 1771.785889 1700.607422 1138.490234 1023.592163 934.299744 881.739746 867.144104 889.686035 935.247070 999.839600 993.489868 1002.692261 1018.937927 1036.755493 1056.895630 1079.446045,
 1044.384521 1044.185913 1038.662842 1028.582520 1012.876892 992.768738 972.803406 1085.021484 1041.161011 1004.848572 987.216187 987.871887 1008.914917 1047.490234 1420.656982 1449.100708 1496.893921 1544.131836 1565.953003 1572.314331 1576.866943 1827.899658 1912.441406 1994.532104 2032.290283 1994.532104 1912.441406 1827.899658 1576.866943 1572.314331 1565.953003 1544.131836 1496.893921 1449.100708 1420.656982 1047.490234 1008.914917 987.871887 987.216187 1004.848572 1041.161011 1085.021484 972.803406 992.768738 1012.876892 1028.582520 1038.662842 1044.185913 1044.384521,
 372.520386 376.946442 385.943451 401.984406 420.498260 432.380707 434.595520 804.621094 794.245056 795.558105 810.429138 831.281006 851.321350 868.313354 1269.437988 1283.373535 1306.528198 1323.758301 1318.061157 1298.624512 1281.996094 1486.026978 1531.473145 1580.577759 1604.147339 1580.577759 1531.473145 1486.026978 1281.996094 1298.624512 1318.061157 1323.758301 1306.528198 1283.373535 1269.437988 868.313354 851.321350 831.281006 810.429138 795.558105 794.245056 804.621094 434.595520 432.380707 420.498260 401.984406 385.943451 376.946442 372.520386,
 -926.824341 -938.053406 -953.184570 -952.265137 -930.289307 -911.839050 -911.999756 -6.856977 -22.137972 -26.485605 -12.079357 8.078871 17.353849 15.353228 908.009460 906.531738 927.102356 953.542236 957.823669 942.886597 929.362488 1324.463379 1341.997192 1376.468750 1396.126343 1376.468750 1341.997192 1324.463379 929.362488 942.886597 957.823669 953.542236 927.102356 906.531738 908.009460 15.353228 17.353849 8.078871 -12.079357 -26.485605 -22.137972 -6.856977 -911.999756 -911.839050 -930.289307 -952.265137 -953.184570 -938.053406 -926.824341,

Auto-correlations of the modulus of each oriented sub-band
 3.966103 5.165250 6.190034 6.610989 6.233084 5.266766 4.148206 4.478899 5.782196 6.910462 7.402311 7.024618 5.985302 4.749520 5.463178 7.253046 8.721121 9.231106 8.563839 7.115666 5.504326 5.885985 8.064342 10.144898 11.049567 10.144898 8.064342 5.885985 5.504326 7.115666 8.563839 9.231106 8.721121 7.253046 5.463178 4.749520 5.985302 7.024618 7.402311 6.910462 5.782196 4.478899 4.148206 5.266766 6.233084 6.610989 6.190034 5.165250 3.966103,
 52.553452 57.035461 61.964775 66.707428 70.710365 73.533737 75.021225 72.594406 83.192963 93.311852 100.170517 103.023705 102.551010 99.463974 99.206772 116.269852 131.971313 140.128418 138.367371 130.079468 118.845840 119.141899 137.036621 152.926392 159.856552 152.926392 137.036621 119.141899 118.845840 130.079468 138.367371 140.128418 131.971313 116.269852 99.206772 99.463974 102.551010 103.023705 100.170517 93.311852 83.192963 72.594406 75.021225 73.533737 70.710365 66.707428 61.964775 57.035461 52.553452,
 160.930557 174.683838 190.340408 200.599747 202.707596 200.084717 195.265640 240.427567 277.574432 315.098999 334.827271 328.728455 306.743561 280.537048 334.410553 399.735504 463.710663 494.391602 473.618500 420.871674 363.310883 388.967102 465.402222 539.039490 572.325134 539.039490 465.402222 388.967102 363.310883 420.871674 473.618500 494.391602 463.710663 399.735504 334.410553 280.537048 306.743561 328.728455 334.827271 315.098999 277.574432 240.427567 195.265640 200.084717 202.707596 200.599747 190.340408 174.683838 160.930557,
 30.364315 30.267937 29.980577 28.705788 25.914827 22.635933 20.206585 43.658077 46.192310 49.749062 51.271591 46.954353 38.951977 32.684666 53.921555 60.879417 71.819061 78.572334 71.477539 56.900093 46.550385 55.280434 66.040756 82.751373 92.332222 82.751373 66.040756 55.280434 46.550385 56.900093 71.477539 78.572334 71.819061 60.879417 53.921555 32.684666 38.951977 46.954353 51.271591 49.749062 46.192310 43.658077 20.206585 22.635933 25.914827 28.705788 29.980577 30.267937 30.364315,
 2.236402 2.886835 3.487055 3.754874 3.531853 2.943686 2.302670 2.635861 3.499871 4.253486 4.543497 4.246597 3.541800 2.768950 3.428423 4.775014 6.052196 6.523870 5.927865 4.715962 3.497192 3.930220 5.571102 7.301394 8.098896 7.301394 5.571102 3.930220 3.497192 4.715962 5.927865 6.523870 6.052196 4.775014 3.428423 2.768950 3.541800 4.246597 4.543497 4.253486 3.499871 2.635861 2.302670 2.943686 3.531853 3.754874 3.487055 2.886835 2.236402,
 21.754440 24.384995 27.702438 30.617851 32.434578 33.056080 32.579109 29.478600 36.617020 44.347565 49.046585 49.592087 47.521645 43.911224 42.212933 55.068413 68.527222 75.009644 71.383087 62.540031 53.058796 52.493568 66.772476 81.740463 88.897217 81.740463 66.772476 52.493568 53.058796 62.540031 71.383087 75.009644 68.527222 55.068413 42.212933 43.911224 47.521645 49.592087 49.046585 44.347565 36.617020 29.478600 32.579109 33.056080 32.434578 30.617851 27.702438 24.384995 21.754440,
 70.793137 75.782173 82.593552 87.292847 86.157425 79.842354 71.318710 116.656258 138.213272 160.825287 174.041428 170.047882 151.911484 127.877571 173.809250 216.736130 257.682373 278.246582 266.100403 229.482040 185.130692 205.545349 259.602661 308.082947 328.821594 308.082947 259.602661 205.545349 185.130692 229.482040 266.100403 278.246582 257.682373 216.736130 173.809250 127.877571 151.911484 170.047882 174.041428 160.825287 138.213272 116.656258 71.318710 79.842354 86.157425 87.292847 82.593552 75.782173 70.793137,
 13.396530 12.976765 12.589079 12.354902 11.335833 9.286201 7.469334 21.938856 23.325047 25.308558 26.990639 25.513052 20.994602 16.716860 29.395124 33.510105 39.390911 43.869713 40.950748 33.016521 26.309343 31.417219 38.028759 47.036606 52.215374 47.036606 38.028759 31.417219 26.309343 33.016521 40.950748 43.869713 39.390911 33.510105 29.395124 16.716860 20.994602 25.513052 26.990639 25.308558 23.325047 21.938856 7.469334 9.286201 11.335833 12.354902 12.589079 12.976765 13.396530,
 1.032594 1.686692 2.255765 2.474967 2.291610 1.821814 1.265060 1.241200 1.997464 2.697769 3.016918 2.848002 2.327980 1.703673 1.917034 3.065704 4.208985 4.700318 4.252701 3.246995 2.255826 2.520110 3.940444 5.469561 6.176601 5.469561 3.940444 2.520110 2.255826 3.246995 4.252701 4.700318 4.208985 3.065704 1.917034 1.703673 2.327980 2.848002 3.016918 2.697769 1.997464 1.241200 1.265060 1.821814 2.291610 2.474967 2.255765 1.686692 1.032594,
 8.683879 10.047586 10.888355 11.375421 11.568718 10.843700 8.976291 11.147184 15.755303 19.719770 20.871752 19.689039 17.209562 13.442518 14.596462 22.654688 31.105665 33.894409 29.706202 23.042486 16.654570 16.899292 25.567516 35.755630 40.960709 35.755630 25.567516 16.899292 16.654570 23.042486 29.706202 33.894409 31.105665 22.654688 14.596462 13.442518 17.209562 19.689039 20.871752 19.719770 15.755303 11.147184 8.976291 10.843700 11.568718 11.375421 10.888355 10.047586 8.683879,
 20.253819 21.582491 25.962954 31.886084 36.130863 35.818390 30.255550 32.645206 42.341526 56.053329 67.900513 70.959465 63.212246 48.756565 55.311241 76.749107 100.817268 116.145966 112.760368 93.196053 68.293465 72.336220 101.049370 128.761658 141.042526 128.761658 101.049370 72.336220 68.293465 93.196053 112.760368 116.145966 100.817268 76.749107 55.311241 48.756565 63.212246 70.959465 67.900513 56.053329 42.341526 32.645206 30.255550 35.818390 36.130863 31.886084 25.962954 21.582491 20.253819,
 3.641883 4.786927 5.675182 6.130248 6.318662 5.668637 3.974654 4.821423 6.560867 8.614154 10.613661 10.919805 8.062272 4.647513 6.201618 9.204108 13.734805 18.079775 16.766090 10.794484 6.087048 6.925864 11.334272 18.176430 22.487164 18.176430 11.334272 6.925864 6.087048 10.794484 16.766090 18.079775 13.734805 9.204108 6.201618 4.647513 8.062272 10.919805 10.613661 8.614154 6.560867 4.821423 3.974654 5.668637 6.318662 6.130248 5.675182 4.786927 3.641883,
 -0.248384 0.387274 0.965720 1.189228 0.935768 0.353104 -0.301400 0.069901 0.902998 1.642685 1.886542 1.538140 0.852935 0.140532 0.595021 1.787187 2.890972 3.265449 2.698816 1.642831 0.668740 0.888496 2.243322 3.655460 4.296531 3.655460 2.243322 0.888496 0.668740 1.642831 2.698816 3.265449 2.890972 1.787187 0.595021 0.140532 0.852935 1.538140 1.886542 1.642685 0.902998 0.069901 -0.301400 0.353104 0.935768 1.189228 0.965720 0.387274 -0.248384,
 -1.324217 -1.593467 -1.266249 -0.986731 -1.204500 -1.824851 -2.296925 -0.914643 -0.570653 0.436534 0.988094 0.641287 -0.062891 -0.724368 1.249015 2.827373 5.036655 5.733891 4.220931 2.425712 1.285113 2.252259 4.149542 7.174624 8.976879 7.174624 4.149542 2.252259 1.285113 2.425712 4.220931 5.733891 5.036655 2.827373 1.249015 -0.724368 -0.062891 0.641287 0.988094 0.436534 -0.570653 -0.914643 -2.296925 -1.824851 -1.204500 -0.986731 -1.266249 -1.593467 -1.324217,
 -1.135107 -1.549257 -0.924949 -0.463776 -2.617167 -7.047169 -11.840294 0.195343 2.441200 5.505724 6.772432 2.932248 -4.754491 -12.660028 10.005288 17.322605 25.008837 28.288296 22.746893 11.438534 0.062148 12.849176 24.672817 36.625095 42.237030 36.625095 24.672817 12.849176 0.062148 11.438534 22.746893 28.288296 25.008837 17.322605 10.005288 -12.660028 -4.754491 2.932248 6.772432 5.505724 2.441200 0.195343 -11.840294 -7.047169 -2.617167 -0.463776 -0.924949 -1.549257 -1.135107,
 -0.664884 -1.322553 -0.794360 0.173155 -0.317678 -2.373501 -3.668486 -0.439306 -0.079158 1.769061 3.393830 2.320256 -0.829291 -2.964858 0.273753 2.036645 5.728931 8.353903 6.524725 1.985906 -1.165682 0.243820 3.358863 8.489440 11.340338 8.489440 3.358863 0.243820 -1.165682 1.985906 6.524725 8.353903 5.728931 2.036645 0.273753 -2.964858 -0.829291 2.320256 3.393830 1.769061 -0.079158 -0.439306 -3.668486 -2.373501 -0.317678 0.173155 -0.794360 -1.322553 -0.664884,

Pairwise cross-correlations of the modulus of all oriented sub-bands at the same scale (size QxQ)
 11.049568 12.903977 10.101353 8.350267,
 12.903977 159.856552 246.527878 53.455021,
 10.101353 246.527878 572.325073 167.256073,
 8.350267 53.455021 167.256073 92.332230,
 8.098897 7.203160 8.342446 5.342907,
 7.203160 88.897232 137.289474 27.454540,
 8.342446 137.289474 328.821564 94.946106,
 5.342907 27.454540 94.946106 52.215382,
 6.176602 3.970431 3.634726 2.886131,
 3.970431 40.960709 60.869522 12.422579,
 3.634726 60.869522 141.042542 38.151505,
 2.886131 12.422579 38.151505 22.487162,
 4.296531 -0.173528 -3.372405 1.025494,
 -0.173528 8.976879 12.684123 4.021489,
 -3.372405 12.684123 42.237030 12.920483,
 1.025494 4.021489 12.920483 11.340338,

Cross-correlations of the modulus of all oriented sub-bands with all oriented sub-bands at the coarser scale (size QxQ)
 6.610814 7.589303 5.698277 5.057079,
 9.878316 35.083614 43.758224 9.393884,
 13.198640 47.016716 101.234047 32.669750,
 7.758495 11.645132 34.884323 22.899172,
 4.749372 5.017917 5.514939 3.603617,
 7.433783 15.793936 16.463545 4.141065,
 10.440689 23.800774 32.230885 8.635435,
 4.675239 5.565442 6.875896 6.072471,
 2.861406 0.588924 -1.788321 2.402528,
 2.135573 1.402385 -3.139465 2.434778,
 3.884752 0.307440 -8.165255 0.340111,
 2.255324 -0.094414 -5.766253 0.825529,

Cross-correlations of the real part of each oriented sub-band with both the real and imaginary part of all phase-doubled oriented sub-bands at the next coarser scale (Q matrices of size 1x2Q, which are computed and stored in a matrix of size Qx2Q)
 -0.922892 -1.066056 -0.717487 -1.526254 1.124649 0.151405 -0.028837 -0.237214,
 -0.862416 -8.104450 -8.990104 -7.791594 0.417425 0.346334 -5.638690 -2.150128,
 -1.149645 -10.323516 -42.827816 -39.049900 -0.125157 0.192903 -19.866575 -8.372498,
 -1.285567 -2.875545 -25.443184 -25.867950 0.339642 -0.092537 -8.526896 -4.701446,
 0.098551 -0.332854 -0.125950 -0.644510 0.537475 -0.271083 -0.122204 -0.108737,
 -0.036798 4.399635 9.311384 1.410522 0.024658 -1.109315 13.009246 3.463795,
 -0.217791 7.019284 18.291479 -0.011795 0.010684 3.370370 37.030731 10.184150,
 -0.292322 0.987782 3.916863 -3.371647 0.383935 1.987926 12.156766 3.418343,
 1.017684 -0.318475 0.285144 0.012590 0.550613 -0.628825 -0.116524 0.112375,
 0.337968 -9.138288 -9.100546 -1.145875 -0.176414 -4.249666 1.353078 1.180041,
 0.151329 -13.815752 -15.156060 -1.111720 -0.049763 -2.935236 -0.914932 1.842503,
 0.538216 -2.693675 -0.757171 0.624445 0.290622 -0.155783 -2.224679 0.254664,
