Low-band skewness and kurtosis
 -0.493492 2.163057,
 -0.265880 2.050529,
 -0.048791 1.906833,
 0.177164 1.708541,
 0.335066 1.706849,

High-band variance
 1048.240723,

Skewness, kurtosis, variance, mean, maximum and minimum of the reconstructed texture
 -0.635881 1.955859 5631.061035 187.713318 255.000000 3.000000,

Auto-correlations of the low-frequency bands at each scale
 1315.482544 1267.453857 1247.406616 1251.982056 1272.856323 1307.200684 1357.040894 1519.375000 1310.794800 1144.324219 1079.551514 1138.538574 1302.083374 1513.805908 2712.821777 2789.568604 2842.004395 2847.460938 2792.598145 2710.060303 2629.513184 3517.918945 3908.514893 4233.241211 4365.169922 4233.241211 3908.514893 3517.918945 2629.513184 2710.060303 2792.598145 2847.460938 2842.004395 2789.568604 2712.821777 1513.805908 1302.083374 1138.538574 1079.551514 1144.324219 1310.794800 1519.375000 1357.040894 1307.200684 1272.856323 1251.982056 1247.406616 1267.453857 1315.482544,
 1335.637451 1322.989624 1323.451294 1338.858398 1364.651489 1396.588257 1434.013428 1398.563232 1272.485718 1171.372925 1133.619629 1172.687134 1280.881226 1426.968018 2002.869263 2047.619263 2089.434326 2104.593994 2075.565674 2029.814331 1994.705933 2464.212402 2700.083984 2908.364746 2996.306641 2908.364746 2700.083984 2464.212402 1994.705933 2029.814331 2075.565674 2104.593994 2089.434326 2047.619263 2002.869263 1426.968018 1280.881226 1172.687134 1133.619629 1171.372925 1272.485718 1398.563232 1434.013428 1396.588257 1364.651489 1338.858398 1323.451294 1322.989624 1335.637451,
 1204.511597 1174.772705 1141.144287 1112.093872 1095.511230 1089.010498 1090.917358 1418.166260 1344.850830 1280.850220 1250.419922 1262.992554 1309.248535 1365.890625 1661.769165 1690.014404 1728.741577 1760.320312 1766.922485 1759.928711 1747.863159 1889.407715 2003.329224 2110.525146 2158.374023 2110.525146 2003.329224 1889.407715 1747.863159 1759.928711 1766.922485 1760.320312 1728.741577 1690.014404 1661.769165 1365.890625 1309.248535 1262.992554 1250.419922 1280.850220 1344.850830 1418.166260 1090.917358 1089.010498 1095.511230 1112.093872 1141.144287 1174.772705 1204.511597,
 407.985657 393.993225 388.331604 391.503754 398.788513 404.713623 408.192749 992.694641 955.836487 914.903625 886.581848 880.033997 893.642029 916.329895 1484.697876 1495.468140 1496.207397 1485.399170 1463.995239 1443.724243 1434.083618 1683.152100 1739.591553 1794.309692 1818.284058 1794.309692 1739.591553 1683.152100 1434.083618 1443.724243 1463.995239 1485.399170 1496.207397 1495.468140 1484.697876 916.329895 893.642029 880.033997 886.581848 914.903625 955.836487 992.694641 408.192749 404.713623 398.788513 391.503754 388.331604 393.993225 407.985657,
 -1028.072998 -1034.610840 -1037.267090 -1033.559326 -1024.863770 -1017.207275 -1015.778992 -89.173401 -97.132889 -104.583199 -107.789772 -104.858208 -96.712234 -88.181671 1029.733521 1037.693359 1041.456543 1035.868652 1022.275330 1011.894714 1012.517334 1549.648315 1568.417480 1592.267944 1603.731934 1592.267944 1568.417480 1549.648315 1012.517334 1011.894714 1022.275330 1035.868652 1041.456543 1037.693359 1029.733521 -88.181671 -96.712234 -104.858208 -107.789772 -104.583199 -97.132889 -89.173401 -1015.778992 -1017.207275 -1024.863770 -1033.559326 -1037.267090 -1034.610840 -1028.072998,

Auto-correlations of the modulus of each oriented sub-band
 4.026453 5.110810 6.061973 6.421189 6.001162 5.046224 3.993281 4.729694 5.979889 6.980637 7.339038 6.913046 5.893798 4.694657 5.911522 7.746725 9.295733 9.928760 9.314561 7.726730 5.826087 6.422479 9.042224 11.640189 12.805280 11.640189 9.042224 6.422479 5.826087 7.726730 9.314561 9.928760 9.295733 7.746725 5.911522 4.694657 5.893798 6.913046 7.339038 6.980637 5.979889 4.729694 3.993281 5.046224 6.001162 6.421189 6.061973 5.110810 4.026453,
 48.412323 52.457069 58.025490 63.341042 67.073082 69.344856 70.664238 64.130997 73.664543 85.119949 92.668015 93.630173 90.920570 87.224182 82.496773 98.421341 117.229301 127.164574 121.769661 109.425507 97.993904 96.189812 113.371239 133.720337 144.251740 133.720337 113.371239 96.189812 97.993904 109.425507 121.769661 127.164574 117.229301 98.421341 82.496773 87.224182 90.920570 93.630173 92.668015 85.119949 73.664543 64.130997 70.664238 69.344856 67.073082 63.341042 58.025490 52.457069 48.412323,
 214.942688 229.323181 244.540833 252.408081 248.327118 238.887909 231.177216 272.227875 314.087006 356.845123 375.447266 355.741608 315.207306 278.629730 326.541107 401.790894 481.637665 517.527649 478.838409 398.953003 326.363800 348.493042 439.024353 538.340088 586.022095 538.340088 439.024353 348.493042 326.363800 398.953003 478.838409 517.527649 481.637665 401.790894 326.541107 278.629730 315.207306 355.741608 375.447266 356.845123 314.087006 272.227875 231.177216 238.887909 248.327118 252.408081 244.540833 229.323181 214.942688,
 75.066994 74.596313 73.810455 71.905426 68.302429 63.638096 59.110786 93.699692 98.849930 103.400681 104.051704 97.372787 85.740417 74.725479 107.240135 120.645996 134.808716 141.236542 131.405884 111.663666 93.579323 107.159424 126.667236 148.501831 159.460815 148.501831 126.667236 107.159424 93.579323 111.663666 131.405884 141.236542 134.808716 120.645996 107.240135 74.725479 85.740417 97.372787 104.051704 103.400681 98.849930 93.699692 59.110786 63.638096 68.302429 71.905426 73.810455 74.596313 75.066994,
 3.397123 4.039735 4.598681 4.839175 4.604135 3.978841 3.284076 3.725636 4.462718 5.133742 5.479980 5.274297 4.561084 3.702983 4.405833 5.801045 7.221197 7.919483 7.395229 5.975241 4.470619 4.937350 7.021135 9.267993 10.318407 9.267993 7.021135 4.937350 4.470619 5.975241 7.395229 7.919483 7.221197 5.801045 4.405833 3.702983 4.561084 5.274297 5.479980 5.133742 4.462718 3.725636 3.284076 3.978841 4.604135 4.839175 4.598681 4.039735 3.397123,
 19.474483 21.511063 24.687181 27.460976 29.418589 30.552265 30.356281 27.922575 34.898415 42.769039 46.942028 46.342594 43.528564 39.742794 38.665588 50.689373 64.484344 70.683640 65.254608 55.443943 46.598480 46.317883 59.121544 74.621117 82.747330 74.621117 59.121544 46.317883 46.598480 55.443943 65.254608 70.683640 64.484344 50.689373 38.665588 39.742794 43.528564 46.342594 46.942028 42.769039 34.898415 27.922575 30.356281 30.552265 29.418589 27.460976 24.687181 21.511063 19.474483,
 128.511520 135.327103 143.086334 145.336456 137.709869 123.833778 110.260742 155.365891 181.669174 209.059662 219.779648 203.025024 169.787918 138.343216 179.250153 228.582733 280.879333 303.499634 276.104614 219.995361 168.279938 185.234024 245.885605 311.908752 343.076019 311.908752 245.885605 185.234024 168.279938 219.995361 276.104614 303.499634 280.879333 228.582733 179.250153 138.343216 169.787918 203.025024 219.779648 209.059662 181.669174 155.365891 110.260742 123.833778 137.709869 145.336456 143.086334 135.327103 128.511520,
 50.950474 51.394737 50.235710 47.706059 44.181740 39.813683 35.537457 60.780731 64.267990 66.814133 67.412628 63.139774 54.154678 45.271385 66.392944 75.234978 85.442154 91.501617 85.190292 70.144447 56.643879 64.871964 78.515976 94.996170 103.703590 94.996170 78.515976 64.871964 56.643879 70.144447 85.190292 91.501617 85.442154 75.234978 66.392944 45.271385 54.154678 63.139774 67.412628 66.814133 64.267990 60.780731 35.537457 39.813683 44.181740 47.706059 50.235710 51.394737 50.950474,
 1.402804 1.721199 2.066812 2.175880 1.953986 1.523028 1.054678 1.613513 1.896268 2.184807 2.272029 2.082913 1.717092 1.326184 1.973230 2.581079 3.215543 3.443433 3.022599 2.275667 1.659108 2.251495 3.363617 4.725433 5.404651 4.725433 3.363617 2.251495 1.659108 2.275667 3.022599 3.443433 3.215543 2.581079 1.973230 1.326184 1.717092 2.082913 2.272029 2.184807 1.896268 1.613513 1.054678 1.523028 1.953986 2.175880 2.066812 1.721199 1.402804,
 3.444576 5.609034 8.676315 12.085711 15.513721 18.363832 19.668724 11.585560 16.118099 20.731350 23.476009 24.522823 24.945396 24.383739 20.629881 28.192255 35.986927 39.044224 36.066891 31.347609 27.105684 26.321590 33.902466 42.866856 47.540272 42.866856 33.902466 26.321590 27.105684 31.347609 36.066891 39.044224 35.986927 28.192255 20.629881 24.383739 24.945396 24.522823 23.476009 20.731350 16.118099 11.585560 19.668724 18.363832 15.513721 12.085711 8.676315 5.609034 3.444576,
 3.465188 10.231971 18.233976 24.330299 27.054415 27.213081 24.488235 14.227476 26.988438 43.083927 53.097664 50.769390 41.394779 31.313562 30.537514 52.817104 80.346535 94.998886 84.214684 60.307247 39.463051 41.058578 67.939247 100.883942 117.562439 100.883942 67.939247 41.058578 39.463051 60.307247 84.214684 94.998886 80.346535 52.817104 30.537514 31.313562 41.394779 50.769390 53.097664 43.083927 26.988438 14.227476 24.488235 27.213081 27.054415 24.330299 18.233976 10.231971 3.465188,
 5.760331 6.701020 6.594727 6.500416 6.469523 5.267819 2.793270 8.514953 11.340496 14.140775 16.313473 15.467929 10.825256 5.188618 11.055927 17.132565 24.556593 29.488661 26.239889 17.037758 8.459549 11.086010 19.894314 30.730059 36.516769 30.730059 19.894314 11.086010 8.459549 17.037758 26.239889 29.488661 24.556593 17.132565 11.055927 5.188618 10.825256 15.467929 16.313473 14.140775 11.340496 8.514953 2.793270 5.267819 6.469523 6.500416 6.594727 6.701020 5.760331,
 0.136305 0.351673 0.493901 0.478447 0.293743 0.019597 -0.217759 0.250382 0.403113 0.471001 0.442222 0.322014 0.144953 -0.035030 0.255227 0.409289 0.630753 0.801636 0.759240 0.501282 0.183109 0.323305 0.746543 1.261729 1.516778 1.261729 0.746543 0.323305 0.183109 0.501282 0.759240 0.801636 0.630753 0.409289 0.255227 -0.035030 0.144953 0.322014 0.442222 0.471001 0.403113 0.250382 -0.217759 0.019597 0.293743 0.478447 0.493901 0.351673 0.136305,
 -2.222080 -1.642861 -0.778961 -0.583156 -1.612722 -3.265361 -4.299864 -0.029162 1.281908 2.921537 3.499610 2.701957 1.274050 0.181578 2.820462 5.379900 8.701978 10.069679 8.555572 5.923210 3.897826 4.694919 7.598847 11.582401 13.646190 11.582401 7.598847 4.694919 3.897826 5.923210 8.555572 10.069679 8.701978 5.379900 2.820462 0.181578 1.274050 2.701957 3.499610 2.921537 1.281908 -0.029162 -4.299864 -3.265361 -1.612722 -0.583156 -0.778961 -1.642861 -2.222080,
 0.104907 2.957981 5.954941 5.931959 1.438096 -3.377432 -5.782400 3.311883 7.434389 13.763204 17.347439 13.636970 6.757874 1.477934 6.850062 16.034006 28.981768 36.910950 31.501616 18.993956 8.178698 9.713208 22.718460 38.992668 47.554337 38.992668 22.718460 9.713208 8.178698 18.993956 31.501616 36.910950 28.981768 16.034006 6.850062 1.477934 6.757874 13.636970 17.347439 13.763204 7.434389 3.311883 -5.782400 -3.377432 1.438096 5.931959 5.954941 2.957981 0.104907,
 1.214924 0.430843 -0.372152 -0.859849 -1.430036 -2.619472 -4.022101 2.402863 3.375266 4.354526 5.072723 4.362076 1.827003 -1.312652 3.673456 7.212483 10.796538 12.932881 11.457765 6.909797 1.816680 3.700989 9.090683 14.381791 16.871378 14.381791 9.090683 3.700989 1.816680 6.909797 11.457765 12.932881 10.796538 7.212483 3.673456 -1.312652 1.827003 4.362076 5.072723 4.354526 3.375266 2.402863 -4.022101 -2.619472 -1.430036 -0.859849 -0.372152 0.430843 1.214924,

Pairwise cross-correlations of the modulus of all oriented sub-bands at the same scale (size QxQ)
 12.805278 13.351945 17.210348 15.102726,
 13.351945 144.251740 210.851349 51.750591,
 17.210348 210.851349 586.022095 225.262894,
 15.102726 51.750591 225.262894 159.460831,
 10.318409 10.148233 18.125036 12.218241,
 10.148233 82.747345 118.034935 27.766960,
 18.125036 118.034935 343.076019 139.155731,
 12.218241 27.766960 139.155731 103.703598,
 5.404651 5.527080 7.223975 5.800506,
 5.527080 47.540276 54.346085 11.098725,
 7.223975 54.346085 117.562454 39.227238,
 5.800506 11.098725 39.227238 36.516769,
 1.516778 0.643949 -0.880711 1.099936,
 0.643949 13.646190 11.722396 0.930812,
 -0.880711 11.722396 47.554337 17.554090,
 1.099936 0.930812 17.554090 16.871380,

Cross-correlations of the modulus of all oriented sub-bands with all oriented sub-bands at the coarser scale (size QxQ)
 7.453492 8.483077 11.741815 9.732164,
 12.961523 48.054115 62.292374 17.659912,
 24.150961 70.991241 140.107788 61.694866,
 14.501947 23.319523 63.982121 49.128880,
 4.898792 6.962922 8.581242 6.910414,
 7.585951 22.313335 24.654510 10.915022,
 15.530168 25.810070 53.235252 35.209885,
 8.269082 4.539642 21.908867 20.954748,
 1.221913 2.448166 -1.153587 0.216603,
 1.144477 7.565279 -5.410379 -6.454696,
 3.157108 5.049710 -4.379378 -3.285381,
 2.590938 1.660678 -5.676284 2.019813,

Cross-correlations of the real part of each oriented sub-band with both the real and imaginary part of all phase-doubled oriented sub-bands at the next coarser scale (Q matrices of size 1x2Q, which are computed and stored in a matrix of size Qx2Q)
 -1.603606 -2.296542 -2.118175 -3.433330 0.400117 0.604540 0.289106 0.488066,
 -1.942274 -36.310604 -38.217056 -7.918435 0.364286 6.116399 4.773611 1.596224,
 -2.699058 -52.176575 -91.447319 -50.070694 0.105821 9.657557 12.855579 8.123182,
 -2.738320 -10.461617 -39.038284 -41.635326 -0.092752 2.096881 6.103973 6.249357,
 0.085499 -0.428271 -0.691890 -1.544617 0.589515 1.051334 0.240723 0.037875,
 -0.111285 -18.926582 -15.182186 -0.102290 0.446482 12.058786 7.491147 -0.528814,
 -0.602221 -28.586517 -27.240124 -6.129832 0.242618 11.389766 -0.540430 -6.378644,
 -0.651924 -5.459593 -8.459583 -9.210430 0.228878 -0.017461 -6.536310 -4.716808,
 -0.328402 -0.444937 -0.230106 0.387889 0.456552 0.548369 0.447313 0.107185,
 -0.367644 -7.401982 -7.506821 -2.481792 0.389076 9.359865 6.500663 -2.206306,
 -0.117320 -10.271218 -19.877289 -9.536869 0.013488 8.875460 -7.119021 -9.980597,
 -0.050352 -1.475731 -8.233868 -3.958761 0.013975 -0.169377 -9.589247 -5.119768,
