Low-band skewness and kurtosis
 -0.706563 2.245738,
 -0.586620 2.174261,
 -0.474700 1.947811,
 -0.458177 1.912695,
 -0.350169 1.624520,

High-band variance
 794.059692,

Skewness, kurtosis, variance, mean, maximum and minimum of the reconstructed texture
 -0.797714 2.124432 6055.385254 192.646973 255.000000 2.000000,

Auto-correlations of the low-frequency bands at each scale
 2387.175537 2410.501221 2452.529785 2502.908691 2552.387695 2602.086182 2650.816162 2611.645020 2447.078857 2320.076660 2251.772949 2244.560059 2294.712646 2384.161133 4021.443359 3959.144043 3877.303711 3767.933105 3620.785156 3461.031738 3319.977539 4592.953125 4827.050781 5014.726074 5090.407227 5014.726074 4827.050781 4592.953125 3319.977539 3461.031738 3620.785156 3767.933105 3877.303711 3959.144043 4021.443359 2384.161133 2294.712646 2244.560059 2251.772949 2320.076660 2447.078857 2611.645020 2650.816162 2602.086182 2552.387695 2502.908691 2452.529785 2410.501221 2387.175537,
 2519.731201 2516.521729 2522.495850 2530.001953 2532.224854 2531.197510 2528.587646 2582.646240 2517.750244 2475.707520 2457.784668 2458.557129 2481.910400 2524.648193 3234.308105 3233.639160 3224.861816 3191.547119 3122.692383 3048.950684 2999.593750 3583.440918 3709.388184 3822.229492 3871.616699 3822.229492 3709.388184 3583.440918 2999.593750 3048.950684 3122.692383 3191.547119 3224.861816 3233.639160 3234.308105 2524.648193 2481.910400 2458.557129 2457.784668 2475.707520 2517.750244 2582.646240 2528.587646 2531.197510 2532.224854 2530.001953 2522.495850 2516.521729 2519.731201,
 2117.304199 2118.248047 2119.704590 2118.550049 2105.825684 2082.719238 2058.089844 2435.030518 2393.218018 2362.415283 2346.422119 2336.853271 2334.248779 2338.932373 2869.503662 2880.554443 2887.537598 2877.996338 2839.143555 2790.672119 2752.070557 3075.836914 3162.084473 3240.961426 3276.291504 3240.961426 3162.084473 3075.836914 2752.070557 2790.672119 2839.143555 2877.996338 2887.537598 2880.554443 2869.503662 2338.932373 2334.248779 2336.853271 2346.422119 2362.415283 2393.218018 2435.030518 2058.089844 2082.719238 2105.825684 2118.550049 2119.704590 2118.248047 2117.304199,
 897.947144 884.180725 866.374207 853.327881 849.463196 854.026550 864.536011 1750.268555 1728.922485 1706.535400 1684.190308 1660.609863 1647.307495 1654.541260 2522.004883 2540.437988 2557.084717 2549.579590 2501.095459 2440.346191 2400.756348 2815.179932 2880.583984 2951.841309 2986.314697 2951.841309 2880.583984 2815.179932 2400.756348 2440.346191 2501.095459 2549.579590 2557.084717 2540.437988 2522.004883 1654.541260 1647.307495 1660.609863 1684.190308 1706.535400 1728.922485 1750.268555 864.536011 854.026550 849.463196 853.327881 866.374207 884.180725 897.947144,
 -1787.269653 -1796.677856 -1824.987427 -1851.038574 -1845.681519 -1818.575806 -1797.905640 -56.440598 -56.701782 -73.719147 -102.212509 -119.463745 -110.980972 -87.973068 1812.587769 1840.166504 1862.249756 1852.867432 1810.267822 1774.076904 1770.738892 2615.325195 2653.800049 2713.101562 2744.536865 2713.101562 2653.800049 2615.325195 1770.738892 1774.076904 1810.267822 1852.867432 1862.249756 1840.166504 1812.587769 -87.973068 -110.980972 -119.463745 -102.212509 -73.719147 -56.701782 -56.440598 -1797.905640 -1818.575806 -1845.681519 -1851.038574 -1824.987427 -1796.677856 -1787.269653,

Auto-correlations of the modulus of each oriented sub-band
 4.121868 5.348326 6.407311 6.816462 6.335569 5.187353 3.853689 4.746861 6.101523 7.238087 7.650915 7.100184 5.833364 4.363853 5.548793 7.276410 8.762204 9.367139 8.733914 7.146927 5.272244 5.845324 8.037985 10.038845 10.884116 10.038845 8.037985 5.845324 5.272244 7.146927 8.733914 9.367139 8.762204 7.276410 5.548793 4.363853 5.833364 7.100184 7.650915 7.238087 6.101523 4.746861 3.853689 5.187353 6.335569 6.816462 6.407311 5.348326 4.121868,
 46.536186 49.033875 52.020687 54.486977 55.440456 55.090591 54.245209 56.107822 62.122456 69.371033 73.024498 71.243835 67.243484 63.976002 66.287949 75.984734 89.029610 95.090904 88.912086 78.469154 71.294876 72.421089 82.719208 97.839340 106.172478 97.839340 82.719208 72.421089 71.294876 78.469154 88.912086 95.090904 89.029610 75.984734 66.287949 63.976002 67.243484 71.243835 73.024498 69.371033 62.122456 56.107822 54.245209 55.090591 55.440456 54.486977 52.020687 49.033875 46.536186,
 369.537323 374.457153 378.945251 378.837830 370.601196 356.231934 340.561066 452.000122 473.571167 493.484894 499.819061 483.966400 452.183838 417.573730 525.218323 571.692444 615.669006 633.420288 609.234314 556.882141 500.927795 547.309509 610.151794 670.133301 696.801270 670.133301 610.151794 547.309509 500.927795 556.882141 609.234314 633.420288 615.669006 571.692444 525.218323 417.573730 452.183838 483.966400 499.819061 493.484894 473.571167 452.000122 340.561066 356.231934 370.601196 378.837830 378.945251 374.457153 369.537323,
 105.330711 103.708893 101.594185 98.889427 95.497398 91.594406 87.767128 127.706490 129.096771 129.271515 127.445297 122.468536 114.657997 106.369072 145.581009 152.987793 159.095901 160.731735 154.629166 142.655212 129.963364 146.879761 159.644653 171.615387 177.002686 171.615387 159.644653 146.879761 129.963364 142.655212 154.629166 160.731735 159.095901 152.987793 145.581009 106.369072 114.657997 122.468536 127.445297 129.271515 129.096771 127.706490 87.767128 91.594406 95.497398 98.889427 101.594185 103.708893 105.330711,
 4.369654 5.142585 5.793898 6.069318 5.813900 5.127179 4.274595 4.848860 5.891484 6.819776 7.245639 6.917550 5.966007 4.779745 5.674215 7.392354 8.978229 9.728025 9.193067 7.638736 5.795273 6.281189 8.513231 10.567756 11.448604 10.567756 8.513231 6.281189 5.795273 7.638736 9.193067 9.728025 8.978229 7.392354 5.674215 4.779745 5.966007 6.917550 7.245639 6.819776 5.891484 4.848860 4.274595 5.127179 5.813900 6.069318 5.793898 5.142585 4.369654,
 17.636278 19.745497 21.208858 21.387243 20.702572 19.988970 19.603544 23.545956 27.477127 30.843832 31.011499 28.946764 27.234119 26.130413 29.988766 35.532982 42.117088 43.717937 39.171860 34.539795 31.886272 33.473888 38.294495 45.884529 50.481125 45.884529 38.294495 33.473888 31.886272 34.539795 39.171860 43.717937 42.117088 35.532982 29.988766 26.130413 27.234119 28.946764 31.011499 30.843832 27.477127 23.545956 19.603544 19.988970 20.702572 21.387243 21.208858 19.745497 17.636278,
 118.571594 124.597588 127.369408 125.187729 117.693672 107.907036 98.952240 163.068344 179.109955 189.879333 189.636200 176.547974 156.800262 137.823288 205.885086 236.579987 261.440399 267.791992 249.937622 218.016876 185.702621 216.325989 255.089081 290.854614 306.471985 290.854614 255.089081 216.325989 185.702621 218.016876 249.937622 267.791992 261.440399 236.579987 205.885086 137.823288 156.800262 176.547974 189.636200 189.879333 179.109955 163.068344 98.952240 107.907036 117.693672 125.187729 127.369408 124.597588 118.571594,
 34.414703 34.824596 33.875725 32.328110 30.599939 28.677639 26.789503 46.956791 48.880024 49.613392 49.134071 46.632946 41.936932 36.819057 57.526817 62.931454 68.268066 71.005089 67.394623 58.662518 49.861320 58.887642 67.932266 77.794022 82.702133 77.794022 67.932266 58.887642 49.861320 58.662518 67.394623 71.005089 68.268066 62.931454 57.526817 36.819057 41.936932 46.632946 49.134071 49.613392 48.880024 46.956791 26.789503 28.677639 30.599939 32.328110 33.875725 34.824596 34.414703,
 2.254026 3.404480 4.482524 4.923224 4.445050 3.306786 2.076261 2.560950 3.802490 4.919762 5.358599 4.842856 3.640027 2.330441 2.761732 4.332413 5.838948 6.474754 5.797824 4.242472 2.654940 2.843377 4.663708 6.553928 7.412788 6.553928 4.663708 2.843377 2.654940 4.242472 5.797824 6.474754 5.838948 4.332413 2.761732 2.330441 3.640027 4.842856 5.358599 4.919762 3.802490 2.560950 2.076261 3.306786 4.445050 4.923224 4.482524 3.404480 2.254026,
 2.874413 4.619158 5.931952 6.288450 6.183321 6.268584 6.471674 6.968823 9.955454 12.032542 12.112997 11.146352 10.442440 10.137325 10.790702 15.326459 19.490303 19.971504 17.065327 14.062318 12.250581 12.503086 16.472668 21.672394 24.464584 21.672394 16.472668 12.503086 12.250581 14.062318 17.065327 19.971504 19.490303 15.326459 10.790702 10.137325 10.442440 11.146352 12.112997 12.032542 9.955454 6.968823 6.471674 6.268584 6.183321 6.288450 5.931952 4.619158 2.874413,
 19.098169 21.450737 25.996662 30.109262 30.468246 27.780491 23.929777 29.728548 39.336143 50.835133 57.836994 55.004467 46.121834 36.591011 44.968128 62.575516 81.557892 91.321320 83.957642 66.867310 49.910458 54.202419 75.139595 97.006180 107.442581 97.006180 75.139595 54.202419 49.910458 66.867310 83.957642 91.321320 81.557892 62.575516 44.968128 36.591011 46.121834 55.004467 57.836994 50.835133 39.336143 29.728548 23.929777 27.780491 30.468246 30.109262 25.996662 21.450737 19.098169,
 8.421742 6.463774 5.076732 4.125995 3.543058 3.391748 3.525074 12.807135 12.748885 12.822835 12.727484 11.703069 9.255513 6.528685 15.648875 18.387381 21.509764 23.609123 21.575747 16.187807 11.018376 14.920380 19.999550 25.925180 29.141090 25.925180 19.999550 14.920380 11.018376 16.187807 21.575747 23.609123 21.509764 18.387381 15.648875 6.528685 9.255513 11.703069 12.727484 12.822835 12.748885 12.807135 3.525074 3.391748 3.543058 4.125995 5.076732 6.463774 8.421742,
 0.365088 1.648829 2.674718 3.042157 2.601175 1.535742 0.249751 1.239078 2.700528 3.972269 4.592981 4.311725 3.235619 1.756541 2.265617 4.334490 6.318411 7.405396 7.078450 5.475458 3.255086 3.246093 5.989196 8.403566 9.398457 8.403566 5.989196 3.246093 3.255086 5.475458 7.078450 7.405396 6.318411 4.334490 2.265617 1.756541 3.235619 4.311725 4.592981 3.972269 2.700528 1.239078 0.249751 1.535742 2.601175 3.042157 2.674718 1.648829 0.365088,
 3.745101 4.584802 4.345658 2.519365 0.681931 0.656939 1.580554 4.815389 7.132678 8.906169 7.531904 4.433619 3.296001 4.114300 5.541415 8.380010 12.508562 13.152952 9.128622 5.981407 5.705378 6.054437 7.928416 12.655474 15.852066 12.655474 7.928416 6.054437 5.705378 5.981407 9.128622 13.152952 12.508562 8.380010 5.541415 4.114300 3.296001 4.433619 7.531904 8.906169 7.132678 4.815389 1.580554 0.656939 0.681931 2.519365 4.345658 4.584802 3.745101,
 10.798792 11.362756 12.413809 12.970129 12.162300 10.622247 9.308043 29.003046 31.969183 35.583366 37.314152 35.182526 30.545008 25.825869 44.774570 52.254616 60.329903 64.060165 59.849937 50.795845 41.742420 50.057945 60.582394 71.523132 76.718948 71.523132 60.582394 50.057945 41.742420 50.795845 59.849937 64.060165 60.329903 52.254616 44.774570 25.825869 30.545008 35.182526 37.314152 35.583366 31.969183 29.003046 9.308043 10.622247 12.162300 12.970129 12.413809 11.362756 10.798792,
 2.176053 1.122257 0.443267 0.233014 -0.076295 -0.584945 -0.734418 5.593833 5.432445 5.706161 6.011573 5.260708 3.448115 1.747868 9.140429 10.802250 12.941799 14.247386 12.912891 9.483864 6.109457 9.649169 13.056728 16.851452 18.689037 16.851452 13.056728 9.649169 6.109457 9.483864 12.912891 14.247386 12.941799 10.802250 9.140429 1.747868 3.448115 5.260708 6.011573 5.706161 5.432445 5.593833 -0.734418 -0.584945 -0.076295 0.233014 0.443267 1.122257 2.176053,

Pairwise cross-correlations of the modulus of all oriented sub-bands at the same scale (size QxQ)
 10.884118 11.779126 19.836384 15.110503,
 11.779126 106.172485 220.744965 84.315392,
 19.836384 220.744965 696.801331 310.851074,
 15.110503 84.315392 310.851074 177.002686,
 11.448606 9.515194 13.155923 9.706789,
 9.515194 50.481129 95.128426 34.585602,
 13.155923 95.128426 306.472015 134.470551,
 9.706789 34.585602 134.470551 82.702126,
 7.412789 5.328294 3.788932 4.038435,
 5.328294 24.464584 33.788467 11.252790,
 3.788932 33.788467 107.442589 42.031990,
 4.038435 11.252790 42.031990 29.141090,
 9.398457 5.991839 0.771043 3.447000,
 5.991839 15.852068 16.850870 7.217716,
 0.771043 16.850870 76.718948 28.946842,
 3.447000 7.217716 28.946842 18.689039,

Cross-correlations of the modulus of all oriented sub-bands with all oriented sub-bands at the coarser scale (size QxQ)
 8.031682 7.661288 8.101148 8.063081,
 13.217216 38.248711 72.741867 32.408646,
 28.100901 80.630486 213.979141 106.895027,
 16.800915 34.582970 98.900467 59.834755,
 7.016930 6.373286 5.016874 4.950386,
 6.625437 19.392193 29.199080 13.504922,
 8.986254 28.969887 73.894882 37.388710,
 5.932140 12.478050 34.494011 22.612844,
 6.141953 6.189398 1.257523 3.704370,
 2.716697 9.237297 13.575888 4.406814,
 0.655174 10.874289 41.390060 12.285940,
 1.861841 8.416569 23.438498 9.775278,

Cross-correlations of the real part of each oriented sub-band with both the real and imaginary part of all phase-doubled oriented sub-bands at the next coarser scale (Q matrices of size 1x2Q, which are computed and stored in a matrix of size Qx2Q)
 -0.543820 -0.763994 -0.588294 -0.937813 1.190525 0.291751 0.013483 0.287622,
 -0.454649 -16.749672 -17.912094 -0.944245 0.633562 2.245294 1.719510 -0.068713,
 -0.626213 -27.450207 -24.524433 -5.037106 0.072530 2.160409 2.941143 1.840029,
 -0.657261 -5.937179 -2.821571 -6.150241 0.340191 -0.391608 0.044927 2.619483,
 -0.768563 -0.553692 -0.248214 -0.049345 0.206955 0.311824 -0.220173 -0.077426,
 -0.557455 -9.972543 -11.805085 -3.170926 0.499294 1.544975 0.615918 0.073121,
 -0.173094 -15.754251 -28.395864 -12.600825 0.121451 0.682084 -0.102304 -1.207149,
 -0.204321 -2.895978 -10.211712 -6.349165 -0.127885 -0.369412 -1.891415 -1.401986,
 -0.242571 -0.866937 -0.250716 -0.411449 -1.310553 0.172491 0.119214 0.320300,
 -0.422353 -4.217865 1.122472 -0.917392 -0.523325 6.040322 10.968763 1.730519,
 -0.364296 -1.902513 -2.644760 -8.649051 0.034069 9.899656 24.442390 1.854889,
 -0.329952 0.402986 -4.592650 -6.771865 -0.424445 2.299152 7.215909 -1.208323,
