Low-band skewness and kurtosis
 -0.593000 2.141450,
 -0.529328 2.260601,
 -0.265754 1.961581,
 -0.091572 1.682517,
 0.015209 1.616813,

High-band variance
 894.796021,

Skewness, kurtosis, variance, mean, maximum and minimum of the reconstructed texture
 -0.710791 2.003585 5912.390137 190.047791 255.000000 2.000000,

Auto-correlations of the low-frequency bands at each scale
 1617.134644 1565.280518 1522.397217 1496.174438 1497.926025 1541.992432 1632.925415 1894.905884 1697.942871 1555.946289 1520.694336 1609.000000 1802.467529 2044.100952 3022.904053 3133.239258 3258.976807 3359.052734 3390.688721 3362.737305 3293.639893 3953.238770 4359.233887 4692.703125 4827.672852 4692.703125 4359.233887 3953.238770 3293.639893 3362.737305 3390.688721 3359.052734 3258.976807 3133.239258 3022.904053 2044.100952 1802.467529 1609.000000 1520.694336 1555.946289 1697.942871 1894.905884 1632.925415 1541.992432 1497.926025 1496.174438 1522.397217 1565.280518 1617.134644,
 1727.389282 1697.098633 1675.393433 1659.006226 1649.682251 1654.108887 1679.906860 1602.145874 1495.269043 1425.136230 1425.432251 1505.387695 1647.623291 1808.800659 2278.022949 2349.909424 2436.019287 2510.071289 2542.462158 2541.887451 2522.731934 2935.799561 3184.572754 3401.407959 3492.051758 3401.407959 3184.572754 2935.799561 2522.731934 2541.887451 2542.462158 2510.071289 2436.019287 2349.909424 2278.022949 1808.800659 1647.623291 1505.387695 1425.432251 1425.136230 1495.269043 1602.145874 1679.906860 1654.108887 1649.682251 1659.006226 1675.393433 1697.098633 1727.389282,
 1563.303833 1570.531616 1575.861450 1572.563477 1560.893921 1548.450562 1542.923950 1789.111816 1724.690674 1667.318848 1635.686646 1639.036865 1682.005615 1751.029541 2022.792480 2042.721924 2083.034180 2122.605713 2134.190430 2126.887451 2112.381836 2254.926270 2385.203125 2505.722656 2558.932861 2505.722656 2385.203125 2254.926270 2112.381836 2126.887451 2134.190430 2122.605713 2083.034180 2042.721924 2022.792480 1751.029541 1682.005615 1639.036865 1635.686646 1667.318848 1724.690674 1789.111816 1542.923950 1548.450562 1560.893921 1572.563477 1575.861450 1570.531616 1563.303833,
 706.098511 703.194031 693.436523 677.029053 655.812012 640.585876 642.432739 1365.750610 1324.525879 1286.665649 1260.611694 1246.244995 1250.228516 1271.939331 1846.152222 1846.956177 1862.900635 1876.726562 1865.275391 1837.649536 1809.085571 2039.424805 2105.317383 2173.606445 2205.615723 2173.606445 2105.317383 2039.424805 1809.085571 1837.649536 1865.275391 1876.726562 1862.900635 1846.956177 1846.152222 1271.939331 1250.228516 1246.244995 1260.611694 1286.665649 1324.525879 1365.750610 642.432739 640.585876 655.812012 677.029053 693.436523 703.194031 706.098511,
 -1381.599121 -1407.416382 -1403.084106 -1368.068481 -1323.509888 -1299.067505 -1307.638184 -17.615677 -55.265396 -85.159927 -87.774033 -64.482513 -30.463028 -2.789538 1367.963623 1388.392700 1392.088623 1374.832397 1341.264648 1314.449585 1314.514404 1913.956909 1961.765503 2017.144165 2042.765747 2017.144165 1961.765503 1913.956909 1314.514404 1314.449585 1341.264648 1374.832397 1392.088623 1388.392700 1367.963623 -2.789538 -30.463028 -64.482513 -87.774033 -85.159927 -55.265396 -17.615677 -1307.638184 -1299.067505 -1323.509888 -1368.068481 -1403.084106 -1407.416382 -1381.599121,

Auto-correlations of the modulus of each oriented sub-band
 5.043230 6.119813 7.127490 7.638326 7.412605 6.616706 5.628346 5.987201 7.243739 8.304581 8.806214 8.544649 7.630030 6.449185 7.363682 9.445078 11.192873 11.834279 11.095156 9.404604 7.473550 7.904358 10.678659 13.531384 14.844681 13.531384 10.678659 7.904358 7.473550 9.404604 11.095156 11.834279 11.192873 9.445078 7.363682 6.449185 7.630030 8.544649 8.806214 8.304581 7.243739 5.987201 5.628346 6.616706 7.412605 7.638326 7.127490 6.119813 5.043230,
 86.047379 92.332161 98.884346 103.851082 106.010323 106.197350 105.902908 104.609566 116.440430 128.850311 136.217072 135.704315 130.536362 124.829430 125.602280 143.898819 163.556396 173.540863 167.516937 153.083847 139.184891 139.779190 159.585846 181.200287 191.747498 181.200287 159.585846 139.779190 139.184891 153.083847 167.516937 173.540863 163.556396 143.898819 125.602280 124.829430 130.536362 135.704315 136.217072 128.850311 116.440430 104.609566 105.902908 106.197350 106.010323 103.851082 98.884346 92.332161 86.047379,
 246.545547 261.125854 276.081299 282.732941 276.235291 261.647827 246.559555 300.559845 338.662720 378.820648 396.909454 378.358551 337.819702 298.333893 353.851929 422.220734 496.614807 531.593506 496.956543 422.394257 352.716492 376.900055 460.644348 552.628540 596.765564 552.628540 460.644348 376.900055 352.716492 422.394257 496.956543 531.593506 496.614807 422.220734 353.851929 298.333893 337.819702 378.358551 396.909454 378.820648 338.662720 300.559845 246.559555 261.647827 276.235291 282.732941 276.081299 261.125854 246.545547,
 74.441971 74.233711 73.572510 71.435669 67.506119 63.166161 59.880466 93.630524 96.957764 100.134476 100.073547 93.479889 83.220169 74.728149 108.012741 117.892670 129.397476 134.795151 125.519974 108.365067 94.204773 108.238953 123.363899 142.000839 151.973923 142.000839 123.363899 108.238953 94.204773 108.365067 125.519974 134.795151 129.397476 117.892670 108.012741 74.728149 83.220169 93.479889 100.073547 100.134476 96.957764 93.630524 59.880466 63.166161 67.506119 71.435669 73.572510 74.233711 74.441971,
 3.327905 4.143952 4.850395 5.097754 4.796211 4.138965 3.438478 3.712986 4.552022 5.271317 5.512617 5.173472 4.449075 3.629111 4.537046 5.926250 7.257406 7.716925 6.937405 5.478973 4.130377 4.814104 6.778804 9.005276 10.091978 9.005276 6.778804 4.814104 4.130377 5.478973 6.937405 7.716925 7.257406 5.926250 4.537046 3.629111 4.449075 5.173472 5.512617 5.271317 4.552022 3.712986 3.438478 4.138965 4.796211 5.097754 4.850395 4.143952 3.327905,
 53.752758 56.540054 59.998318 62.844360 64.185272 63.414764 60.280857 60.712399 69.518227 79.147568 84.348289 83.001297 77.461693 70.404053 72.060051 87.665779 104.541405 112.586319 106.469612 92.953758 79.542152 80.544273 98.433945 117.889084 127.364098 117.889084 98.433945 80.544273 79.542152 92.953758 106.469612 112.586319 104.541405 87.665779 72.060051 70.404053 77.461693 83.001297 84.348289 79.147568 69.518227 60.712399 60.280857 63.414764 64.185272 62.844360 59.998318 56.540054 53.752758,
 162.486115 167.814087 176.687729 182.967682 178.855728 167.145355 154.558014 196.343948 219.808044 246.758682 258.829529 241.831039 208.105103 178.068161 225.334686 273.195770 327.047333 351.322632 321.019928 261.771393 210.480682 231.694168 292.454529 362.405945 396.873352 362.405945 292.454529 231.694168 210.480682 261.771393 321.019928 351.322632 327.047333 273.195770 225.334686 178.068161 208.105103 241.831039 258.829529 246.758682 219.808044 196.343948 154.558014 167.145355 178.855728 182.967682 176.687729 167.814087 162.486115,
 40.799042 42.398918 43.168041 42.614838 40.314175 37.006805 33.970932 50.427650 54.847008 58.410717 59.469234 55.582462 48.073357 41.036552 56.908585 65.685661 75.136658 80.136810 74.292419 61.583134 50.264099 56.854301 69.047150 83.311790 90.689301 83.311790 69.047150 56.854301 50.264099 61.583134 74.292419 80.136810 75.136658 65.685661 56.908585 41.036552 48.073357 55.582462 59.469234 58.410717 54.847008 50.427650 33.970932 37.006805 40.314175 42.614838 43.168041 42.398918 40.799042,
 1.313750 1.944048 2.494002 2.831871 2.850345 2.520369 1.969616 1.921555 2.656081 3.301353 3.637498 3.593431 3.203463 2.583858 2.582947 3.818182 5.048245 5.612430 5.199918 4.150975 3.019965 2.990765 4.600160 6.344234 7.161744 6.344234 4.600160 2.990765 3.019965 4.150975 5.199918 5.612430 5.048245 3.818182 2.582947 2.583858 3.203463 3.593431 3.637498 3.301353 2.656081 1.921555 1.969616 2.520369 2.850345 2.831871 2.494002 1.944048 1.313750,
 13.943371 16.899521 19.384424 21.374992 22.722029 22.738239 21.025417 20.061241 26.228363 31.571314 34.014751 33.894314 31.969337 28.303459 28.542883 37.810932 46.817245 50.338039 47.189186 41.116703 34.418152 34.747181 44.229561 54.107353 58.919270 54.107353 44.229561 34.747181 34.418152 41.116703 47.189186 50.338039 46.817245 37.810932 28.542883 28.303459 31.969337 33.894314 34.014751 31.571314 26.228363 20.061241 21.025417 22.738239 22.722029 21.374992 19.384424 16.899521 13.943371,
 17.850674 20.688606 27.704226 34.880783 37.163689 33.495415 26.178364 25.368500 37.062538 55.366722 68.809906 67.451424 54.481422 38.147018 39.208733 63.500244 94.831757 113.722649 104.224304 77.304199 49.986900 51.007797 82.550446 118.508911 136.581482 118.508911 82.550446 51.007797 49.986900 77.304199 104.224304 113.722649 94.831757 63.500244 39.208733 38.147018 54.481422 67.451424 68.809906 55.366722 37.062538 25.368500 26.178364 33.495415 37.163689 34.880783 27.704226 20.688606 17.850674,
 7.175059 8.151354 8.645846 8.548860 8.443048 8.409012 8.046197 11.230222 12.723793 13.968463 15.507198 16.093788 14.577312 12.112319 15.007989 17.662033 21.519171 25.461655 24.823870 19.988842 15.498956 16.629719 20.954571 27.168873 30.885986 27.168873 20.954571 16.629719 15.498956 19.988842 24.823870 25.461655 21.519171 17.662033 15.007989 12.112319 14.577312 16.093788 15.507198 13.968463 12.723793 11.230222 8.046197 8.409012 8.443048 8.548860 8.645846 8.151354 7.175059,
 0.043019 0.093174 0.260958 0.464214 0.574635 0.508210 0.273308 0.281864 0.701769 1.121252 1.354038 1.300601 1.028847 0.683500 0.795211 1.811456 2.759465 3.140990 2.773556 1.961787 1.160343 1.238967 2.462347 3.712550 4.266765 3.712550 2.462347 1.238967 1.160343 1.961787 2.773556 3.140990 2.759465 1.811456 0.795211 0.683500 1.028847 1.300601 1.354038 1.121252 0.701769 0.281864 0.273308 0.508210 0.574635 0.464214 0.260958 0.093174 0.043019,
 2.523402 4.262586 5.128433 4.546741 3.100462 1.759566 0.877764 4.080383 7.076612 9.079514 8.738237 6.612714 4.314391 2.708752 4.724525 8.940769 12.891601 13.465687 10.421140 6.665407 4.016528 4.636048 8.510756 13.464520 16.017902 13.464520 8.510756 4.636048 4.016528 6.665407 10.421140 13.465687 12.891601 8.940769 4.724525 2.708752 4.314391 6.612714 8.738237 9.079514 7.076612 4.080383 0.877764 1.759566 3.100462 4.546741 5.128433 4.262586 2.523402,
 -1.813619 1.740780 7.958584 11.227676 7.995908 1.740376 -2.682319 1.778647 8.260067 18.750692 25.251955 21.305231 11.724648 4.134225 6.172971 16.323013 31.108917 40.064835 34.010002 20.144283 9.132710 9.568581 21.790182 38.133881 46.791653 38.133881 21.790182 9.568581 9.132710 20.144283 34.010002 40.064835 31.108917 16.323013 6.172971 4.134225 11.724648 21.305231 25.251955 18.750692 8.260067 1.778647 -2.682319 1.740376 7.995908 11.227676 7.958584 1.740780 -1.813619,
 -1.650674 -1.860882 -1.647394 -1.180068 -0.801804 -0.572960 -0.411939 1.163654 1.566713 1.970117 2.196335 1.950792 1.275706 0.581872 3.128903 4.486672 5.956744 6.965247 6.211337 4.097213 2.075016 3.124712 5.506527 8.200759 9.693577 8.200759 5.506527 3.124712 2.075016 4.097213 6.211337 6.965247 5.956744 4.486672 3.128903 0.581872 1.275706 1.950792 2.196335 1.970117 1.566713 1.163654 -0.411939 -0.572960 -0.801804 -1.180068 -1.647394 -1.860882 -1.650674,

Pairwise cross-correlations of the modulus of all oriented sub-bands at the same scale (size QxQ)
 14.844682 20.303135 22.438951 17.709799,
 20.303135 191.747482 258.185730 64.122681,
 22.438951 258.185730 596.765686 217.517776,
 17.709799 64.122681 217.517776 151.973953,
 10.091980 15.438556 18.011618 12.044060,
 15.438556 127.364105 174.333740 44.615753,
 18.011618 174.333740 396.873352 136.520401,
 12.044060 44.615753 136.520401 90.689308,
 7.161744 7.528749 5.944757 4.752077,
 7.528749 58.919270 69.827682 11.159093,
 5.944757 69.827682 136.581482 35.287117,
 4.752077 11.159093 35.287117 30.885988,
 4.266765 2.083529 -0.819305 1.183766,
 2.083529 16.017902 19.567530 2.702736,
 -0.819305 19.567530 46.791656 9.559398,
 1.183766 2.702736 9.559398 9.693577,

Cross-correlations of the modulus of all oriented sub-bands with all oriented sub-bands at the coarser scale (size QxQ)
 8.330361 14.463604 15.527781 13.026905,
 17.695906 78.114754 104.855499 36.850864,
 24.984846 113.880257 201.612717 88.692429,
 14.159294 40.400448 78.606621 56.417244,
 5.061673 7.724278 6.690839 5.610617,
 10.671133 41.935390 46.223587 11.421908,
 17.126656 59.453751 86.297043 31.286982,
 10.134939 16.175426 30.088055 22.932388,
 3.422200 2.713565 0.105556 2.219800,
 5.069941 14.910380 10.746456 1.832314,
 3.570442 19.262642 21.980995 2.237439,
 3.109165 3.566566 4.371449 4.892589,

Cross-correlations of the real part of each oriented sub-band with both the real and imaginary part of all phase-doubled oriented sub-bands at the next coarser scale (Q matrices of size 1x2Q, which are computed and stored in a matrix of size Qx2Q)
 -1.326048 -1.790021 -1.401046 -1.743640 0.896063 -0.003863 -0.166693 -0.666250,
 -1.755388 -16.380621 -8.202676 -3.121001 0.300821 -5.047505 -4.281652 -0.633418,
 -1.720405 -15.930116 -13.060308 -19.550209 0.047733 -5.521362 -5.005975 -0.944697,
 -1.451195 -1.889251 -7.311413 -16.824574 0.567488 0.128764 -0.252818 -1.841807,
 -1.249662 -0.793571 -0.403867 -0.832631 0.667745 -0.757843 0.063343 0.184716,
 -0.723978 -2.557044 0.501612 -1.926741 0.327267 -5.443851 6.155504 1.536915,
 -0.177069 0.785386 -6.482978 -13.914779 -0.021096 -1.160590 24.584208 7.208271,
 -0.690066 0.852863 -7.242827 -10.744310 0.186261 1.122324 11.763144 4.709791,
 -0.301749 -0.876116 -0.305491 -1.418018 1.485886 0.595425 0.256061 -0.286824,
 -0.492868 -4.803632 -6.939368 -4.612729 0.556810 6.555094 5.100274 0.169783,
 -0.398374 -5.940302 -26.377289 -23.003117 0.096543 8.207063 6.458548 0.531497,
 -0.320712 -1.412517 -13.540990 -16.049282 0.715966 1.161432 0.961985 0.208448,
