Low-band skewness and kurtosis
 -0.608090 2.196755,
 -0.415494 2.092082,
 -0.135947 1.917589,
 0.222404 1.947057,
 0.242624 1.724736,

High-band variance
 868.107178,

Skewness, kurtosis, variance, mean, maximum and minimum of the reconstructed texture
 -0.709963 2.035786 5718.778320 190.780640 255.000000 4.000000,

Auto-correlations of the low-frequency bands at each scale
 1019.064636 1012.095520 1005.387146 999.730347 993.060120 989.155945 991.300598 1163.012573 1104.296021 1069.957764 1066.635864 1092.878418 1149.976440 1230.831909 2905.614746 2950.663818 3003.466064 3046.562500 3064.361084 3066.340088 3060.851562 4353.348633 4497.245117 4608.990234 4653.914062 4608.990234 4497.245117 4353.348633 3060.851562 3066.340088 3064.361084 3046.562500 3003.466064 2950.663818 2905.614746 1230.831909 1149.976440 1092.878418 1066.635864 1069.957764 1104.296021 1163.012573 991.300598 989.155945 993.060120 999.730347 1005.387146 1012.095520 1019.064636,
 955.008057 951.158875 942.472717 934.673523 931.068542 930.454895 930.846436 890.107727 858.144287 840.130432 842.727173 866.081482 908.179443 963.838562 2002.916138 2032.826904 2071.481201 2103.011719 2111.159424 2102.642822 2089.306396 3035.800781 3137.143066 3221.077148 3256.145264 3221.077148 3137.143066 3035.800781 2089.306396 2102.642822 2111.159424 2103.011719 2071.481201 2032.826904 2002.916138 963.838562 908.179443 866.081482 842.727173 840.130432 858.144287 890.107727 930.846436 930.454895 931.068542 934.673523 942.472717 951.158875 955.008057,
 778.562317 779.916321 783.846680 791.072205 803.250854 820.762512 842.499451 683.844849 645.841736 619.905396 612.699646 626.518921 660.798645 710.786133 1468.680786 1491.443359 1519.110229 1539.365723 1540.043579 1528.597900 1516.116089 2146.337402 2227.010010 2295.437012 2324.468750 2295.437012 2227.010010 2146.337402 1516.116089 1528.597900 1540.043579 1539.365723 1519.110229 1491.443359 1468.680786 710.786133 660.798645 626.518921 612.699646 619.905396 645.841736 683.844849 842.499451 820.762512 803.250854 791.072205 783.846680 779.916321 778.562317,
 488.546478 476.665649 459.365265 443.456787 433.019928 428.472290 427.036591 809.644348 783.059082 769.863708 772.303955 785.196228 808.565796 839.167542 1161.820435 1176.620972 1206.463257 1237.396729 1252.063843 1258.046509 1263.950562 1454.020630 1496.272827 1538.286255 1558.476929 1538.286255 1496.272827 1454.020630 1263.950562 1258.046509 1252.063843 1237.396729 1206.463257 1176.620972 1161.820435 839.167542 808.565796 785.196228 772.303955 769.863708 783.059082 809.644348 427.036591 428.472290 433.019928 443.456787 459.365265 476.665649 488.546478,
 -906.724548 -904.550415 -905.573364 -906.715881 -907.948853 -911.232788 -913.596497 -18.675072 -23.113781 -29.457355 -32.040665 -28.684902 -23.048786 -19.055405 900.340759 899.632202 905.782898 912.760315 915.185364 914.746216 912.534241 1313.699097 1322.312378 1336.764404 1344.687622 1336.764404 1322.312378 1313.699097 912.534241 914.746216 915.185364 912.760315 905.782898 899.632202 900.340759 -19.055405 -23.048786 -28.684902 -32.040665 -29.457355 -23.113781 -18.675072 -913.596497 -911.232788 -907.948853 -906.715881 -905.573364 -904.550415 -906.724548,

Auto-correlations of the modulus of each oriented sub-band
 2.907900 4.178594 5.268745 5.717000 5.298690 4.234390 2.990140 3.239231 4.617567 5.788745 6.253753 5.781189 4.624412 3.286711 3.801808 5.447906 6.863935 7.418841 6.818690 5.403067 3.806057 4.185318 6.055174 7.723691 8.415167 7.723691 6.055174 4.185318 3.806057 5.403067 6.818690 7.418841 6.863935 5.447906 3.801808 3.286711 4.624412 5.781189 6.253753 5.788745 4.617567 3.239231 2.990140 4.234390 5.298690 5.717000 5.268745 4.178594 2.907900,
 47.000710 49.653763 52.135178 54.046333 55.379578 56.345238 57.062004 62.925362 69.051468 74.243301 77.060608 77.459366 76.303406 74.310905 82.791916 92.741196 101.223167 104.965530 103.047798 97.583359 90.807175 95.164978 105.728104 114.867744 118.763702 114.867744 105.728104 95.164978 90.807175 97.583359 103.047798 104.965530 101.223167 92.741196 82.791916 74.310905 76.303406 77.459366 77.060608 74.243301 69.051468 62.925362 57.062004 56.345238 55.379578 54.046333 52.135178 49.653763 47.000710,
 290.934143 300.223267 309.243866 314.148193 313.472687 310.333740 307.361694 388.429901 413.186249 435.248444 445.868469 440.780609 425.574005 407.106110 505.907684 550.924500 589.627319 606.928345 594.195801 560.476135 519.472717 567.131470 621.347595 667.180542 686.388916 667.180542 621.347595 567.131470 519.472717 560.476135 594.195801 606.928345 589.627319 550.924500 505.907684 407.106110 425.574005 440.780609 445.868469 435.248444 413.186249 388.429901 307.361694 310.333740 313.472687 314.148193 309.243866 300.223267 290.934143,
 46.113594 46.858097 47.207176 46.619461 45.052551 43.192348 41.873146 61.471420 64.177368 66.614670 67.163101 64.593979 59.904137 55.618408 76.908028 83.104401 89.683617 92.685654 88.715874 80.161957 72.217461 81.851402 90.785027 100.683090 105.456238 100.683090 90.785027 81.851402 72.217461 80.161957 88.715874 92.685654 89.683617 83.104401 76.908028 55.618408 59.904137 64.593979 67.163101 66.614670 64.177368 61.471420 41.873146 43.192348 45.052551 46.619461 47.207176 46.858097 46.113594,
 1.601803 2.487211 3.283782 3.610454 3.283105 2.485328 1.603336 1.740113 2.658580 3.479725 3.810106 3.465824 2.644016 1.744365 2.285459 3.480540 4.565103 5.002363 4.546566 3.479988 2.324148 2.773500 4.208157 5.544145 6.111099 5.544145 4.208157 2.773500 2.324148 3.479988 4.546566 5.002363 4.565103 3.480540 2.285459 1.744365 2.644016 3.465824 3.810106 3.479725 2.658580 1.740113 1.603336 2.485328 3.283105 3.610454 3.283782 2.487211 1.601803,
 24.409327 26.551355 27.950243 27.583250 26.132795 24.995565 24.463728 35.947121 40.388306 44.117283 44.349449 41.381863 38.023575 35.626884 47.407978 54.610916 61.919872 64.045128 59.435459 52.701920 47.331394 52.487019 60.255863 69.259674 73.785973 69.259674 60.255863 52.487019 47.331394 52.701920 59.435459 64.045128 61.919872 54.610916 47.407978 35.626884 38.023575 41.381863 44.349449 44.117283 40.388306 35.947121 24.463728 24.995565 26.132795 27.583250 27.950243 26.551355 24.409327,
 150.805573 153.806747 156.808792 157.208710 153.514267 148.261948 143.218109 234.619980 247.022598 257.159119 260.045654 252.383377 237.586533 220.245377 316.745880 343.828796 365.974915 374.300812 362.860901 337.206238 306.041473 349.101105 385.603699 415.718750 428.345154 415.718750 385.603699 349.101105 306.041473 337.206238 362.860901 374.300812 365.974915 343.828796 316.745880 220.245377 237.586533 252.383377 260.045654 257.159119 247.022598 234.619980 143.218109 148.261948 153.514267 157.208710 156.808792 153.806747 150.805573,
 21.510647 21.702791 22.096071 22.533049 22.484282 21.520655 19.909580 33.422001 34.773594 36.699963 38.555984 38.536976 36.007305 32.441677 45.157753 48.829369 53.485638 56.962822 55.767712 50.547714 44.842697 50.245384 56.085411 62.614494 65.909012 62.614494 56.085411 50.245384 44.842697 50.547714 55.767712 56.962822 53.485638 48.829369 45.157753 32.441677 36.007305 38.536976 38.555984 36.699963 34.773594 33.422001 19.909580 21.520655 22.484282 22.533049 22.096071 21.702791 21.510647,
 1.025902 1.452108 1.839278 2.009522 1.839041 1.390993 0.867591 0.969576 1.384921 1.790435 1.997024 1.869935 1.462828 0.977223 1.204480 1.879822 2.576404 2.910216 2.657356 2.002069 1.326364 1.509209 2.420210 3.385898 3.833108 3.385898 2.420210 1.509209 1.326364 2.002069 2.657356 2.910216 2.576404 1.879822 1.204480 0.977223 1.462828 1.869935 1.997024 1.790435 1.384921 0.969576 0.867591 1.390993 1.839041 2.009522 1.839278 1.452108 1.025902,
 13.982115 15.954267 17.443277 18.133583 18.739065 19.083210 18.008301 20.253754 24.531250 28.463907 29.850132 29.182013 27.915802 25.591225 28.913483 35.331913 42.044533 44.736778 42.036324 37.625134 32.992870 34.678818 41.303165 48.501968 52.253334 48.501968 41.303165 34.678818 32.992870 37.625134 42.036324 44.736778 42.044533 35.331913 28.913483 25.591225 27.915802 29.182013 29.850132 28.463907 24.531250 20.253754 18.008301 19.083210 18.739065 18.133583 17.443277 15.954267 13.982115,
 60.062935 65.516747 75.329491 85.971649 91.113319 90.894844 88.759392 112.108040 126.624863 143.408859 156.364441 157.517380 148.596634 135.132416 173.728546 200.942627 226.655319 241.372345 235.989120 215.399841 188.423523 207.798691 241.507385 270.202759 282.643646 270.202759 241.507385 207.798691 188.423523 215.399841 235.989120 241.372345 226.655319 200.942627 173.728546 135.132416 148.596634 157.517380 156.364441 143.408859 126.624863 112.108040 88.759392 90.894844 91.113319 85.971649 75.329491 65.516747 60.062935,
 9.314869 9.230781 9.811254 10.960960 11.979791 12.474679 12.681734 14.642308 15.981847 18.307762 20.948551 22.023857 20.992378 19.197392 21.794359 25.353243 29.992151 33.739296 33.384201 29.557737 25.301214 26.540966 31.586868 37.206230 40.024338 37.206230 31.586868 26.540966 25.301214 29.557737 33.384201 33.739296 29.992151 25.353243 21.794359 19.197392 20.992378 22.023857 20.948551 18.307762 15.981847 14.642308 12.681734 12.474679 11.979791 10.960960 9.811254 9.230781 9.314869,
 -0.084591 0.336224 0.817795 1.179724 1.225839 0.886866 0.295953 0.169404 0.664589 1.221826 1.567455 1.522889 1.098544 0.486401 0.711205 1.515119 2.376573 2.766595 2.427967 1.628091 0.816224 1.034579 2.045118 3.147893 3.660830 3.147893 2.045118 1.034579 0.816224 1.628091 2.427967 2.766595 2.376573 1.515119 0.711205 0.486401 1.098544 1.522889 1.567455 1.221826 0.664589 0.169404 0.295953 0.886866 1.225839 1.179724 0.817795 0.336224 -0.084591,
 -4.189009 -4.423410 -4.578450 -4.235253 -3.535446 -3.146090 -3.171562 1.547770 2.335831 2.119208 1.226179 0.708026 0.574795 0.108670 7.964682 10.375201 11.930556 11.236023 9.138757 7.328965 5.853731 9.688478 12.376980 15.296080 16.826344 15.296080 12.376980 9.688478 5.853731 7.328965 9.138757 11.236023 11.930556 10.375201 7.964682 0.108670 0.574795 0.708026 1.226179 2.119208 2.335831 1.547770 -3.171562 -3.146090 -3.535446 -4.235253 -4.578450 -4.423410 -4.189009,
 -30.725895 -23.445732 -17.386242 -15.513970 -16.424770 -16.261810 -14.048533 -16.792160 -7.446995 0.669353 2.606428 -1.789299 -6.787266 -9.065533 12.048496 24.128473 35.460022 39.071335 32.012375 21.199705 12.695829 26.567846 39.264988 52.684929 59.146961 52.684929 39.264988 26.567846 12.695829 21.199705 32.012375 39.071335 35.460022 24.128473 12.048496 -9.065533 -6.787266 -1.789299 2.606428 0.669353 -7.446995 -16.792160 -14.048533 -16.261810 -16.424770 -15.513970 -17.386242 -23.445732 -30.725895,
 -1.391847 -1.293867 -1.973427 -2.489302 -2.514952 -2.465432 -2.538053 -0.616434 -0.127594 -0.027860 0.513670 0.795105 0.065292 -0.889710 2.161693 3.389825 4.929932 6.796332 6.478922 4.281839 2.456390 3.968516 5.919157 8.662040 10.466988 8.662040 5.919157 3.968516 2.456390 4.281839 6.478922 6.796332 4.929932 3.389825 2.161693 -0.889710 0.065292 0.795105 0.513670 -0.027860 -0.127594 -0.616434 -2.538053 -2.465432 -2.514952 -2.489302 -1.973427 -1.293867 -1.391847,

Pairwise cross-correlations of the modulus of all oriented sub-bands at the same scale (size QxQ)
 8.415168 6.902299 3.749275 5.877537,
 6.902299 118.763733 252.091904 80.423378,
 3.749275 252.091904 686.389038 239.146896,
 5.877537 80.423378 239.146896 105.456245,
 6.111100 5.254834 4.941170 5.880618,
 5.254834 73.785980 152.837250 47.798340,
 4.941170 152.837250 428.345123 145.849197,
 5.880618 47.798340 145.849197 65.909004,
 3.833108 4.237580 4.590526 4.030076,
 4.237580 52.253334 102.365540 34.574379,
 4.590526 102.365540 282.643677 91.414665,
 4.030076 34.574379 91.414665 40.024342,
 3.660830 2.487168 -3.343504 0.638787,
 2.487168 16.826344 19.822720 5.589411,
 -3.343504 19.822720 59.146961 13.475269,
 0.638787 5.589411 13.475269 10.466988,

Cross-correlations of the modulus of all oriented sub-bands with all oriented sub-bands at the coarser scale (size QxQ)
 5.640190 4.465631 -0.474060 4.262090,
 6.399756 37.454559 77.373260 28.775433,
 8.623841 79.248138 204.649933 77.520164,
 6.371456 27.987667 73.556969 35.015507,
 3.369785 4.710128 1.174939 4.153191,
 3.439266 23.318867 45.415829 17.480427,
 5.768425 43.273888 109.517838 37.517681,
 4.213820 16.405685 32.372803 14.860774,
 2.257293 1.914788 -2.193789 1.695199,
 2.395312 7.134810 13.282977 5.640203,
 2.467136 14.318044 41.268215 19.039131,
 2.512713 4.704584 11.142641 7.937421,

Cross-correlations of the real part of each oriented sub-band with both the real and imaginary part of all phase-doubled oriented sub-bands at the next coarser scale (Q matrices of size 1x2Q, which are computed and stored in a matrix of size Qx2Q)
 -0.982367 -0.507665 -0.160706 -0.184671 0.898857 -0.033093 0.075318 -0.045119,
 -0.543623 -13.504399 -33.244961 -12.877549 0.405501 9.687649 26.888094 8.642696,
 -0.115794 -29.224131 -99.711937 -44.507385 0.080399 24.466843 77.120369 27.580097,
 -0.438074 -9.226195 -39.866604 -19.550234 0.346487 7.832839 28.620167 11.108365,
 -0.407455 -0.513722 -0.000963 -0.713347 0.394648 0.016594 -0.118944 0.081921,
 -0.219444 -13.635868 -29.379585 -11.426442 0.039644 2.806551 21.379803 6.874615,
 0.051115 -32.378590 -86.255302 -39.441154 -0.008759 15.791841 71.759506 24.516132,
 -0.237762 -10.621596 -31.704969 -18.965019 0.128838 7.545605 28.809391 10.631230,
 0.203082 0.082916 -0.120074 -0.408532 0.559217 0.306340 0.140764 -0.253917,
 0.154983 -0.586495 -1.509289 1.726497 0.441107 10.921915 33.482334 8.210627,
 -0.027267 0.125537 3.213349 2.743283 0.023439 24.858688 90.110382 23.570915,
 -0.033094 0.758298 2.377544 -1.184222 0.172468 7.876822 32.323231 7.969450,
