Low-band skewness and kurtosis
 -0.665043 2.229347,
 -0.528062 2.170536,
 -0.418834 2.144119,
 -0.352169 1.947440,
 -0.203051 1.580762,

High-band variance
 935.601196,

Skewness, kurtosis, variance, mean, maximum and minimum of the reconstructed texture
 -0.759202 2.038343 6020.911133 192.086914 255.000000 2.000000,

Auto-correlations of the low-frequency bands at each scale
 2061.871094 2037.037476 2009.177002 1979.395386 1948.580811 1925.868774 1916.821045 1838.770264 1793.957031 1774.316528 1789.029907 1837.455444 1918.516357 2020.740967 3102.240967 3195.686768 3306.360840 3415.262695 3500.781738 3565.156982 3614.106201 4573.128418 4712.953125 4824.166504 4869.253418 4824.166504 4712.953125 4573.128418 3614.106201 3565.156982 3500.781738 3415.262695 3306.360840 3195.686768 3102.240967 2020.740967 1918.516357 1837.455444 1789.029907 1774.316528 1793.957031 1838.770264 1916.821045 1925.868774 1948.580811 1979.395386 2009.177002 2037.037476 2061.871094,
 2281.801514 2273.265625 2260.630127 2246.116211 2229.605713 2214.505859 2204.349365 2016.539307 1979.463745 1955.184692 1948.763062 1958.556519 1985.420532 2025.108154 2581.667725 2622.924561 2680.396484 2736.680664 2772.830078 2793.565674 2807.207764 3399.335205 3480.743896 3552.039551 3582.809082 3552.039551 3480.743896 3399.335205 2807.207764 2793.565674 2772.830078 2736.680664 2680.396484 2622.924561 2581.667725 2025.108154 1985.420532 1958.556519 1948.763062 1955.184692 1979.463745 2016.539307 2204.349365 2214.505859 2229.605713 2246.116211 2260.630127 2273.265625 2281.801514,
 1775.133423 1773.002197 1769.788208 1769.597168 1772.514771 1777.178711 1783.073364 1994.255493 1990.490601 1992.818359 2005.199585 2023.807373 2046.178589 2071.006348 2424.347656 2443.273438 2470.895020 2495.954590 2502.687012 2496.971191 2491.321777 2745.184326 2787.250977 2830.593506 2851.145020 2830.593506 2787.250977 2745.184326 2491.321777 2496.971191 2502.687012 2495.954590 2470.895020 2443.273438 2424.347656 2071.006348 2046.178589 2023.807373 2005.199585 1992.818359 1990.490601 1994.255493 1783.073364 1777.178711 1772.514771 1769.597168 1769.788208 1773.002197 1775.133423,
 806.879028 806.294922 808.574280 809.625793 808.846130 810.894653 817.167358 1482.984009 1478.242188 1480.037231 1484.221069 1488.008423 1496.249512 1508.023560 2137.887695 2147.178223 2167.976562 2186.594238 2189.720703 2185.679199 2182.658691 2508.350586 2530.386475 2558.660889 2573.517090 2558.660889 2530.386475 2508.350586 2182.658691 2185.679199 2189.720703 2186.594238 2167.976562 2147.178223 2137.887695 1508.023560 1496.249512 1488.008423 1484.221069 1480.037231 1478.242188 1482.984009 817.167358 810.894653 808.846130 809.625793 808.574280 806.294922 806.879028,
 -1604.125244 -1610.666382 -1618.633667 -1618.279907 -1607.615356 -1597.919800 -1596.933594 -72.426498 -79.569031 -81.530853 -74.744820 -65.183182 -60.316727 -61.289463 1594.686523 1594.951782 1605.854614 1618.895630 1620.726929 1613.367798 1606.039795 2343.589355 2353.892090 2372.161865 2382.380615 2372.161865 2353.892090 2343.589355 1606.039795 1613.367798 1620.726929 1618.895630 1605.854614 1594.951782 1594.686523 -61.289463 -60.316727 -65.183182 -74.744820 -81.530853 -79.569031 -72.426498 -1596.933594 -1597.919800 -1607.615356 -1618.279907 -1618.633667 -1610.666382 -1604.125244,

Auto-correlations of the modulus of each oriented sub-band
 3.024070 4.270832 5.344757 5.810750 5.459068 4.493310 3.347897 3.254575 4.542338 5.648251 6.133094 5.778062 4.783666 3.591154 3.821437 5.366474 6.664026 7.151726 6.610747 5.357789 3.938956 4.158461 5.882216 7.438132 8.087891 7.438132 5.882216 4.158461 3.938956 5.357789 6.610747 7.151726 6.664026 5.366474 3.821437 3.591154 4.783666 5.778062 6.133094 5.648251 4.542338 3.254575 3.347897 4.493310 5.459068 5.810750 5.344757 4.270832 3.024070,
 68.605911 71.049789 73.252197 74.858231 75.592010 75.642761 75.333511 88.552307 94.533829 99.495918 101.907043 101.548637 99.371323 96.461334 111.900322 121.888290 130.620010 134.179092 131.495377 125.151443 117.851631 125.104248 135.919571 145.708160 150.036499 145.708160 135.919571 125.104248 117.851631 125.151443 131.495377 134.179092 130.620010 121.888290 111.900322 96.461334 99.371323 101.548637 101.907043 99.495918 94.533829 88.552307 75.333511 75.642761 75.592010 74.858231 73.252197 71.049789 68.605911,
 310.793335 317.097839 323.314972 327.443756 327.488434 324.744751 321.613464 423.232361 444.360138 462.260040 470.944611 466.404266 452.357269 435.393799 551.485718 592.217468 626.100830 640.855347 629.126709 598.232117 560.926025 615.239136 664.823975 706.431213 723.724915 706.431213 664.823975 615.239136 560.926025 598.232117 629.126709 640.855347 626.100830 592.217468 551.485718 435.393799 452.357269 466.404266 470.944611 462.260040 444.360138 423.232361 321.613464 324.744751 327.488434 327.443756 323.314972 317.097839 310.793335,
 40.482044 40.976437 41.435467 41.527336 40.860195 39.593563 38.232105 53.619339 56.274590 58.930351 60.243912 58.753929 54.918304 50.897476 66.742332 72.610405 79.080444 82.670395 79.674561 72.046608 64.777702 71.742203 79.929634 89.208115 93.815529 89.208115 79.929634 71.742203 64.777702 72.046608 79.674561 82.670395 79.080444 72.610405 66.742332 50.897476 54.918304 58.753929 60.243912 58.930351 56.274590 53.619339 38.232105 39.593563 40.860195 41.527336 41.435467 40.976437 40.482044,
 2.227496 2.968036 3.562217 3.743958 3.429466 2.789973 2.104783 2.285142 3.115693 3.793926 4.015726 3.700085 3.049732 2.353206 2.575552 3.673026 4.652363 5.008959 4.564338 3.634161 2.670007 2.839411 4.110838 5.352209 5.896684 5.352209 4.110838 2.839411 2.670007 3.634161 4.564338 5.008959 4.652363 3.673026 2.575552 2.353206 3.049732 3.700085 4.015726 3.793926 3.115693 2.285142 2.104783 2.789973 3.429466 3.743958 3.562217 2.968036 2.227496,
 30.661398 32.719685 33.738125 33.535519 32.562992 31.278566 30.149118 41.048664 45.969395 49.536552 49.875412 47.562820 44.337254 41.289593 52.525986 60.620670 67.965965 70.065384 65.843575 59.113445 52.787689 57.753540 66.615707 75.750931 80.159111 75.750931 66.615707 57.753540 52.787689 59.113445 65.843575 70.065384 67.965965 60.620670 52.525986 41.289593 44.337254 47.562820 49.875412 49.536552 45.969395 41.048664 30.149118 31.278566 32.562992 33.535519 33.738125 32.719685 30.661398,
 139.611130 143.280457 144.619034 142.537476 136.760147 128.605530 120.232811 196.297791 209.919724 220.537689 224.522583 220.173401 209.468674 196.173950 264.372681 289.960907 311.135712 320.690796 314.570099 296.389984 272.995850 301.513489 332.036835 356.899780 366.979919 356.899780 332.036835 301.513489 272.995850 296.389984 314.570099 320.690796 311.135712 289.960907 264.372681 196.173950 209.468674 220.173401 224.522583 220.537689 209.919724 196.297791 120.232811 128.605530 136.760147 142.537476 144.619034 143.280457 139.611130,
 18.325529 18.266287 18.229126 18.222956 17.857040 17.015776 16.324854 24.932779 25.897827 27.455311 29.309288 29.600994 27.564411 25.218023 32.177383 34.568962 38.779587 42.838463 42.073753 37.105461 33.008942 35.774288 39.655167 45.988762 49.728455 45.988762 39.655167 35.774288 33.008942 37.105461 42.073753 42.838463 38.779587 34.568962 32.177383 25.218023 27.564411 29.600994 29.309288 27.455311 25.897827 24.932779 16.324854 17.015776 17.857040 18.222956 18.229126 18.266287 18.325529,
 0.898658 1.222568 1.582263 1.766743 1.653627 1.281503 0.844229 1.204638 1.586364 1.952350 2.082449 1.891299 1.469678 1.000073 1.444823 2.107985 2.766033 3.026222 2.697248 1.995896 1.277664 1.498186 2.462551 3.466479 3.928360 3.466479 2.462551 1.498186 1.277664 1.995896 2.697248 3.026222 2.766033 2.107985 1.444823 1.000073 1.469678 1.891299 2.082449 1.952350 1.586364 1.204638 0.844229 1.281503 1.653627 1.766743 1.582263 1.222568 0.898658,
 3.988238 4.381050 4.282978 4.166182 4.613286 5.321938 5.548891 6.209399 8.590797 10.218670 9.702793 8.324177 7.791624 7.663652 9.844703 14.024424 18.695208 19.443295 15.808091 12.194912 10.329446 11.682726 15.649008 21.611530 25.048601 21.611530 15.649008 11.682726 10.329446 12.194912 15.808091 19.443295 18.695208 14.024424 9.844703 7.663652 7.791624 8.324177 9.702793 10.218670 8.590797 6.209399 5.548891 5.321938 4.613286 4.166182 4.282978 4.381050 3.988238,
 9.654179 10.136562 11.037719 11.553143 11.475173 11.462870 11.665436 25.566048 29.276922 32.629417 33.484364 30.502031 25.357691 20.198227 49.694515 59.757965 68.479614 71.473495 65.814667 54.754845 42.948490 59.367638 73.801834 86.898544 92.682343 86.898544 73.801834 59.367638 42.948490 54.754845 65.814667 71.473495 68.479614 59.757965 49.694515 20.198227 25.357691 30.502031 33.484364 32.629417 29.276922 25.566048 11.665436 11.462870 11.475173 11.553143 11.037719 10.136562 9.654179,
 3.067784 2.881021 2.972028 3.554665 4.238260 4.583359 4.613972 5.499528 5.711343 6.518657 7.845291 8.432774 7.499434 6.032111 8.507660 9.873675 12.384968 14.811657 14.351974 11.257695 8.375753 9.804657 12.550212 16.511251 18.759056 16.511251 12.550212 9.804657 8.375753 11.257695 14.351974 14.811657 12.384968 9.873675 8.507660 6.032111 7.499434 8.432774 7.845291 6.518657 5.711343 5.499528 4.613972 4.583359 4.238260 3.554665 2.972028 2.881021 3.067784,
 0.948063 1.292127 1.428627 1.275141 0.859365 0.295885 -0.278176 1.120401 1.602724 1.891512 1.852642 1.469481 0.851849 0.182375 1.161601 1.996896 2.654581 2.843280 2.446738 1.640312 0.742234 1.119034 2.193028 3.141692 3.537600 3.141692 2.193028 1.119034 0.742234 1.640312 2.446738 2.843280 2.654581 1.996896 1.161601 0.182375 0.851849 1.469481 1.852642 1.891512 1.602724 1.120401 -0.278176 0.295885 0.859365 1.275141 1.428627 1.292127 0.948063,
 0.561038 -0.915651 -1.729598 -1.682842 -1.771396 -2.476343 -2.952895 2.324170 2.689290 2.941902 2.816583 1.754111 -0.136826 -1.874912 3.160367 5.541331 8.514560 9.166389 6.571000 3.254548 0.813317 2.792378 5.613281 10.006107 12.691563 10.006107 5.613281 2.792378 0.813317 3.254548 6.571000 9.166389 8.514560 5.541331 3.160367 -1.874912 -0.136826 1.754111 2.816583 2.941902 2.689290 2.324170 -2.952895 -2.476343 -1.771396 -1.682842 -1.729598 -0.915651 0.561038,
 5.673756 4.340383 3.157918 2.122328 1.054690 0.568332 1.723217 16.346485 19.145300 21.830406 22.811388 20.935020 17.459150 14.855622 28.708830 36.244995 43.220028 46.317139 43.327412 36.241753 28.950342 35.392483 45.103462 54.076614 57.986942 54.076614 45.103462 35.392483 28.950342 36.241753 43.327412 46.317139 43.220028 36.244995 28.708830 14.855622 17.459150 20.935020 22.811388 21.830406 19.145300 16.346485 1.723217 0.568332 1.054690 2.122328 3.157918 4.340383 5.673756,
 0.834905 0.657615 0.666188 1.227333 2.020567 2.228347 1.770914 1.974494 2.307706 2.974388 4.372593 5.332754 4.431111 3.133943 3.572047 4.255803 5.993818 8.436083 8.439980 5.906929 4.332910 4.675187 5.822653 8.696862 10.714071 8.696862 5.822653 4.675187 4.332910 5.906929 8.439980 8.436083 5.993818 4.255803 3.572047 3.133943 4.431111 5.332754 4.372593 2.974388 2.307706 1.974494 1.770914 2.228347 2.020567 1.227333 0.666188 0.657615 0.834905,

Pairwise cross-correlations of the modulus of all oriented sub-bands at the same scale (size QxQ)
 8.087892 9.088051 8.623152 7.109914,
 9.088051 150.036499 299.311279 87.891762,
 8.623152 299.311279 723.724976 230.229309,
 7.109914 87.891762 230.229309 93.815529,
 5.896684 7.196287 10.067939 5.035716,
 7.196287 80.159111 152.923569 42.251194,
 10.067939 152.923569 366.979919 115.996552,
 5.035716 42.251194 115.996552 49.728451,
 3.928361 3.158495 3.109349 3.517982,
 3.158495 25.048607 38.137657 11.082014,
 3.109349 38.137657 92.682343 30.110992,
 3.517982 11.082014 30.110992 18.759056,
 3.537600 0.624135 0.046438 0.767693,
 0.624135 12.691565 19.939980 5.388369,
 0.046438 19.939980 57.986946 19.706749,
 0.767693 5.388369 19.706749 10.714071,

Cross-correlations of the modulus of all oriented sub-bands with all oriented sub-bands at the coarser scale (size QxQ)
 5.195085 4.863166 4.215340 3.890739,
 9.292648 48.591583 97.803909 35.054298,
 14.284116 99.087868 222.594574 79.126907,
 7.157645 33.427910 73.502548 30.133228,
 3.179175 3.604108 3.401665 3.883332,
 5.938089 15.047146 20.925154 8.944456,
 10.413437 24.276096 41.189949 18.434542,
 4.345841 7.415048 13.077555 9.225058,
 1.951355 1.388326 2.532820 2.103612,
 1.866386 4.990358 11.295315 5.502636,
 1.052086 4.782027 20.403221 8.821855,
 1.320510 0.847705 5.314291 3.750958,

Cross-correlations of the real part of each oriented sub-band with both the real and imaginary part of all phase-doubled oriented sub-bands at the next coarser scale (Q matrices of size 1x2Q, which are computed and stored in a matrix of size Qx2Q)
 -1.118696 -0.749623 -0.302058 -0.183754 0.999499 0.265816 0.011511 -0.225636,
 -0.878484 -10.720130 -24.268705 -11.020994 0.434224 1.512863 -5.178890 -2.147631,
 -0.353018 -21.484608 -77.659157 -39.236740 0.067850 0.216657 -13.646347 -6.069878,
 -0.460848 -7.247901 -32.773098 -17.863199 0.393212 -0.626800 -4.296860 -2.627710,
 -0.627955 -0.468667 -0.225626 -0.010547 0.650485 0.104348 0.059077 0.049645,
 -0.349036 -5.557516 -3.514927 -2.239408 0.307688 -0.610615 -11.572434 -3.907805,
 -0.106893 -6.386454 -10.671939 -7.633651 0.082928 -3.656688 -30.487623 -9.372255,
 -0.312343 -1.140903 -5.322482 -3.076255 0.237050 -1.620039 -9.674652 -2.360389,
 0.036943 -0.712551 -0.108306 0.057918 0.683267 -0.097041 -0.136466 -0.170495,
 -0.081060 0.927859 9.016906 2.156295 0.216811 0.400994 7.260582 3.931197,
 -0.016439 8.102439 26.044552 7.069095 0.032409 4.823818 26.862122 10.886828,
 0.133943 2.952955 9.470968 3.080227 0.323170 2.440079 10.723559 3.544308,
