Low-band skewness and kurtosis
 -0.725806 2.253106,
 -0.625051 2.182880,
 -0.510374 2.055646,
 -0.404972 1.857182,
 -0.354275 1.716954,

High-band variance
 831.757019,

Skewness, kurtosis, variance, mean, maximum and minimum of the reconstructed texture
 -0.806839 2.128064 6327.154297 191.528809 255.000000 0.000000,

Auto-correlations of the low-frequency bands at each scale
 2690.569336 2640.785156 2568.534424 2508.812988 2509.364990 2606.815918 2789.193359 2711.595703 2575.232422 2502.826660 2572.275146 2796.584473 3111.540039 3402.256836 3401.382812 3569.666748 3837.576660 4124.708496 4315.528320 4357.859863 4260.916016 4337.441406 4776.081055 5169.850586 5334.536133 5169.850586 4776.081055 4337.441406 4260.916016 4357.859863 4315.528320 4124.708496 3837.576660 3569.666748 3401.382812 3402.256836 3111.540039 2796.584473 2572.275146 2502.826660 2575.232422 2711.595703 2789.193359 2606.815918 2509.364990 2508.812988 2568.534424 2640.785156 2690.569336,
 2546.500977 2532.488281 2494.655273 2444.521729 2408.392578 2421.250488 2489.414062 2545.760742 2464.646240 2414.980469 2445.828125 2560.451172 2727.573975 2890.445801 2934.697021 3034.910156 3212.270508 3412.304199 3542.543457 3571.575684 3520.040283 3559.294189 3827.161133 4083.745605 4195.640137 4083.745605 3827.161133 3559.294189 3520.040283 3571.575684 3542.543457 3412.304199 3212.270508 3034.910156 2934.697021 2890.445801 2727.573975 2560.451172 2445.828125 2414.980469 2464.646240 2545.760742 2489.414062 2421.250488 2408.392578 2444.521729 2494.655273 2532.488281 2546.500977,
 2054.866699 2119.526367 2179.052734 2215.213867 2219.509277 2214.706055 2218.263184 2316.408691 2330.795166 2354.110352 2390.899902 2432.027344 2484.462646 2538.743164 2659.344971 2748.443115 2869.281738 2980.654053 3027.604980 3019.213623 2980.910400 3054.237061 3217.623535 3375.518066 3447.070801 3375.518066 3217.623535 3054.237061 2980.910400 3019.213623 3027.604980 2980.654053 2869.281738 2748.443115 2659.344971 2538.743164 2484.462646 2432.027344 2390.899902 2354.110352 2330.795166 2316.408691 2218.263184 2214.706055 2219.509277 2215.213867 2179.052734 2119.526367 2054.866699,
 722.167969 733.828674 773.550232 831.592102 890.414856 947.932434 997.769287 1528.348267 1554.170288 1632.682007 1736.492432 1816.403442 1867.596313 1897.347046 2221.310547 2341.817139 2507.433594 2646.319824 2680.489746 2630.690674 2550.795410 2663.862793 2835.111816 3006.739746 3085.893066 3006.739746 2835.111816 2663.862793 2550.795410 2630.690674 2680.489746 2646.319824 2507.433594 2341.817139 2221.310547 1897.347046 1867.596313 1816.403442 1736.492432 1632.682007 1554.170288 1528.348267 997.769287 947.932434 890.414856 831.592102 773.550232 733.828674 722.167969,
 -1665.989136 -1746.560669 -1841.615356 -1860.842651 -1777.193970 -1677.364136 -1632.313110 -141.338913 -250.630951 -273.392120 -179.962357 -40.775276 46.966942 47.307133 1523.579346 1533.183716 1686.569702 1877.697876 1951.048218 1884.256714 1755.914307 2361.748779 2519.547119 2738.081543 2848.109863 2738.081543 2519.547119 2361.748779 1755.914307 1884.256714 1951.048218 1877.697876 1686.569702 1533.183716 1523.579346 47.307133 46.966942 -40.775276 -179.962357 -273.392120 -250.630951 -141.338913 -1632.313110 -1677.364136 -1777.193970 -1860.842651 -1841.615356 -1746.560669 -1665.989136,

Auto-correlations of the modulus of each oriented sub-band
 7.365217 8.780511 10.019660 10.566682 10.215550 9.242604 8.078549 8.038954 9.622449 10.927289 11.562078 11.270453 10.127950 8.646557 9.353168 11.985394 13.978854 14.386268 13.329709 11.527775 9.475808 9.859888 12.962599 16.193293 17.698071 16.193293 12.962599 9.859888 9.475808 11.527775 13.329709 14.386268 13.978854 11.985394 9.353168 8.646557 10.127950 11.270453 11.562078 10.927289 9.622449 8.038954 8.078549 9.242604 10.215550 10.566682 10.019660 8.780511 7.365217,
 148.664597 157.728561 167.642120 175.952362 180.852844 182.140488 180.658340 169.251419 186.726685 204.981140 216.680786 218.014832 211.304657 200.851974 193.055893 219.590622 246.605606 260.727478 254.566391 235.297562 213.341446 210.616592 239.701447 268.373535 281.448181 268.373535 239.701447 210.616592 213.341446 235.297562 254.566391 260.727478 246.605606 219.590622 193.055893 200.851974 211.304657 218.014832 216.680786 204.981140 186.726685 169.251419 180.658340 182.140488 180.852844 175.952362 167.642120 157.728561 148.664597,
 271.631714 287.056061 302.092529 310.247162 308.338562 300.173065 290.701477 321.355377 357.126801 392.680389 408.598877 395.065948 365.072113 335.726532 368.918365 428.342529 490.461456 518.472290 490.199677 431.315552 376.353363 391.153564 460.171509 534.852173 570.627319 534.852173 460.171509 391.153564 376.353363 431.315552 490.199677 518.472290 490.461456 428.342529 368.918365 335.726532 365.072113 395.065948 408.598877 392.680389 357.126801 321.355377 290.701477 300.173065 308.338562 310.247162 302.092529 287.056061 271.631714,
 68.236908 65.865211 63.532936 60.268360 55.406227 50.670120 46.865833 80.838562 82.018036 84.220276 84.557556 78.634186 69.815857 62.218613 88.944901 95.369072 105.132217 111.301468 103.419418 89.178169 78.013199 88.237656 99.098404 114.668266 124.199150 114.668266 99.098404 88.237656 78.013199 89.178169 103.419418 111.301468 105.132217 95.369072 88.944901 62.218613 69.815857 78.634186 84.557556 84.220276 82.018036 80.838562 46.865833 50.670120 55.406227 60.268360 63.532936 65.865211 68.236908,
 5.796539 7.236372 8.466800 9.026143 8.711232 7.715344 6.490580 6.382363 8.032146 9.413708 9.953352 9.490074 8.280354 6.821967 7.733109 10.098054 12.142286 12.781497 11.708241 9.660178 7.544632 8.283078 11.176882 14.051495 15.350405 14.051495 11.176882 8.283078 7.544632 9.660178 11.708241 12.781497 12.142286 10.098054 7.733109 6.821967 8.280354 9.490074 9.953352 9.413708 8.032146 6.382363 6.490580 7.715344 8.711232 9.026143 8.466800 7.236372 5.796539,
 78.111221 86.028549 93.326126 98.151642 99.941208 99.437943 97.558304 93.073166 106.534851 119.653755 126.857071 126.209984 120.108826 111.594269 108.497505 128.951233 149.957596 159.980698 153.433273 137.274353 119.933647 118.893143 141.668671 165.252380 176.330994 165.252380 141.668671 118.893143 119.933647 137.274353 153.433273 159.980698 149.957596 128.951233 108.497505 111.594269 120.108826 126.209984 126.857071 119.653755 106.534851 93.073166 97.558304 99.437943 99.941208 98.151642 93.326126 86.028549 78.111221,
 152.517014 157.600281 163.356903 165.792694 162.788147 157.266571 151.804581 185.113983 201.900024 221.307816 229.797653 219.429428 198.871948 179.909119 214.773438 248.300125 286.729187 304.499084 285.033997 245.296188 209.691132 225.197372 268.086639 317.104156 341.074280 317.104156 268.086639 225.197372 209.691132 245.296188 285.033997 304.499084 286.729187 248.300125 214.773438 179.909119 198.871948 219.429428 229.797653 221.307816 201.900024 185.113983 151.804581 157.266571 162.788147 165.792694 163.356903 157.600281 152.517014,
 29.305473 28.106125 26.541187 24.489174 22.299271 20.069233 17.285835 36.516445 36.792725 36.778286 36.392143 34.059727 29.214540 23.952938 40.490379 43.483406 48.027588 51.703651 48.186020 39.338402 31.981377 38.598244 44.922112 54.304199 59.946999 54.304199 44.922112 38.598244 31.981377 39.338402 48.186020 51.703651 48.027588 43.483406 40.490379 23.952938 29.214540 34.059727 36.392143 36.778286 36.792725 36.516445 17.285835 20.069233 22.299271 24.489174 26.541187 28.106125 29.305473,
 3.529491 5.174782 6.451527 6.801726 6.024487 4.492445 2.855434 4.442511 6.508080 8.073334 8.515140 7.630279 5.796814 3.759637 5.261986 8.021996 10.374845 11.147052 9.922494 7.452091 4.844158 5.493346 8.707267 11.844511 13.232722 11.844511 8.707267 5.493346 4.844158 7.452091 9.922494 11.147052 10.374845 8.021996 5.261986 3.759637 5.796814 7.630279 8.515140 8.073334 6.508080 4.442511 2.855434 4.492445 6.024487 6.801726 6.451527 5.174782 3.529491,
 6.171770 12.061802 19.502874 26.297668 30.081621 30.350090 28.320063 17.591740 27.544504 37.675114 44.190006 44.852520 40.926910 34.623352 28.863613 42.750000 56.627193 63.275063 59.041622 49.018089 38.093822 36.356483 50.634464 65.294083 72.444183 65.294083 50.634464 36.356483 38.093822 49.018089 59.041622 63.275063 56.627193 42.750000 28.863613 34.623352 40.926910 44.852520 44.190006 37.675114 27.544504 17.591740 28.320063 30.350090 30.081621 26.297668 19.502874 12.061802 6.171770,
 44.000271 56.623745 71.261787 84.314034 90.945274 91.128296 89.148010 64.648865 85.341179 108.500580 125.291214 126.799194 117.077065 105.939224 87.944733 115.941605 146.597839 164.980316 157.892151 135.226151 112.734406 106.316971 135.737946 167.151398 182.486816 167.151398 135.737946 106.316971 112.734406 135.226151 157.892151 164.980316 146.597839 115.941605 87.944733 105.939224 117.077065 126.799194 125.291214 108.500580 85.341179 64.648865 89.148010 91.128296 90.945274 84.314034 71.261787 56.623745 44.000271,
 7.666262 6.720358 5.624906 4.971120 4.463265 3.652317 3.114042 9.560073 9.700001 10.381856 11.616163 11.366591 8.673561 5.812074 9.989973 12.459129 16.664297 20.522610 19.130461 13.327871 8.246767 9.578028 14.455484 21.393341 25.361496 21.393341 14.455484 9.578028 8.246767 13.327871 19.130461 20.522610 16.664297 12.459129 9.989973 5.812074 8.673561 11.366591 11.616163 10.381856 9.700001 9.560073 3.114042 3.652317 4.463265 4.971120 5.624906 6.720358 7.666262,
 0.476237 3.327655 5.328940 5.950571 5.206658 3.490453 1.292962 1.940312 5.612420 8.263927 8.931896 7.507953 4.774598 1.699897 3.948452 8.940739 12.896856 14.083982 11.968288 7.750112 3.140975 4.474782 10.047692 14.932445 16.953995 14.932445 10.047692 4.474782 3.140975 7.750112 11.968288 14.083982 12.896856 8.940739 3.948452 1.699897 4.774598 7.507953 8.931896 8.263927 5.612420 1.940312 1.292962 3.490453 5.206658 5.950571 5.328940 3.327655 0.476237,
 3.139907 5.299253 5.149207 2.813350 -0.540839 -3.465454 -5.024535 6.689278 12.355842 15.073796 13.450320 8.942946 3.999850 0.056874 9.218033 18.109182 24.942188 25.573616 20.005825 12.188839 5.110107 8.682175 18.059231 27.277672 31.450247 27.277672 18.059231 8.682175 5.110107 12.188839 20.005825 25.573616 24.942188 18.109182 9.218033 0.056874 3.999850 8.942946 13.450320 15.073796 12.355842 6.689278 -5.024535 -3.465454 -0.540839 2.813350 5.149207 5.299253 3.139907,
 -0.621899 4.490566 9.736448 10.660748 6.664000 1.130959 -3.617752 8.101744 19.738853 30.813541 33.478161 25.493462 12.819031 2.085863 12.731798 30.657753 49.126396 55.840755 44.763283 25.112961 8.122229 12.325310 32.433182 54.826534 65.630920 54.826534 32.433182 12.325310 8.122229 25.112961 44.763283 55.840755 49.126396 30.657753 12.731798 2.085863 12.819031 25.493462 33.478161 30.813541 19.738853 8.101744 -3.617752 1.130959 6.664000 10.660748 9.736448 4.490566 -0.621899,
 1.990633 2.021327 1.117295 0.362816 0.482888 0.523868 0.046703 1.541689 2.271129 2.915538 3.958976 4.488647 3.036882 0.936081 1.432050 3.570240 6.512011 9.343078 8.816722 4.988608 1.509123 1.559537 4.950396 9.631998 12.281104 9.631998 4.950396 1.559537 1.509123 4.988608 8.816722 9.343078 6.512011 3.570240 1.432050 0.936081 3.036882 4.488647 3.958976 2.915538 2.271129 1.541689 0.046703 0.523868 0.482888 0.362816 1.117295 2.021327 1.990633,

Pairwise cross-correlations of the modulus of all oriented sub-bands at the same scale (size QxQ)
 17.698074 34.470123 31.322149 14.779289,
 34.470123 281.448181 303.981049 52.191338,
 31.322149 303.981049 570.627441 181.604950,
 14.779289 52.191338 181.604950 124.199165,
 15.350406 21.731930 20.072058 7.723248,
 21.731930 176.331024 186.299927 26.985748,
 20.072058 186.299927 341.074341 93.403015,
 7.723248 26.985748 93.403015 59.946999,
 13.232723 4.415516 0.133917 3.674943,
 4.415516 72.444191 91.187050 11.997535,
 0.133917 91.187050 182.486847 40.826176,
 3.674943 11.997535 40.826176 25.361500,
 16.953995 8.142147 -0.847114 4.679609,
 8.142147 31.450249 28.065613 5.584441,
 -0.847114 28.065613 65.630920 14.229408,
 4.679609 5.584441 14.229408 12.281105,

Cross-correlations of the modulus of all oriented sub-bands with all oriented sub-bands at the coarser scale (size QxQ)
 10.998423 21.059763 18.766928 7.153815,
 26.592886 121.215248 119.120766 15.775390,
 28.760403 136.336777 202.427185 65.429413,
 11.746819 32.290966 78.572983 50.442352,
 9.583969 7.054260 7.800716 5.209326,
 12.887730 47.761314 66.675446 18.996929,
 13.185804 59.205139 126.612762 45.859589,
 4.807343 10.964373 38.565563 23.515471,
 11.347310 6.838091 0.433276 4.818153,
 -1.303810 9.956361 17.848743 4.068632,
 -8.892154 8.080504 30.550781 9.284116,
 0.080540 4.115158 9.827322 6.983527,

Cross-correlations of the real part of each oriented sub-band with both the real and imaginary part of all phase-doubled oriented sub-bands at the next coarser scale (Q matrices of size 1x2Q, which are computed and stored in a matrix of size Qx2Q)
 -2.186041 -3.451312 -2.715248 -2.363688 0.629671 0.551267 0.208983 0.243923,
 -4.863811 -29.734077 -32.721191 -6.413095 0.395121 3.073895 -4.176562 0.697050,
 -4.041105 -33.952385 -58.318321 -32.410114 0.014790 0.854479 -3.215822 5.916366,
 -2.183720 -5.518468 -22.107391 -25.837488 0.064251 -0.473419 2.521149 4.560030,
 -1.639792 -2.037350 -1.022640 -1.592573 -0.703038 1.028859 0.552001 0.774128,
 -1.641012 -13.985430 -7.925182 -3.588508 0.257084 11.599448 10.007531 0.163776,
 -1.256295 -11.808466 -24.686188 -17.865513 0.168627 11.390759 11.866147 -0.163949,
 -1.142442 -1.399238 -13.612346 -14.195339 -0.442573 0.799089 1.344917 1.509437,
 -0.285786 -3.545384 -0.790822 -0.470126 -1.774836 0.350730 0.070176 -0.315985,
 -1.424276 -25.775566 -18.454403 -2.188805 -0.572529 -3.882664 -6.997356 -1.254306,
 -0.807633 -24.309357 -28.051136 -8.877121 -0.047379 -6.660564 -21.556200 -5.841388,
 0.059050 -2.010949 -6.238520 -6.391781 -0.605209 -1.253379 -9.102962 -4.303576,
