Low-band skewness and kurtosis
 -0.534829 2.177747,
 -0.420012 2.191361,
 -0.312732 2.067663,
 -0.101293 1.783069,
 -0.058794 1.697719,

High-band variance
 990.166138,

Skewness, kurtosis, variance, mean, maximum and minimum of the reconstructed texture
 -0.655902 1.964675 5904.698730 187.011780 255.000000 2.000000,

Auto-correlations of the low-frequency bands at each scale
 1449.720337 1337.167725 1237.758057 1184.552490 1223.560791 1379.441895 1619.617310 1617.247559 1403.334106 1276.250854 1344.775879 1627.874878 2033.132690 2398.733398 2341.737549 2584.504639 2925.233154 3270.432861 3476.724854 3487.475830 3328.477295 3297.040283 3923.581055 4485.692383 4721.021484 4485.692383 3923.581055 3297.040283 3328.477295 3487.475830 3476.724854 3270.432861 2925.233154 2584.504639 2341.737549 2398.733398 2033.132690 1627.874878 1344.775879 1276.250854 1403.334106 1617.247559 1619.617310 1379.441895 1223.560791 1184.552490 1237.758057 1337.167725 1449.720337,
 1338.406616 1315.365601 1289.347656 1258.680908 1248.525635 1304.827515 1437.561646 1434.476807 1283.085083 1174.968750 1185.772461 1332.613770 1570.296753 1807.139160 1807.575806 1920.198242 2122.804443 2355.162354 2494.086670 2489.229492 2371.083740 2353.371826 2765.792969 3153.057129 3319.712646 3153.057129 2765.792969 2353.371826 2371.083740 2489.229492 2494.086670 2355.162354 2122.804443 1920.198242 1807.575806 1807.139160 1570.296753 1332.613770 1185.772461 1174.968750 1283.085083 1434.476807 1437.561646 1304.827515 1248.525635 1258.680908 1289.347656 1315.365601 1338.406616,
 1150.558960 1186.739136 1216.835693 1229.710205 1220.298096 1219.237915 1249.240845 1240.436279 1192.600952 1194.809814 1261.081665 1364.167236 1486.111206 1596.950684 1474.748413 1566.778809 1717.215698 1871.052002 1941.397827 1925.810059 1861.180542 1785.394043 2028.414673 2264.932373 2371.033447 2264.932373 2028.414673 1785.394043 1861.180542 1925.810059 1941.397827 1871.052002 1717.215698 1566.778809 1474.748413 1596.950684 1486.111206 1364.167236 1261.081665 1194.809814 1192.600952 1240.436279 1249.240845 1219.237915 1220.298096 1229.710205 1216.835693 1186.739136 1150.558960,
 353.083771 425.581909 522.325562 631.660828 713.075562 748.002563 746.538696 843.685608 895.271240 979.826416 1083.468506 1147.192871 1161.907227 1148.789429 1211.670776 1304.835083 1449.852783 1583.841919 1609.881592 1546.734009 1456.475464 1474.337158 1628.733154 1799.070801 1883.109985 1799.070801 1628.733154 1474.337158 1456.475464 1546.734009 1609.881592 1583.841919 1449.852783 1304.835083 1211.670776 1148.789429 1161.907227 1147.192871 1083.468506 979.826416 895.271240 843.685608 746.538696 748.002563 713.075562 631.660828 522.325562 425.581909 353.083771,
 -952.726562 -1120.123535 -1227.178223 -1166.799072 -960.201599 -775.769531 -730.594482 -166.647888 -256.169342 -204.040222 -13.706285 177.692596 232.744507 146.045258 726.251099 773.585693 964.346863 1177.949463 1235.645874 1118.218750 944.456909 1187.628174 1350.056763 1575.440308 1689.142090 1575.440308 1350.056763 1187.628174 944.456909 1118.218750 1235.645874 1177.949463 964.346863 773.585693 726.251099 146.045258 232.744507 177.692596 -13.706285 -204.040222 -256.169342 -166.647888 -730.594482 -775.769531 -960.201599 -1166.799072 -1227.178223 -1120.123535 -952.726562,

Auto-correlations of the modulus of each oriented sub-band
 8.346704 9.729800 10.961206 11.601539 11.396700 10.531106 9.463147 9.297441 11.048271 12.396297 12.946581 12.619771 11.500507 9.977707 10.972231 14.136251 16.561771 16.930222 15.438298 13.149778 10.757189 11.372845 15.339520 19.846607 22.047911 19.846607 15.339520 11.372845 10.757189 13.149778 15.438298 16.930222 16.561771 14.136251 10.972231 9.977707 11.500507 12.619771 12.946581 12.396297 11.048271 9.297441 9.463147 10.531106 11.396700 11.601539 10.961206 9.729800 8.346704,
 117.754356 124.025551 133.444351 143.896072 152.154831 156.597778 157.276459 142.740021 159.521072 180.356812 197.118668 202.663452 197.992905 187.726227 177.243042 207.137070 240.482193 260.950134 256.345612 234.638687 208.903137 205.006836 239.937988 275.497864 292.260681 275.497864 239.937988 205.006836 208.903137 234.638687 256.345612 260.950134 240.482193 207.137070 177.243042 187.726227 197.992905 202.663452 197.118668 180.356812 159.521072 142.740021 157.276459 156.597778 152.154831 143.896072 133.444351 124.025551 117.754356,
 111.265579 123.745216 141.830353 156.220856 157.923676 149.808823 140.625488 162.075470 197.044861 243.515396 271.557007 258.415649 222.952637 193.150940 217.470581 277.278839 356.959534 400.937958 366.041199 293.965607 238.331573 249.146210 318.743347 412.000244 461.842682 412.000244 318.743347 249.146210 238.331573 293.965607 366.041199 400.937958 356.959534 277.278839 217.470581 193.150940 222.952637 258.415649 271.557007 243.515396 197.044861 162.075470 140.625488 149.808823 157.923676 156.220856 141.830353 123.745216 111.265579,
 66.337547 62.794693 59.205505 54.517723 47.720703 40.649887 35.310799 85.237419 87.325829 89.485977 88.078232 78.557571 65.308708 54.386543 95.491409 105.332138 117.636299 123.759460 111.949669 91.790604 75.695053 91.683289 107.554916 128.428116 140.587112 128.428116 107.554916 91.683289 75.695053 91.790604 111.949669 123.759460 117.636299 105.332138 95.491409 54.386543 65.308708 78.557571 88.078232 89.485977 87.325829 85.237419 35.310799 40.649887 47.720703 54.517723 59.205505 62.794693 66.337547,
 6.866004 8.243074 9.334570 9.812437 9.508631 8.559359 7.334782 7.635140 9.336597 10.581808 10.884085 10.175901 8.803825 7.262235 9.303257 12.072613 14.396889 14.987679 13.525000 10.986660 8.500916 10.001204 13.506535 17.151077 18.839520 17.151077 13.506535 10.001204 8.500916 10.986660 13.525000 14.987679 14.396889 12.072613 9.303257 7.262235 8.803825 10.175901 10.884085 10.581808 9.336597 7.635140 7.334782 8.559359 9.508631 9.812437 9.334570 8.243074 6.866004,
 81.576042 85.785995 90.493752 94.547226 96.713829 96.491425 93.564323 97.438385 109.740417 123.080017 131.460251 131.413116 124.321442 113.244949 115.804588 139.401001 164.336395 176.935303 169.582611 149.564636 127.438499 128.364075 156.781342 186.075150 199.862671 186.075150 156.781342 128.364075 127.438499 149.564636 169.582611 176.935303 164.336395 139.401001 115.804588 113.244949 124.321442 131.413116 131.460251 123.080017 109.740417 97.438385 93.564323 96.491425 96.713829 94.547226 90.493752 85.785995 81.576042,
 67.499443 71.356949 83.240547 98.001038 103.448494 98.680649 88.047356 82.593781 104.234344 140.802765 169.999786 165.026703 135.509705 104.997192 104.437134 149.678589 215.090347 257.132965 233.399429 172.252167 120.261902 120.935303 180.100861 258.104980 299.656494 258.104980 180.100861 120.935303 120.261902 172.252167 233.399429 257.132965 215.090347 149.678589 104.437134 104.997192 135.509705 165.026703 169.999786 140.802765 104.234344 82.593781 88.047356 98.680649 103.448494 98.001038 83.240547 71.356949 67.499443,
 32.484177 32.012280 30.888916 28.794279 26.105019 23.497959 21.851574 42.134579 44.793091 46.554607 46.001759 41.339878 33.808487 27.571262 47.154572 55.332199 64.190834 68.505096 61.662140 48.034729 36.685844 44.805923 57.173492 72.139168 80.072723 72.139168 57.173492 44.805923 36.685844 48.034729 61.662140 68.505096 64.190834 55.332199 47.154572 27.571262 33.808487 41.339878 46.001759 46.554607 44.793091 42.134579 21.851574 23.497959 26.105019 28.794279 30.888916 32.012280 32.484177,
 5.044623 7.288936 9.399669 10.163352 9.039443 6.781434 4.606299 5.722409 8.229618 10.528256 11.337613 10.110478 7.579369 5.049376 6.423633 9.808645 13.084891 14.207357 12.371276 8.938711 5.776965 6.529170 10.380114 14.637597 16.634701 14.637597 10.380114 6.529170 5.776965 8.938711 12.371276 14.207357 13.084891 9.808645 6.423633 5.049376 7.579369 10.110478 11.337613 10.528256 8.229618 5.722409 4.606299 6.781434 9.039443 10.163352 9.399669 7.288936 5.044623,
 37.031677 38.419872 39.964458 43.132927 46.409184 47.385448 45.723434 47.754490 52.382416 57.783489 62.532005 63.940022 60.798782 54.671360 57.884914 69.031685 81.714546 88.401672 83.839012 72.271599 60.489468 62.255470 77.021072 94.004364 102.501610 94.004364 77.021072 62.255470 60.489468 72.271599 83.839012 88.401672 81.714546 69.031685 57.884914 54.671360 60.798782 63.940022 62.532005 57.783489 52.382416 47.754490 45.723434 47.385448 46.409184 43.132927 39.964458 38.419872 37.031677,
 17.420803 25.518471 39.189312 47.078400 43.710087 33.758942 25.457249 24.409513 39.212337 66.815247 81.489380 68.730316 44.905697 31.385759 31.681343 54.791485 98.635147 122.935181 99.497299 58.157490 36.289253 36.742184 63.409462 114.273865 143.557709 114.273865 63.409462 36.742184 36.289253 58.157490 99.497299 122.935181 98.635147 54.791485 31.681343 31.385759 44.905697 68.730316 81.489380 66.815247 39.212337 24.409513 25.457249 33.758942 43.710087 47.078400 39.189312 25.518471 17.420803,
 8.610798 8.743114 9.394745 9.549687 8.647816 7.357014 6.683155 12.295726 14.151567 16.574532 17.986748 16.765015 13.551711 10.846559 14.521335 18.473755 24.404650 28.678715 26.400682 19.633953 14.107793 15.090771 21.079039 29.825361 34.674107 29.825361 21.079039 15.090771 14.107793 19.633953 26.400682 28.678715 24.404650 18.473755 14.521335 10.846559 13.551711 16.765015 17.986748 16.574532 14.151567 12.295726 6.683155 7.357014 8.647816 9.549687 9.394745 8.743114 8.610798,
 0.113009 6.105829 11.536152 13.889273 11.983223 6.942249 1.202713 0.998467 6.753648 11.779260 13.728903 11.531968 6.312241 0.469781 2.388336 8.941186 14.470729 16.338049 13.471532 7.318431 0.563271 2.471754 9.894542 16.454662 19.148502 16.454662 9.894542 2.471754 0.563271 7.318431 13.471532 16.338049 14.470729 8.941186 2.388336 0.469781 6.312241 11.531968 13.728903 11.779260 6.753648 0.998467 1.202713 6.942249 11.983223 13.889273 11.536152 6.105829 0.113009,
 -2.940947 -0.719711 1.172525 2.830882 3.798282 4.006734 3.997663 0.984431 5.841610 8.466194 8.727517 7.952450 6.387077 4.213746 4.049135 12.431766 18.644789 18.946402 14.523001 8.945333 3.752795 4.202119 12.731337 21.598516 25.813364 21.598516 12.731337 4.202119 3.752795 8.945333 14.523001 18.946402 18.644789 12.431766 4.049135 4.213746 6.387077 7.952450 8.727517 8.466194 5.841610 0.984431 3.997663 4.006734 3.798282 2.830882 1.172525 -0.719711 -2.940947,
 1.904064 3.810836 3.281674 0.348706 -2.589936 -4.666886 -7.243759 9.760950 13.390121 16.747393 17.492657 12.724682 4.678399 -2.974902 13.505754 20.682528 30.722534 36.443718 29.250977 15.444376 4.412646 11.157072 21.798096 36.804581 45.296432 36.804581 21.798096 11.157072 4.412646 15.444376 29.250977 36.443718 30.722534 20.682528 13.505754 -2.974902 4.678399 12.724682 17.492657 16.747393 13.390121 9.760950 -7.243759 -4.666886 -2.589936 0.348706 3.281674 3.810836 1.904064,
 -2.208593 -3.046776 -2.893170 -2.323868 -1.603636 -1.085399 -1.914119 -1.054874 -1.168305 -0.619771 0.510014 1.745592 0.746171 -1.851955 1.041294 1.685096 3.827165 6.997179 7.277253 3.246591 -0.046200 1.508174 3.633073 8.210536 11.257237 8.210536 3.633073 1.508174 -0.046200 3.246591 7.277253 6.997179 3.827165 1.685096 1.041294 -1.851955 0.746171 1.745592 0.510014 -0.619771 -1.168305 -1.054874 -1.914119 -1.085399 -1.603636 -2.323868 -2.893170 -3.046776 -2.208593,

Pairwise cross-correlations of the modulus of all oriented sub-bands at the same scale (size QxQ)
 22.047913 37.674648 24.375370 14.686447,
 37.674648 292.260681 245.669174 13.968502,
 24.375370 245.669174 461.842651 138.175110,
 14.686447 13.968502 138.175110 140.587112,
 18.839520 24.047905 17.164886 8.098921,
 24.047905 199.862671 166.353500 6.842528,
 17.164886 166.353500 299.656494 78.764671,
 8.098921 6.842528 78.764671 80.072746,
 16.634701 11.376836 6.374502 5.909784,
 11.376836 102.501617 84.017647 11.973224,
 6.374502 84.017647 143.557739 37.531998,
 5.909784 11.973224 37.531998 34.674107,
 19.148502 4.574834 -5.032597 2.688139,
 4.574834 25.813366 19.118399 -0.284456,
 -5.032597 19.118399 45.296432 4.579017,
 2.688139 -0.284456 4.579017 11.257237,

Cross-correlations of the modulus of all oriented sub-bands with all oriented sub-bands at the coarser scale (size QxQ)
 12.679034 18.183672 8.591737 6.267623,
 25.108362 101.957954 51.535545 -8.131824,
 23.070606 82.007721 92.105637 36.435730,
 10.916097 4.693433 39.431828 53.461704,
 12.049292 8.944848 4.656600 3.115314,
 16.198009 50.270184 24.722038 -4.545646,
 14.658144 41.187214 41.807125 22.857620,
 6.286016 1.788730 17.241684 24.034115,
 12.977665 4.579051 -0.676174 3.667379,
 4.316187 23.449261 19.118107 4.121801,
 -0.760201 12.043778 19.978699 3.370214,
 2.233884 -2.004209 -0.651236 2.666158,

Cross-correlations of the real part of each oriented sub-band with both the real and imaginary part of all phase-doubled oriented sub-bands at the next coarser scale (Q matrices of size 1x2Q, which are computed and stored in a matrix of size Qx2Q)
 -1.343549 -2.078498 -1.935085 -3.766896 1.475829 2.420090 0.875846 -0.349738,
 -4.403415 -20.690651 -26.703184 -10.117195 1.928337 16.816788 7.657555 -1.005308,
 -3.711454 -32.753750 -88.010231 -67.886917 0.720390 13.209884 -0.358103 -3.107686,
 -1.976436 -7.734838 -48.355293 -55.869446 0.337613 0.361585 -5.212697 -2.192753,
 -0.524364 -0.366004 0.153720 -1.363120 0.367477 0.832659 0.510640 -0.526981,
 -0.466022 8.243204 10.504296 -4.018342 0.717296 4.206544 -7.185698 -1.482051,
 -0.257212 9.189611 7.502856 -25.721972 0.509131 -2.355899 -29.827742 -6.587307,
 -0.625420 0.568923 -5.136591 -20.100523 0.177193 -2.120960 -12.869448 -5.345889,
 0.806327 -1.003193 0.212265 0.248061 0.210005 3.635841 0.114005 -0.069507,
 -0.427943 -0.240113 3.914755 -0.704133 1.352957 14.415203 9.599583 0.442401,
 -0.091869 0.057877 -0.727949 -4.382636 0.269002 11.433297 13.784267 -0.014475,
 0.679500 -0.244388 -3.081173 -2.150997 -0.247152 1.595236 1.204614 -0.818779,
