Low-band skewness and kurtosis
 -0.430456 2.233326,
 -0.261926 2.295533,
 -0.254225 2.095910,
 0.365853 1.920461,
 0.638973 1.916557,

High-band variance
 1051.414062,

Skewness, kurtosis, variance, mean, maximum and minimum of the reconstructed texture
 -0.574734 1.914529 5233.305176 187.493958 255.000000 4.000000,

Auto-correlations of the low-frequency bands at each scale
 472.310120 452.130676 433.485046 416.693390 400.508484 386.588135 377.343994 348.015564 235.786575 164.503387 152.564056 204.257599 314.687683 465.085999 1914.615479 2000.020874 2090.190430 2166.446777 2213.761230 2244.507324 2270.106201 3468.856934 3698.155273 3875.050049 3944.842285 3875.050049 3698.155273 3468.856934 2270.106201 2244.507324 2213.761230 2166.446777 2090.190430 2000.020874 1914.615479 465.085999 314.687683 204.257599 152.564056 164.503387 235.786575 348.015564 377.343994 386.588135 400.508484 416.693390 433.485046 452.130676 472.310120,
 354.075714 355.332764 355.051117 352.350464 347.115875 339.975830 330.887909 294.411560 238.933105 202.685455 196.840881 223.744720 281.075562 358.725708 1214.462646 1256.394775 1309.525146 1357.139404 1382.138916 1394.414795 1407.208252 2109.630859 2233.930176 2339.375000 2383.788330 2339.375000 2233.930176 2109.630859 1407.208252 1394.414795 1382.138916 1357.139404 1309.525146 1256.394775 1214.462646 358.725708 281.075562 223.744720 196.840881 202.685455 238.933105 294.411560 330.887909 339.975830 347.115875 352.350464 355.051117 355.332764 354.075714,
 464.231995 453.486206 439.970642 424.901733 412.240662 405.682434 404.265503 272.825836 244.500732 231.137405 235.866669 257.107178 294.564819 342.983124 791.820862 818.600403 859.022095 897.817810 917.582397 925.409729 931.652039 1332.294189 1398.351807 1458.981567 1486.223511 1458.981567 1398.351807 1332.294189 931.652039 925.409729 917.582397 897.817810 859.022095 818.600403 791.820862 342.983124 294.564819 257.107178 235.866669 231.137405 244.500732 272.825836 404.265503 405.682434 412.240662 424.901733 439.970642 453.486206 464.231995,
 208.060410 198.597748 191.824753 191.810837 197.800674 204.980957 208.770462 430.226135 419.975647 415.818176 421.075500 433.391174 449.158691 463.792725 652.699280 665.546509 686.757751 706.266357 713.003357 711.563477 709.378113 833.017212 860.498108 891.161987 906.033203 891.161987 860.498108 833.017212 709.378113 711.563477 713.003357 706.266357 686.757751 665.546509 652.699280 463.792725 449.158691 433.391174 421.075500 415.818176 419.975647 430.226135 208.770462 204.980957 197.800674 191.810837 191.824753 198.597748 208.060410,
 -468.384674 -469.466797 -473.558533 -477.395660 -479.150940 -478.936523 -475.811066 -104.722519 -114.384003 -122.868774 -122.906631 -115.138519 -106.169281 -100.297623 462.984528 460.051147 466.867279 479.267120 486.869049 486.082886 480.184357 768.392456 779.562134 795.657288 803.982300 795.657288 779.562134 768.392456 480.184357 486.082886 486.869049 479.267120 466.867279 460.051147 462.984528 -100.297623 -106.169281 -115.138519 -122.906631 -122.868774 -114.384003 -104.722519 -475.811066 -478.936523 -479.150940 -477.395660 -473.558533 -469.466797 -468.384674,

Auto-correlations of the modulus of each oriented sub-band
 2.728126 3.799702 4.718160 5.086866 4.723317 3.813712 2.757705 3.092683 4.265994 5.258982 5.642756 5.229738 4.236467 3.093697 3.776414 5.326742 6.662569 7.188284 6.632174 5.308268 3.809296 4.253792 6.150210 7.860745 8.574013 7.860745 6.150210 4.253792 3.809296 5.308268 6.632174 7.188284 6.662569 5.326742 3.776414 3.093697 4.236467 5.229738 5.642756 5.258982 4.265994 3.092683 2.757705 3.813712 4.723317 5.086866 4.718160 3.799702 2.728126,
 23.895767 27.276690 30.734352 33.651497 35.635292 36.762218 37.301826 40.620571 48.577980 56.157082 60.769215 61.712410 60.312645 57.878193 63.175545 75.975754 88.283745 94.357796 91.789436 84.341141 76.002739 78.735016 92.136551 105.170113 111.152298 105.170113 92.136551 78.735016 76.002739 84.341141 91.789436 94.357796 88.283745 75.975754 63.175545 57.878193 60.312645 61.712410 60.769215 56.157082 48.577980 40.620571 37.301826 36.762218 35.635292 33.651497 30.734352 27.276690 23.895767,
 89.717995 104.417122 116.117874 120.074318 115.462952 107.476189 100.734734 172.477585 211.805161 245.550705 259.765686 248.915482 222.822952 194.575607 275.098083 342.256409 401.677185 427.390564 405.920227 353.245300 294.299377 331.636414 409.252319 478.946259 508.801941 478.946259 409.252319 331.636414 294.299377 353.245300 405.920227 427.390564 401.677185 342.256409 275.098083 194.575607 222.822952 248.915482 259.765686 245.550705 211.805161 172.477585 100.734734 107.476189 115.462952 120.074318 116.117874 104.417122 89.717995,
 18.162554 19.456244 20.443357 20.305824 18.647440 16.299906 14.499067 33.225407 38.626286 43.866058 45.860397 42.338799 35.086712 28.368423 47.427132 58.267441 70.046104 75.787811 69.767860 56.216644 43.884163 52.177887 66.380730 82.490616 90.329170 82.490616 66.380730 52.177887 43.884163 56.216644 69.767860 75.787811 70.046104 58.267441 47.427132 28.368423 35.086712 42.338799 45.860397 43.866058 38.626286 33.225407 14.499067 16.299906 18.647440 20.305824 20.443357 19.456244 18.162554,
 1.425857 2.109502 2.721922 2.971956 2.737392 2.173339 1.580119 1.819568 2.546183 3.183219 3.430284 3.165844 2.549793 1.895513 2.466004 3.528530 4.485466 4.841413 4.399621 3.450626 2.469754 2.898349 4.262343 5.603463 6.194987 5.603463 4.262343 2.898349 2.469754 3.450626 4.399621 4.841413 4.485466 3.528530 2.466004 1.895513 2.549793 3.165844 3.430284 3.183219 2.546183 1.819568 1.580119 2.173339 2.737392 2.971956 2.721922 2.109502 1.425857,
 8.621021 11.071648 13.453560 14.916787 15.820656 16.619038 17.184500 17.996471 24.076704 29.825249 32.366653 31.652199 29.792879 27.722435 29.570238 39.612816 49.672573 53.880768 50.109959 43.066071 36.438198 37.354576 47.855797 59.163227 64.716316 59.163227 47.855797 37.354576 36.438198 43.066071 50.109959 53.880768 49.672573 39.612816 29.570238 27.722435 29.792879 31.652199 32.366653 29.825249 24.076704 17.996471 17.184500 16.619038 15.820656 14.916787 13.453560 11.071648 8.621021,
 33.149212 40.778946 48.413059 52.602219 51.658291 47.496101 42.574497 79.858925 103.084854 125.003937 136.464722 131.907074 115.250961 93.900993 139.540085 183.924896 223.837265 243.000275 231.170486 196.114471 152.853745 174.173843 229.047714 276.472748 296.392944 276.472748 229.047714 174.173843 152.853745 196.114471 231.170486 243.000275 223.837265 183.924896 139.540085 93.900993 115.250961 131.907074 136.464722 125.003937 103.084854 79.858925 42.574497 47.496101 51.658291 52.602219 48.413059 40.778946 33.149212,
 6.367512 7.516089 8.105422 7.956868 6.917460 5.116630 3.178689 13.042131 15.526778 18.156204 19.934265 18.655174 14.269094 9.519808 20.078362 25.351442 32.153973 36.836018 33.940571 25.468481 17.704361 22.411415 30.392056 40.486626 45.846786 40.486626 30.392056 22.411415 17.704361 25.468481 33.940571 36.836018 32.153973 25.351442 20.078362 9.519808 14.269094 18.655174 19.934265 18.156204 15.526778 13.042131 3.178689 5.116630 6.917460 7.956868 8.105422 7.516089 6.367512,
 0.588269 1.041203 1.565156 1.825442 1.647720 1.161168 0.687830 0.774169 1.261499 1.791589 2.038908 1.840504 1.355248 0.912046 1.286158 1.973390 2.745547 3.090426 2.721614 1.964425 1.318598 1.620126 2.484967 3.504511 4.000235 3.504511 2.484967 1.620126 1.318598 1.964425 2.721614 3.090426 2.745547 1.973390 1.286158 0.912046 1.355248 1.840504 2.038908 1.791589 1.261499 0.774169 0.687830 1.161168 1.647720 1.825442 1.565156 1.041203 0.588269,
 8.279083 9.390812 10.131038 9.340874 7.752580 6.735952 6.122524 12.762975 15.418846 17.947426 17.718126 15.073967 12.639103 10.963393 17.963053 22.531517 27.828119 29.268394 25.467424 20.691353 17.243902 20.377079 25.323404 31.862232 35.433105 31.862232 25.323404 20.377079 17.243902 20.691353 25.467424 29.268394 27.828119 22.531517 17.963053 10.963393 12.639103 15.073967 17.718126 17.947426 15.418846 12.762975 6.122524 6.735952 7.752580 9.340874 10.131038 9.390812 8.279083,
 38.555954 45.197720 51.105194 54.379189 53.575516 48.958683 42.652328 71.349197 85.423676 97.029480 101.668983 97.161728 86.086456 73.508591 113.633972 138.085541 158.718811 166.538406 157.540222 137.183441 114.563171 134.634995 163.526718 189.081406 199.865326 189.081406 163.526718 134.634995 114.563171 137.183441 157.540222 166.538406 158.718811 138.085541 113.633972 73.508591 86.086456 97.161728 101.668983 97.029480 85.423676 71.349197 42.652328 48.958683 53.575516 54.379189 51.105194 45.197720 38.555954,
 8.068790 8.930314 8.958345 8.336037 7.573856 6.178471 4.627681 10.759706 12.714464 14.172428 15.305114 14.666986 11.605547 8.529528 14.694851 17.954803 21.919773 25.272892 23.607815 18.104973 13.490093 16.275053 20.834499 27.074787 30.761875 27.074787 20.834499 16.275053 13.490093 18.104973 23.607815 25.272892 21.919773 17.954803 14.694851 8.529528 11.605547 14.666986 15.305114 14.172428 12.714464 10.759706 4.627681 6.178471 7.573856 8.336037 8.958345 8.930314 8.068790,
 0.072956 0.239448 0.431754 0.598697 0.642746 0.495460 0.247461 0.273695 0.451614 0.641477 0.754190 0.713018 0.515304 0.250359 0.468937 0.971808 1.476000 1.650350 1.348598 0.801456 0.305297 0.478222 1.198410 2.009190 2.398003 2.009190 1.198410 0.478222 0.305297 0.801456 1.348598 1.650350 1.476000 0.971808 0.468937 0.250359 0.515304 0.713018 0.754190 0.641477 0.451614 0.273695 0.247461 0.495460 0.642746 0.598697 0.431754 0.239448 0.072956,
 1.962841 1.862864 1.606357 1.434940 1.312986 1.304405 1.459255 4.533125 5.673263 6.180615 5.759804 4.840044 4.022933 3.553926 6.538099 9.117660 11.348728 11.520210 9.603043 7.358155 5.650915 6.902952 9.739971 12.976433 14.667394 12.976433 9.739971 6.902952 5.650915 7.358155 9.603043 11.520210 11.348728 9.117660 6.538099 3.553926 4.022933 4.840044 5.759804 6.180615 5.673263 4.533125 1.459255 1.304405 1.312986 1.434940 1.606357 1.862864 1.962841,
 6.690077 6.784941 6.303570 4.692106 2.029867 -0.820636 -3.102348 17.123537 20.961737 23.414717 22.433250 17.419947 9.996399 2.538034 22.262333 31.425430 39.144257 40.983376 34.761215 23.440659 11.593049 19.716576 32.453255 44.321823 49.496498 44.321823 32.453255 19.716576 11.593049 23.440659 34.761215 40.983376 39.144257 31.425430 22.262333 2.538034 9.996399 17.419947 22.433250 23.414717 20.961737 17.123537 -3.102348 -0.820636 2.029867 4.692106 6.303570 6.784941 6.690077,
 0.398043 0.397605 0.541821 0.916550 1.787239 2.810656 3.084137 0.599677 1.115536 1.970030 3.364674 4.896906 5.043660 3.582155 0.898601 2.232227 4.410165 7.118115 7.800747 5.534144 2.790613 1.623195 3.983182 7.358469 9.373527 7.358469 3.983182 1.623195 2.790613 5.534144 7.800747 7.118115 4.410165 2.232227 0.898601 3.582155 5.043660 4.896906 3.364674 1.970030 1.115536 0.599677 3.084137 2.810656 1.787239 0.916550 0.541821 0.397605 0.398043,

Pairwise cross-correlations of the modulus of all oriented sub-bands at the same scale (size QxQ)
 8.574013 7.578225 4.759121 6.635304,
 7.578225 111.152313 189.855209 45.955486,
 4.759121 189.855209 508.802032 162.733887,
 6.635304 45.955486 162.733887 90.329178,
 6.194988 4.773134 2.503388 4.453241,
 4.773134 64.716324 113.841125 27.409508,
 2.503388 113.841125 296.392944 88.066383,
 4.453241 27.409508 88.066383 45.846786,
 4.000235 3.435038 4.258240 2.619592,
 3.435038 35.433105 65.265755 17.241295,
 4.258240 65.265755 199.865341 64.708138,
 2.619592 17.241295 64.708138 30.761877,
 2.398003 2.175389 0.336424 1.489873,
 2.175389 14.667393 19.579483 6.586192,
 0.336424 19.579483 49.496502 15.226147,
 1.489873 6.586192 15.226147 9.373528,

Cross-correlations of the modulus of all oriented sub-bands with all oriented sub-bands at the coarser scale (size QxQ)
 5.192607 3.970532 -1.180851 3.753520,
 6.648634 7.270597 -2.153940 1.033455,
 8.951688 -0.489860 -9.986156 0.189072,
 6.359086 0.090005 -3.005716 6.648872,
 3.107696 4.051671 4.038500 2.423125,
 4.314096 9.961582 15.671229 6.086044,
 3.637123 9.384835 10.875588 0.589834,
 2.641972 4.083659 0.308894 0.307442,
 1.454419 3.207273 2.206156 1.475634,
 2.288748 6.890325 9.962822 5.011051,
 1.371986 12.908707 32.547699 11.582836,
 1.308941 4.168367 9.469971 3.424808,

Cross-correlations of the real part of each oriented sub-band with both the real and imaginary part of all phase-doubled oriented sub-bands at the next coarser scale (Q matrices of size 1x2Q, which are computed and stored in a matrix of size Qx2Q)
 -0.781277 -0.499974 -0.507714 -0.859684 0.919204 0.085387 0.093291 -0.376564,
 -0.659561 -24.011133 -50.256077 -16.823597 0.217107 7.520978 12.046063 1.145728,
 -0.320945 -51.365700 -139.996857 -62.450779 -0.032208 15.093847 23.008181 -0.246902,
 -0.458015 -14.859301 -53.410027 -31.749964 0.458243 3.571058 4.854214 -2.270988,
 -0.302896 -0.722455 -0.298032 -0.377984 0.577731 0.117225 -0.164201 -0.061998,
 -0.251835 -3.586700 1.978424 -0.066660 0.312264 -12.945553 -30.542299 -5.995253,
 -0.031038 -2.704172 2.298186 -5.577043 -0.092471 -23.623299 -68.216148 -14.300092,
 -0.139276 -0.553560 -1.756601 -5.154869 0.115457 -5.325466 -19.731804 -4.028448,
 -0.440125 -0.564068 -0.261198 -0.116779 0.554318 0.665343 0.205744 0.019087,
 -0.115284 -0.614925 8.696761 0.399172 0.664394 -4.795027 -21.376608 -3.859323,
 -0.064733 5.737665 22.576668 0.114164 -0.093146 -14.202400 -52.406517 -7.180329,
 -0.251688 2.808210 6.313709 -0.406515 0.019070 -4.111409 -15.203918 -0.664715,
