Low-band skewness and kurtosis
 -0.582417 2.183254,
 -0.463349 2.204050,
 -0.333995 2.049660,
 -0.185649 1.846604,
 -0.109079 1.632194,

High-band variance
 948.002991,

Skewness, kurtosis, variance, mean, maximum and minimum of the reconstructed texture
 -0.691243 2.010293 5828.549316 189.193604 255.000000 2.000000,

Auto-correlations of the low-frequency bands at each scale
 1615.852661 1557.980103 1546.799927 1571.148193 1618.308472 1682.524048 1759.314087 2041.085083 1802.288696 1607.894409 1512.340942 1532.741821 1651.385620 1818.850708 3335.803955 3359.489258 3337.621338 3257.565186 3112.031494 2940.021484 2782.535889 3848.110107 4237.876465 4558.378906 4687.912109 4558.378906 4237.876465 3848.110107 2782.535889 2940.021484 3112.031494 3257.565186 3337.621338 3359.489258 3335.803955 1818.850708 1651.385620 1532.741821 1512.340942 1607.894409 1802.288696 2041.085083 1759.314087 1682.524048 1618.308472 1571.148193 1546.799927 1557.980103 1615.852661,
 1542.718628 1516.309570 1506.870117 1511.226562 1527.642090 1553.292236 1587.171509 1816.612061 1655.605469 1527.392090 1466.304932 1483.549316 1568.353027 1685.312012 2521.155762 2537.613281 2535.058105 2495.601074 2411.023926 2316.607422 2240.480469 2809.271484 3063.737549 3283.897949 3375.975342 3283.897949 3063.737549 2809.271484 2240.480469 2316.607422 2411.023926 2495.601074 2535.058105 2537.613281 2521.155762 1685.312012 1568.353027 1483.549316 1466.304932 1527.392090 1655.605469 1816.612061 1587.171509 1553.292236 1527.642090 1511.226562 1506.870117 1516.309570 1542.718628,
 1263.390137 1228.474365 1207.040527 1208.825684 1232.487549 1259.785889 1278.496094 1558.594482 1478.467773 1401.645508 1357.555786 1363.421875 1411.871582 1476.495117 2068.276611 2082.905518 2085.480713 2063.395508 2013.262451 1963.514160 1934.580688 2275.401123 2397.260742 2516.829346 2570.495850 2516.829346 2397.260742 2275.401123 1934.580688 1963.514160 2013.262451 2063.395508 2085.480713 2082.905518 2068.276611 1476.495117 1411.871582 1363.421875 1357.555786 1401.645508 1478.467773 1558.594482 1278.496094 1259.785889 1232.487549 1208.825684 1207.040527 1228.474365 1263.390137,
 702.215027 704.200012 704.597778 698.564331 687.833374 678.060242 670.703064 1234.310669 1218.116211 1202.462280 1191.531982 1187.514526 1192.199951 1200.220093 1723.126587 1724.288818 1726.589478 1721.943359 1704.659790 1686.520508 1676.852661 1959.784668 1997.389038 2040.361206 2060.941162 2040.361206 1997.389038 1959.784668 1676.852661 1686.520508 1704.659790 1721.943359 1726.589478 1724.288818 1723.126587 1200.220093 1192.199951 1187.514526 1191.531982 1202.462280 1218.116211 1234.310669 670.703064 678.060242 687.833374 698.564331 704.597778 704.200012 702.215027,
 -1276.683105 -1285.223511 -1294.880859 -1300.473267 -1299.908203 -1291.970581 -1281.135254 -0.794285 -3.266535 -17.393721 -33.762459 -42.363350 -38.157265 -25.076910 1293.908081 1308.276367 1312.575073 1302.808716 1282.193481 1265.549561 1263.930786 1829.368652 1848.667969 1873.852905 1886.395020 1873.852905 1848.667969 1829.368652 1263.930786 1265.549561 1282.193481 1302.808716 1312.575073 1308.276367 1293.908081 -25.076910 -38.157265 -42.363350 -33.762459 -17.393721 -3.266535 -0.794285 -1281.135254 -1291.970581 -1299.908203 -1300.473267 -1294.880859 -1285.223511 -1276.683105,

Auto-correlations of the modulus of each oriented sub-band
 4.330852 5.465434 6.416941 6.753131 6.261154 5.158660 3.923723 4.951363 6.270761 7.429158 7.847621 7.299885 6.098000 4.763829 6.112177 8.059635 9.767612 10.545498 9.968794 8.255283 6.144741 6.747022 9.427134 12.128414 13.346350 12.128414 9.427134 6.747022 6.144741 8.255283 9.968794 10.545498 9.767612 8.059635 6.112177 4.763829 6.098000 7.299885 7.847621 7.429158 6.270761 4.951363 3.923723 5.158660 6.261154 6.753131 6.416941 5.465434 4.330852,
 39.635681 43.118378 49.174637 55.116032 58.456467 60.110847 61.964630 53.116707 61.675426 73.536217 81.896530 82.243950 78.872589 76.400505 71.046768 85.112206 103.594460 114.184303 108.270622 95.825706 86.337112 84.732117 99.639648 119.442009 130.333160 119.442009 99.639648 84.732117 86.337112 95.825706 108.270622 114.184303 103.594460 85.112206 71.046768 76.400505 78.872589 82.243950 81.896530 73.536217 61.675426 53.116707 61.964630 60.110847 58.456467 55.116032 49.174637 43.118378 39.635681,
 237.663528 246.908386 258.815552 266.466858 262.015503 246.925293 229.290359 296.074402 327.728485 364.059875 382.779907 366.242981 325.196442 283.367615 353.141785 415.297333 484.407227 517.970703 485.174316 412.228973 342.824585 374.049744 453.992920 541.589722 583.515137 541.589722 453.992920 374.049744 342.824585 412.228973 485.174316 517.970703 484.407227 415.297333 353.141785 283.367615 325.196442 366.242981 382.779907 364.059875 327.728485 296.074402 229.290359 246.925293 262.015503 266.466858 258.815552 246.908386 237.663528,
 95.904480 94.494728 91.932327 88.049011 82.533081 75.918724 69.538788 119.497963 124.027237 126.423691 124.189453 115.155502 101.766724 88.849312 135.417404 149.127365 161.428223 165.153931 153.988464 133.734573 114.161972 133.517487 154.086700 175.008942 185.027130 175.008942 154.086700 133.517487 114.161972 133.734573 153.988464 165.153931 161.428223 149.127365 135.417404 88.849312 101.766724 115.155502 124.189453 126.423691 124.027237 119.497963 69.538788 75.918724 82.533081 88.049011 91.932327 94.494728 95.904480,
 2.839552 3.702261 4.534111 4.922933 4.646627 3.855103 2.940344 3.365033 4.321046 5.119879 5.388387 4.991661 4.125560 3.176169 4.049634 5.708761 7.277690 7.946301 7.237653 5.597507 3.930861 4.522205 6.879117 9.349543 10.490377 9.349543 6.879117 4.522205 3.930861 5.597507 7.237653 7.946301 7.277690 5.708761 4.049634 3.176169 4.125560 4.991661 5.388387 5.119879 4.321046 3.365033 2.940344 3.855103 4.646627 4.922933 4.534111 3.702261 2.839552,
 21.203293 23.354776 26.299351 28.362101 29.317909 30.461126 32.302116 29.889240 36.491882 43.747444 47.478191 46.811165 44.843002 43.356304 41.308258 52.243336 64.245033 69.679619 65.275475 57.349026 50.526291 49.722328 60.940151 73.945709 80.685547 73.945709 60.940151 49.722328 50.526291 57.349026 65.275475 69.679619 64.245033 52.243336 41.308258 43.356304 44.843002 46.811165 47.478191 43.747444 36.491882 29.889240 32.302116 30.461126 29.317909 28.362101 26.299351 23.354776 21.203293,
 109.281502 115.854324 126.200294 132.546341 128.900742 118.420456 107.754539 138.940933 163.985031 192.208664 205.078903 190.681931 160.767563 132.771378 166.780609 214.428635 267.087708 290.941040 263.644226 209.406509 160.724274 176.059906 234.412689 300.262238 332.630066 300.262238 234.412689 176.059906 160.724274 209.406509 263.644226 290.941040 267.087708 214.428635 166.780609 132.771378 160.767563 190.681931 205.078903 192.208664 163.985031 138.940933 107.754539 118.420456 128.900742 132.546341 126.200294 115.854324 109.281502,
 47.382839 46.588238 44.793362 41.756786 37.334270 32.412891 28.676594 60.062241 63.580021 65.040932 63.185978 56.892704 47.728970 39.665337 68.490273 78.508667 87.236710 90.188530 82.903091 68.919083 55.725315 67.518265 82.089188 97.020958 104.133469 97.020958 82.089188 67.518265 55.725315 68.919083 82.903091 90.188530 87.236710 78.508667 68.490273 39.665337 47.728970 56.892704 63.185978 65.040932 63.580021 60.062241 28.676594 32.412891 37.334270 41.756786 44.793362 46.588238 47.382839,
 1.359285 2.105953 2.839453 3.135000 2.794955 2.045065 1.337136 1.685642 2.345061 2.871434 2.972482 2.536006 1.748524 1.036018 1.588449 2.574331 3.590410 4.018988 3.517797 2.403768 1.318676 1.892355 3.451347 5.172406 5.981111 5.172406 3.451347 1.892355 1.318676 2.403768 3.517797 4.018988 3.590410 2.574331 1.588449 1.036018 1.748524 2.536006 2.972482 2.871434 2.345061 1.685642 1.337136 2.045065 2.794955 3.135000 2.839453 2.105953 1.359285,
 6.988340 6.667208 8.274996 10.604568 12.721275 14.653200 15.753515 8.551075 11.522303 16.638435 20.549408 21.191177 20.615324 19.878637 12.130854 19.072271 28.674015 34.202240 31.173336 24.949999 20.179865 16.813698 24.688116 35.469810 41.462219 35.469810 24.688116 16.813698 20.179865 24.949999 31.173336 34.202240 28.674015 19.072271 12.130854 19.878637 20.615324 21.191177 20.549408 16.638435 11.522303 8.551075 15.753515 14.653200 12.721275 10.604568 8.274996 6.667208 6.988340,
 27.143394 37.732319 45.878036 51.419418 54.333755 53.426258 48.040627 45.450905 66.553551 86.113289 97.236404 92.441002 76.681297 59.029709 64.366661 98.355774 134.116364 152.854828 136.485352 101.359863 69.049370 73.049820 112.785370 157.268097 180.151947 157.268097 112.785370 73.049820 69.049370 101.359863 136.485352 152.854828 134.116364 98.355774 64.366661 59.029709 76.681297 92.441002 97.236404 86.113289 66.553551 45.450905 48.040627 53.426258 54.333755 51.419418 45.878036 37.732319 27.143394,
 13.260878 13.736710 12.244532 9.618177 6.990320 4.766512 2.741951 20.687473 23.801939 24.436934 22.929152 19.398764 14.370668 9.573355 26.227280 32.940395 38.699184 40.720863 36.004841 27.015102 18.855991 25.717325 34.905800 44.951393 49.916183 44.951393 34.905800 25.717325 18.855991 27.015102 36.004841 40.720863 38.699184 32.940395 26.227280 9.573355 14.370668 19.398764 22.929152 24.436934 23.801939 20.687473 2.741951 4.766512 6.990320 9.618177 12.244532 13.736710 13.260878,
 -0.082819 0.122784 0.409791 0.660894 0.755578 0.663580 0.467385 0.145148 0.489354 0.853403 1.073164 1.037949 0.783582 0.442069 0.544327 1.140721 1.730955 1.998937 1.770078 1.215432 0.640252 0.804298 1.551223 2.337613 2.702197 2.337613 1.551223 0.804298 0.640252 1.215432 1.770078 1.998937 1.730955 1.140721 0.544327 0.442069 0.783582 1.037949 1.073164 0.853403 0.489354 0.145148 0.467385 0.663580 0.755578 0.660894 0.409791 0.122784 -0.082819,
 0.624861 0.189034 -0.031466 0.042572 -0.344580 -0.754925 -0.721611 1.229616 2.705654 3.597867 3.612563 2.927705 2.310382 1.806532 1.735728 5.322027 8.798697 9.494757 7.061655 4.501420 2.987419 2.401979 5.674006 10.275131 12.941234 10.275131 5.674006 2.401979 2.987419 4.501420 7.061655 9.494757 8.798697 5.322027 1.735728 1.806532 2.310382 2.927705 3.612563 3.597867 2.705654 1.229616 -0.721611 -0.754925 -0.344580 0.042572 -0.031466 0.189034 0.624861,
 11.343684 7.929130 5.514862 2.174255 -3.824920 -10.219234 -15.272124 18.657545 21.743900 25.626236 25.206146 16.858261 5.198741 -4.493860 24.210018 34.958633 46.835819 50.957981 41.122784 24.561190 10.433983 21.937538 37.216553 54.636372 63.251709 54.636372 37.216553 21.937538 10.433983 24.561190 41.122784 50.957981 46.835819 34.958633 24.210018 -4.493860 5.198741 16.858261 25.206146 25.626236 21.743900 18.657545 -15.272124 -10.219234 -3.824920 2.174255 5.514862 7.929130 11.343684,
 1.359940 0.777076 0.119792 -0.191094 -1.198196 -2.862070 -3.642312 4.083647 3.918096 3.894479 4.046255 2.503842 -0.657415 -3.189962 4.926801 6.556318 9.302702 11.300341 8.888592 3.387741 -0.905862 2.628786 6.515944 12.275677 15.490667 12.275677 6.515944 2.628786 -0.905862 3.387741 8.888592 11.300341 9.302702 6.556318 4.926801 -3.189962 -0.657415 2.503842 4.046255 3.894479 3.918096 4.083647 -3.642312 -2.862070 -1.198196 -0.191094 0.119792 0.777076 1.359940,

Pairwise cross-correlations of the modulus of all oriented sub-bands at the same scale (size QxQ)
 13.346351 15.112148 20.644407 17.076151,
 15.112148 130.333160 193.802841 56.512642,
 20.644407 193.802841 583.515259 256.382141,
 17.076151 56.512642 256.382141 185.027130,
 10.490377 10.680965 11.111088 10.203836,
 10.680965 80.685547 105.827087 24.779533,
 11.111088 105.827087 332.630066 135.051376,
 10.203836 24.779533 135.051376 104.133469,
 5.981112 4.753493 4.419704 5.460878,
 4.753493 41.462223 56.975315 18.397850,
 4.419704 56.975315 180.151962 66.544174,
 5.460878 18.397850 66.544174 49.916183,
 2.702197 1.560022 3.595528 2.034566,
 1.560022 12.941235 19.539257 6.222824,
 3.595528 19.539257 63.251709 23.213890,
 2.034566 6.222824 23.213890 15.490665,

Cross-correlations of the modulus of all oriented sub-bands with all oriented sub-bands at the coarser scale (size QxQ)
 8.253482 9.767505 8.117008 10.593995,
 13.677640 51.205559 64.951752 26.693617,
 23.928495 61.161686 149.498215 85.831490,
 13.998474 14.467319 61.909649 60.107754,
 4.996545 6.788133 3.776450 5.652135,
 7.143904 24.570671 27.074007 17.600649,
 10.446077 23.005501 59.102253 36.477947,
 6.649055 5.572826 20.768038 20.219568,
 1.822206 2.107522 2.134533 1.616853,
 3.137487 7.615500 18.061403 7.331685,
 4.357460 15.065571 57.318859 18.559048,
 1.136156 8.761689 21.875847 8.547928,

Cross-correlations of the real part of each oriented sub-band with both the real and imaginary part of all phase-doubled oriented sub-bands at the next coarser scale (Q matrices of size 1x2Q, which are computed and stored in a matrix of size Qx2Q)
 -1.355330 -2.956433 -2.721081 -3.292726 0.758673 -0.112813 -0.058201 -0.026036,
 -1.716318 -33.868961 -21.900867 -6.775034 0.151886 -2.149512 -0.926607 0.645907,
 -2.891381 -37.369305 -59.950737 -51.101112 0.117514 -2.646093 0.270278 2.507600,
 -2.730482 -5.403457 -36.189968 -42.853603 0.515474 -0.438651 0.983034 1.325917,
 0.050361 -1.617070 -0.752743 -0.078506 0.673042 -0.202202 0.019643 0.206231,
 -0.744636 -16.376547 -8.148695 -2.210043 0.105407 -0.701741 3.886950 1.067514,
 -0.651106 -16.795979 -24.799587 -15.666602 -0.216255 1.713036 12.532956 3.980626,
 0.129365 -1.850802 -14.282077 -10.996719 -0.042901 1.311006 4.985176 3.306187,
 -0.618871 -0.085848 -0.075940 -0.540322 0.096326 0.762407 0.116247 0.239404,
 -0.276860 1.129010 -2.158728 -2.016962 0.087558 9.056429 4.908138 0.367566,
 -0.490404 0.138373 -12.739988 -8.558684 -0.083536 11.693272 4.460339 -1.897573,
 -0.996661 -1.189443 -7.461504 -5.306713 -0.033084 1.956468 -1.278715 -1.520363,
