Low-band skewness and kurtosis
 -0.697035 2.410831,
 -0.701885 2.576743,
 -0.700876 2.549639,
 -0.646160 2.050335,
 -0.559588 1.777373,

High-band variance
 880.645935,

Skewness, kurtosis, variance, mean, maximum and minimum of the reconstructed texture
 -0.765993 2.140167 5886.842773 190.962280 255.000000 3.000000,

Auto-correlations of the low-frequency bands at each scale
 1697.645508 1687.400879 1682.778931 1684.466431 1698.433228 1735.609863 1801.127930 1943.271240 1829.389893 1757.439941 1758.068848 1841.416016 1994.789795 2177.991943 3180.271484 3266.577148 3369.109375 3457.374268 3497.782715 3491.597168 3448.025879 4197.729492 4490.978516 4728.166504 4823.504883 4728.166504 4490.978516 4197.729492 3448.025879 3491.597168 3497.782715 3457.374268 3369.109375 3266.577148 3180.271484 2177.991943 1994.789795 1841.416016 1758.068848 1757.439941 1829.389893 1943.271240 1801.127930 1735.609863 1698.433228 1684.466431 1682.778931 1687.400879 1697.645508,
 1578.878418 1562.570312 1544.150513 1527.596069 1518.326538 1522.290527 1543.275391 1617.970093 1529.406738 1476.381226 1480.071533 1545.123657 1663.635254 1811.672729 2422.280518 2482.708496 2567.841064 2650.276855 2695.880127 2706.129883 2693.802979 3166.768066 3379.340332 3555.526367 3627.925293 3555.526367 3379.340332 3166.768066 2693.802979 2706.129883 2695.880127 2650.276855 2567.841064 2482.708496 2422.280518 1811.672729 1663.635254 1545.123657 1480.071533 1476.381226 1529.406738 1617.970093 1543.275391 1522.290527 1518.326538 1527.596069 1544.150513 1562.570312 1578.878418,
 1446.941895 1461.261353 1477.125854 1490.936523 1499.317749 1505.730347 1515.833984 1574.464722 1507.106934 1459.223755 1442.862061 1455.981812 1497.775146 1563.101929 2030.473511 2050.747559 2090.898926 2133.294189 2150.605469 2147.100098 2138.371338 2479.450684 2598.971680 2704.639404 2750.154297 2704.639404 2598.971680 2479.450684 2138.371338 2147.100098 2150.605469 2133.294189 2090.898926 2050.747559 2030.473511 1563.101929 1497.775146 1455.981812 1442.862061 1459.223755 1507.106934 1574.464722 1515.833984 1505.730347 1499.317749 1490.936523 1477.125854 1461.261353 1446.941895,
 642.542114 635.392151 620.411743 607.026794 601.676270 601.765564 602.904419 1244.396973 1229.107910 1218.219971 1219.339722 1231.180664 1248.997559 1267.111084 1766.081177 1788.615479 1823.863892 1855.227295 1864.158569 1857.167725 1848.389282 2078.806152 2128.411621 2182.205811 2207.631592 2182.205811 2128.411621 2078.806152 1848.389282 1857.167725 1864.158569 1855.227295 1823.863892 1788.615479 1766.081177 1267.111084 1248.997559 1231.180664 1219.339722 1218.219971 1229.107910 1244.396973 602.904419 601.765564 601.676270 607.026794 620.411743 635.392151 642.542114,
 -1308.350830 -1315.149536 -1319.548218 -1316.419189 -1301.799927 -1286.319458 -1285.015137 -170.390839 -178.167267 -178.794373 -175.514160 -166.368866 -152.088654 -145.460876 1285.465576 1290.954712 1310.663208 1322.563965 1315.912964 1306.579712 1302.672363 1986.867920 2003.260132 2035.018555 2053.129150 2035.018555 2003.260132 1986.867920 1302.672363 1306.579712 1315.912964 1322.563965 1310.663208 1290.954712 1285.465576 -145.460876 -152.088654 -166.368866 -175.514160 -178.794373 -178.167267 -170.390839 -1285.015137 -1286.319458 -1301.799927 -1316.419189 -1319.548218 -1315.149536 -1308.350830,

Auto-correlations of the modulus of each oriented sub-band
 2.956596 4.092634 5.094796 5.527853 5.200379 4.322768 3.312520 3.465166 4.759431 5.900054 6.426018 6.095870 5.101471 3.923451 4.610035 6.351622 7.786241 8.314589 7.731421 6.386497 4.823066 5.215048 7.346446 9.346258 10.207782 9.346258 7.346446 5.215048 4.823066 6.386497 7.731421 8.314589 7.786241 6.351622 4.610035 3.923451 5.101471 6.095870 6.426018 5.900054 4.759431 3.465166 3.312520 4.322768 5.200379 5.527853 5.094796 4.092634 2.956596,
 25.947594 30.566612 36.000355 41.118473 45.085926 48.056305 50.269722 47.348663 57.972210 69.028145 76.553291 78.472847 76.749283 73.758362 73.134598 89.313515 105.820137 114.694534 111.464226 101.416039 90.609055 90.820168 107.518631 124.499153 132.561676 124.499153 107.518631 90.820168 90.609055 101.416039 111.464226 114.694534 105.820137 89.313515 73.134598 73.758362 76.749283 78.472847 76.553291 69.028145 57.972210 47.348663 50.269722 48.056305 45.085926 41.118473 36.000355 30.566612 25.947594,
 119.388306 128.062012 135.615967 139.149796 136.169983 128.200714 118.549393 194.436935 225.574448 255.305695 268.857605 256.774994 227.692581 196.573654 273.434418 331.866302 389.660736 415.977203 390.800079 333.589386 275.349640 309.316589 380.963318 452.917267 485.958679 452.917267 380.963318 309.316589 275.349640 333.589386 390.800079 415.977203 389.660736 331.866302 273.434418 196.573654 227.692581 256.774994 268.857605 255.305695 225.574448 194.436935 118.549393 128.200714 136.169983 139.149796 135.615967 128.062012 119.388306,
 34.106323 32.787544 31.081316 28.558804 25.068388 21.383463 18.276901 52.266949 53.894810 56.040516 55.968952 50.916592 42.861996 35.920223 66.445984 73.383728 82.807106 87.547287 80.465324 66.796875 55.620037 68.127747 79.619102 94.802261 102.903107 94.802261 79.619102 68.127747 55.620037 66.796875 80.465324 87.547287 82.807106 73.383728 66.445984 35.920223 42.861996 50.916592 55.968952 56.040516 53.894810 52.266949 18.276901 21.383463 25.068388 28.558804 31.081316 32.787544 34.106323,
 2.696227 3.518303 4.249018 4.591930 4.387475 3.739759 2.947518 3.109073 3.929507 4.638833 4.936996 4.676690 3.989737 3.184277 4.040802 5.356514 6.547584 6.977091 6.382384 5.144938 3.864376 4.515887 6.270219 8.033432 8.828304 8.033432 6.270219 4.515887 3.864376 5.144938 6.382384 6.977091 6.547584 5.356514 4.040802 3.184277 3.989737 4.676690 4.936996 4.638833 3.929507 3.109073 2.947518 3.739759 4.387475 4.591930 4.249018 3.518303 2.696227,
 17.715813 20.837004 24.758921 28.124516 30.300848 31.427977 31.920639 26.999989 34.470539 42.833897 48.072773 49.106808 47.626408 45.058994 41.655769 53.608894 66.928215 73.817787 70.928032 63.165817 55.115707 53.938183 66.434006 80.190399 86.924240 80.190399 66.434006 53.938183 55.115707 63.165817 70.928032 73.817787 66.928215 53.608894 41.655769 45.058994 47.626408 49.106808 48.072773 42.833897 34.470539 26.999989 31.920639 31.427977 30.300848 28.124516 24.758921 20.837004 17.715813,
 48.160679 54.144855 60.512947 65.114777 66.230850 65.324654 64.427063 83.435730 108.726929 131.649597 141.366394 132.446167 112.000793 91.306122 122.278275 172.321930 219.141907 238.602432 217.570068 171.056610 123.546860 139.484512 201.048828 260.779266 287.414368 260.779266 201.048828 139.484512 123.546860 171.056610 217.570068 238.602432 219.141907 172.321930 122.278275 91.306122 112.000793 132.446167 141.366394 131.649597 108.726929 83.435730 64.427063 65.324654 66.230850 65.114777 60.512947 54.144855 48.160679,
 12.019991 11.347440 11.442252 11.712149 10.975186 8.964595 6.912398 20.627131 22.328947 24.715298 26.387220 24.617542 19.524385 14.246347 28.335339 33.738865 40.524376 44.912422 41.377869 32.167965 23.613987 29.746964 38.372749 48.822601 54.306564 48.822601 38.372749 29.746964 23.613987 32.167965 41.377869 44.912422 40.524376 33.738865 28.335339 14.246347 19.524385 24.617542 26.387220 24.715298 22.328947 20.627131 6.912398 8.964595 10.975186 11.712149 11.442252 11.347440 12.019991,
 1.540143 2.282639 2.937242 3.231172 2.990799 2.320461 1.506234 2.110257 3.025999 3.756997 4.011832 3.667942 2.887033 1.977603 2.691607 4.026560 5.148835 5.481386 4.823221 3.607473 2.380936 2.809931 4.472992 6.121937 6.864663 6.121937 4.472992 2.809931 2.380936 3.607473 4.823221 5.481386 5.148835 4.026560 2.691607 1.977603 2.887033 3.667942 4.011832 3.756997 3.025999 2.110257 1.506234 2.320461 2.990799 3.231172 2.937242 2.282639 1.540143,
 10.576097 13.534292 16.479847 18.198124 18.980820 19.801142 20.604603 17.765495 23.371201 28.770397 31.025579 30.218010 28.675362 27.280766 25.700233 34.629448 44.053684 47.478123 43.282261 36.694038 31.410645 30.700665 39.752914 50.700890 56.375187 50.700890 39.752914 30.700665 31.410645 36.694038 43.282261 47.478123 44.053684 34.629448 25.700233 27.280766 28.675362 30.218010 31.025579 28.770397 23.371201 17.765495 20.604603 19.801142 18.980820 18.198124 16.479847 13.534292 10.576097,
 27.353640 33.172985 44.174538 56.456459 63.630066 65.877884 64.905807 51.812065 70.986298 94.078880 112.596481 116.731178 109.092621 96.017647 84.362915 118.155907 153.190994 174.568619 168.940323 144.300598 114.650116 109.901665 149.143417 186.564789 203.681152 186.564789 149.143417 109.901665 114.650116 144.300598 168.940323 174.568619 153.190994 118.155907 84.362915 96.017647 109.092621 116.731178 112.596481 94.078880 70.986298 51.812065 64.905807 65.877884 63.630066 56.456459 44.174538 33.172985 27.353640,
 5.973318 7.683168 9.555226 11.710101 13.311700 13.634514 12.899263 11.265689 14.595856 17.866589 20.827415 21.588779 19.601341 16.432211 16.051048 21.382486 27.137550 31.487465 30.323627 24.749617 18.877060 18.850975 25.545750 32.995007 36.956577 32.995007 25.545750 18.850975 18.877060 24.749617 30.323627 31.487465 27.137550 21.382486 16.051048 16.432211 19.601341 21.588779 20.827415 17.866589 14.595856 11.265689 12.899263 13.634514 13.311700 11.710101 9.555226 7.683168 5.973318,
 -0.231352 0.050617 0.497345 0.782288 0.708964 0.385932 0.114130 0.028495 0.418493 0.900194 1.140498 1.031387 0.753479 0.587249 0.971977 1.888126 2.884204 3.328905 2.921096 2.044805 1.314763 1.678002 2.929673 4.336738 4.998006 4.336738 2.929673 1.678002 1.314763 2.044805 2.921096 3.328905 2.884204 1.888126 0.971977 0.587249 0.753479 1.031387 1.140498 0.900194 0.418493 0.028495 0.114130 0.385932 0.708964 0.782288 0.497345 0.050617 -0.231352,
 7.844184 9.061750 8.344823 6.493359 4.818512 3.334801 1.363577 11.138804 14.796114 15.902588 13.873224 10.538612 7.633929 5.185761 12.041296 17.977266 22.592812 22.295176 17.634369 12.383821 8.425402 10.775604 16.579750 23.223301 26.560692 23.223301 16.579750 10.775604 8.425402 12.383821 17.634369 22.295176 22.592812 17.977266 12.041296 5.185761 7.633929 10.538612 13.873224 15.902588 14.796114 11.138804 1.363577 3.334801 4.818512 6.493359 8.344823 9.061750 7.844184,
 10.108261 15.308331 17.843306 16.964148 13.106508 8.084567 3.954583 14.787091 25.186024 32.493736 33.659523 28.135155 18.924484 9.996039 18.500744 34.489395 47.809696 52.325459 45.427608 31.216295 16.220623 19.432890 37.706966 54.213917 61.229477 54.213917 37.706966 19.432890 16.220623 31.216295 45.427608 52.325459 47.809696 34.489395 18.500744 9.996039 18.924484 28.135155 33.659523 32.493736 25.186024 14.787091 3.954583 8.084567 13.106508 16.964148 17.843306 15.308331 10.108261,
 -0.622747 -1.039317 -1.016730 0.684092 3.672661 5.498846 4.641300 -1.756755 -1.366225 0.712731 4.587640 7.806564 7.514831 4.630529 -1.931495 0.556822 5.433305 10.429359 11.114825 7.125808 2.515982 -0.255088 4.215231 10.320621 13.611299 10.320621 4.215231 -0.255088 2.515982 7.125808 11.114825 10.429359 5.433305 0.556822 -1.931495 4.630529 7.514831 7.806564 4.587640 0.712731 -1.366225 -1.756755 4.641300 5.498846 3.672661 0.684092 -1.016730 -1.039317 -0.622747,

Pairwise cross-correlations of the modulus of all oriented sub-bands at the same scale (size QxQ)
 10.207783 12.085366 10.837792 8.284747,
 12.085366 132.561676 191.116348 42.826244,
 10.837792 191.116348 485.958710 166.660614,
 8.284747 42.826244 166.660614 102.903130,
 8.828303 8.573873 7.072483 5.018508,
 8.573873 86.924240 113.220497 18.706945,
 7.072483 113.220497 287.414368 83.135994,
 5.018508 18.706945 83.135994 54.306568,
 6.864662 5.177503 5.381113 2.525651,
 5.177503 56.375191 80.202156 14.069530,
 5.381113 80.202156 203.681168 61.845577,
 2.525651 14.069530 61.845577 36.956581,
 4.998006 5.971879 7.819489 3.773280,
 5.971879 26.560692 33.448051 7.298060,
 7.819489 33.448051 61.229481 19.170120,
 3.773280 7.298060 19.170120 13.611301,

Cross-correlations of the modulus of all oriented sub-bands with all oriented sub-bands at the coarser scale (size QxQ)
 6.596898 8.213835 2.826347 4.842526,
 10.561725 39.085835 34.938808 9.207226,
 13.848136 46.712940 91.429970 40.137177,
 7.097135 10.790388 37.759071 28.855642,
 5.618154 6.964482 6.539949 2.813466,
 6.641850 17.465788 16.930367 2.733711,
 7.436612 19.994566 28.343864 5.573846,
 4.135533 3.534959 -0.151450 3.956178,
 4.164928 5.936882 7.483171 3.355394,
 3.330059 13.546229 10.187807 1.388952,
 3.929812 14.817616 17.519188 6.863858,
 1.476101 4.051904 7.623566 4.775456,

Cross-correlations of the real part of each oriented sub-band with both the real and imaginary part of all phase-doubled oriented sub-bands at the next coarser scale (Q matrices of size 1x2Q, which are computed and stored in a matrix of size Qx2Q)
 -0.673057 -3.092182 -2.058255 -1.349021 0.661515 -0.170197 -0.246519 -0.152903,
 -2.159205 -47.969421 -47.583149 -11.194833 0.361546 -7.929879 -14.025612 -2.637702,
 -2.003245 -62.590271 -109.292221 -53.649071 0.142895 -16.055584 -35.553970 -10.306476,
 -0.735257 -10.273596 -43.270432 -33.988350 0.369240 -4.692348 -12.809060 -5.317596,
 0.508652 -0.797517 -0.607762 -1.071141 -0.861747 -0.110988 -0.220693 -0.009337,
 -0.610994 -9.512157 -2.125251 -0.935730 -0.505915 -1.165656 -5.750740 -1.108413,
 -0.833613 -13.611271 -20.417828 -21.068333 0.012085 -3.806715 -20.416378 -9.638243,
 -0.045313 -3.217229 -16.028351 -19.380522 -0.201838 -1.347068 -10.432202 -6.515895,
 -0.072740 -1.099105 0.048481 -0.193132 -1.887218 -1.011914 0.013346 -0.037394,
 -0.340414 -3.669140 5.453928 2.405487 -1.273574 -3.237239 -10.869078 -3.087519,
 -0.140758 -2.474725 11.526221 5.308754 -0.130515 -6.608181 -34.505989 -14.556915,
 0.018987 -0.186832 3.114842 1.230826 -0.662371 -2.894444 -13.394131 -8.547818,
