Low-band skewness and kurtosis
 -0.521142 2.139607,
 -0.392854 2.258655,
 -0.145112 2.009748,
 0.007489 1.666029,
 0.009841 1.709264,

High-band variance
 994.340088,

Skewness, kurtosis, variance, mean, maximum and minimum of the reconstructed texture
 -0.652077 1.956247 5801.337891 187.638184 255.000000 4.000000,

Auto-correlations of the low-frequency bands at each scale
 1224.861206 1109.699585 1058.276489 1070.243408 1120.333862 1184.532104 1250.599243 1723.725342 1419.193359 1126.929321 955.447266 954.096802 1095.865723 1294.849121 2990.350098 3073.575684 3066.951660 2952.819092 2749.383301 2537.138184 2376.556152 3501.574219 3987.645508 4414.132812 4591.167969 4414.132812 3987.645508 3501.574219 2376.556152 2537.138184 2749.383301 2952.819092 3066.951660 3073.575684 2990.350098 1294.849121 1095.865723 954.096802 955.447266 1126.929321 1419.193359 1723.725342 1250.599243 1184.532104 1120.333862 1070.243408 1058.276489 1109.699585 1224.861206,
 1247.745728 1180.809448 1156.493286 1182.415527 1247.153931 1329.655640 1408.395874 1429.269531 1260.282104 1105.847778 1027.123291 1051.810913 1168.734497 1323.049072 2099.915039 2158.335938 2167.969482 2105.158691 1974.803955 1841.435791 1750.738892 2374.279297 2674.095215 2947.922119 3064.973145 2947.922119 2674.095215 2374.279297 1750.738892 1841.435791 1974.803955 2105.158691 2167.969482 2158.335938 2099.915039 1323.049072 1168.734497 1051.810913 1027.123291 1105.847778 1260.282104 1429.269531 1408.395874 1329.655640 1247.153931 1182.415527 1156.493286 1180.809448 1247.745728,
 1184.894653 1166.028931 1153.364380 1145.846069 1136.465210 1124.923706 1119.047974 1315.945068 1231.531860 1154.290649 1120.073120 1140.427368 1204.735474 1282.895752 1624.911743 1656.075928 1681.013672 1681.363281 1646.306152 1605.160645 1580.311401 1795.969482 1947.206299 2098.944336 2167.293213 2098.944336 1947.206299 1795.969482 1580.311401 1605.160645 1646.306152 1681.363281 1681.013672 1656.075928 1624.911743 1282.895752 1204.735474 1140.427368 1120.073120 1154.290649 1231.531860 1315.945068 1119.047974 1124.923706 1136.465210 1145.846069 1153.364380 1166.028931 1184.894653,
 516.296265 508.398163 495.312103 476.831970 458.032990 448.094940 449.464783 1009.934692 991.259216 969.781067 948.872681 932.479431 930.202820 938.870728 1394.879150 1423.908447 1449.994019 1453.207520 1423.132446 1383.198486 1350.294189 1547.677734 1617.987915 1689.524048 1722.997559 1689.524048 1617.987915 1547.677734 1350.294189 1383.198486 1423.132446 1453.207520 1449.994019 1423.908447 1394.879150 938.870728 930.202820 932.479431 948.872681 969.781067 991.259216 1009.934692 449.464783 448.094940 458.032990 476.831970 495.312103 508.398163 516.296265,
 -934.830322 -932.180237 -977.079895 -1042.557617 -1071.045654 -1046.945801 -1003.602783 -22.127928 -14.297634 -38.438248 -92.674934 -133.272278 -124.156479 -83.272942 979.143982 1013.202698 1048.733887 1045.955811 1002.969727 964.580383 955.710999 1421.323853 1471.018799 1543.198730 1580.003662 1543.198730 1471.018799 1421.323853 955.710999 964.580383 1002.969727 1045.955811 1048.733887 1013.202698 979.143982 -83.272942 -124.156479 -133.272278 -92.674934 -38.438248 -14.297634 -22.127928 -1003.602783 -1046.945801 -1071.045654 -1042.557617 -977.079895 -932.180237 -934.830322,

Auto-correlations of the modulus of each oriented sub-band
 7.007008 7.864748 8.548569 8.695688 8.144491 7.082544 5.927706 7.947013 9.133242 9.941657 10.053255 9.443734 8.275702 6.880832 8.982027 10.979551 12.696502 13.474524 12.794721 10.827517 8.430029 9.364711 12.485655 15.787321 17.335175 15.787321 12.485655 9.364711 8.430029 10.827517 12.794721 13.474524 12.696502 10.979551 8.982027 6.880832 8.275702 9.443734 10.053255 9.941657 9.133242 7.947013 5.927706 7.082544 8.144491 8.695688 8.548569 7.864748 7.007008,
 44.896481 49.391846 55.026112 60.512936 64.271919 66.243507 66.984970 62.349350 72.126190 84.006752 91.904663 92.114006 88.702011 84.877960 82.049889 97.344353 116.676231 127.279282 120.452919 107.297600 96.655098 95.758179 111.689011 132.628937 144.440033 132.628937 111.689011 95.758179 96.655098 107.297600 120.452919 127.279282 116.676231 97.344353 82.049889 84.877960 88.702011 92.114006 91.904663 84.006752 72.126190 62.349350 66.984970 66.243507 64.271919 60.512936 55.026112 49.391846 44.896481,
 194.747223 212.987259 231.129807 238.561188 229.258133 211.314194 196.088745 255.302826 299.599030 347.478394 370.070984 349.083374 304.443085 265.112518 318.609100 392.360016 475.569672 516.249268 478.164276 397.995087 327.852020 350.493622 436.786499 536.196350 585.285034 536.196350 436.786499 350.493622 327.852020 397.995087 478.164276 516.249268 475.569672 392.360016 318.609100 265.112518 304.443085 349.083374 370.070984 347.478394 299.599030 255.302826 196.088745 211.314194 229.258133 238.561188 231.129807 212.987259 194.747223,
 120.467728 122.158524 121.617157 117.133148 109.127289 100.958389 94.997635 142.398407 153.035797 160.868912 160.481262 148.906174 131.684509 116.684814 156.973419 179.387222 200.899277 209.019867 194.055252 165.971054 140.400787 156.407837 185.755920 217.145203 232.356384 217.145203 185.755920 156.407837 140.400787 165.971054 194.055252 209.019867 200.899277 179.387222 156.973419 116.684814 131.684509 148.906174 160.481262 160.868912 153.035797 142.398407 94.997635 100.958389 109.127289 117.133148 121.617157 122.158524 120.467728,
 4.600190 5.348810 5.951024 6.195305 5.998279 5.418779 4.670923 5.081522 6.052641 6.811343 7.137787 6.934196 6.219511 5.222735 5.548945 7.380428 9.282583 10.307907 9.736441 7.950856 5.992412 6.190842 8.883729 11.879625 13.317985 11.879625 8.883729 6.190842 5.992412 7.950856 9.736441 10.307907 9.282583 7.380428 5.548945 5.222735 6.219511 6.934196 7.137787 6.811343 6.052641 5.081522 4.670923 5.418779 5.998279 6.195305 5.951024 5.348810 4.600190,
 23.042213 26.476528 29.486723 30.883703 30.813059 29.845627 28.946903 31.094242 38.735245 45.973148 48.338570 45.786343 41.661385 38.135662 40.287369 52.093178 65.151291 69.863564 63.024090 52.869576 44.940186 45.878597 57.809872 72.849304 81.015755 72.849304 57.809872 45.878597 44.940186 52.869576 63.024090 69.863564 65.151291 52.093178 40.287369 38.135662 41.661385 45.786343 48.338570 45.973148 38.735245 31.094242 28.946903 29.845627 30.813059 30.883703 29.486723 26.476528 23.042213,
 84.015396 104.412781 123.029526 131.858719 126.981445 111.304199 92.439758 113.389633 150.387497 186.921371 202.965363 188.621658 155.168900 121.377090 147.100082 203.453568 262.994690 289.516357 262.459045 204.984177 151.610672 163.847809 228.172821 298.887695 332.411621 298.887695 228.172821 163.847809 151.610672 204.984177 262.459045 289.516357 262.994690 203.453568 147.100082 121.377090 155.168900 188.621658 202.965363 186.921371 150.387497 113.389633 92.439758 111.304199 126.981445 131.858719 123.029526 104.412781 84.015396,
 65.565811 70.083084 72.549530 71.933502 68.172791 62.611446 57.337746 77.151764 87.687218 95.586609 97.412819 90.915161 78.498344 66.129471 84.978279 103.729332 121.603737 129.511917 119.639885 97.762489 76.537468 84.339088 108.500229 133.965790 146.041489 133.965790 108.500229 84.339088 76.537468 97.762489 119.639885 129.511917 121.603737 103.729332 84.978279 66.129471 78.498344 90.915161 97.412819 95.586609 87.687218 77.151764 57.337746 62.611446 68.172791 71.933502 72.549530 70.083084 65.565811,
 1.923966 2.277411 2.602044 2.747280 2.660640 2.420227 2.146055 2.221929 2.616085 3.032802 3.336175 3.359675 3.074036 2.642149 3.052516 3.987746 5.018219 5.559878 5.197530 4.223920 3.235922 3.738674 5.332274 7.138040 8.009792 7.138040 5.332274 3.738674 3.235922 4.223920 5.197530 5.559878 5.018219 3.987746 3.052516 2.642149 3.074036 3.359675 3.336175 3.032802 2.616085 2.221929 2.146055 2.420227 2.660640 2.747280 2.602044 2.277411 1.923966,
 9.251638 12.974813 16.069824 17.821342 17.921272 16.489685 14.583094 14.375601 20.463093 26.046530 28.146238 26.477736 22.856339 18.861559 19.575069 28.160149 37.327480 40.851418 36.315685 28.773098 21.941631 22.405476 31.393452 41.926689 47.411598 41.926689 31.393452 22.405476 21.941631 28.773098 36.315685 40.851418 37.327480 28.160149 19.575069 18.861559 22.856339 26.477736 28.146238 26.046530 20.463093 14.375601 14.583094 16.489685 17.921272 17.821342 16.069824 12.974813 9.251638,
 28.780571 34.689476 41.221462 43.489899 35.142208 18.937891 4.322681 46.057938 62.790131 80.015373 85.865463 70.305946 42.096115 17.581665 54.119755 83.750587 116.617371 130.576080 109.194412 69.317894 35.612926 50.129410 86.711319 129.786957 151.269897 129.786957 86.711319 50.129410 35.612926 69.317894 109.194412 130.576080 116.617371 83.750587 54.119755 17.581665 42.096115 70.305946 85.865463 80.015373 62.790131 46.057938 4.322681 18.937891 35.142208 43.489899 41.221462 34.689476 28.780571,
 20.571186 22.579514 21.822151 18.321566 12.742347 6.835876 2.912408 26.762924 32.083794 34.813576 33.497356 26.769133 17.229881 9.661335 29.098667 38.694946 47.580719 50.839504 43.519363 30.273804 18.913792 26.323587 38.741684 52.554379 59.468925 52.554379 38.741684 26.323587 18.913792 30.273804 43.519363 50.839504 47.580719 38.694946 29.098667 9.661335 17.229881 26.769133 33.497356 34.813576 32.083794 26.762924 2.912408 6.835876 12.742347 18.321566 21.822151 22.579514 20.571186,
 -0.499526 0.127731 0.795724 1.256396 1.290247 0.894303 0.322862 -0.289267 0.442759 1.219935 1.693161 1.582804 0.954396 0.190828 0.262249 1.398942 2.570146 3.175336 2.797189 1.650727 0.359958 0.414244 2.062225 3.686105 4.407883 3.686105 2.062225 0.414244 0.359958 1.650727 2.797189 3.175336 2.570146 1.398942 0.262249 0.190828 0.954396 1.582804 1.693161 1.219935 0.442759 -0.289267 0.322862 0.894303 1.290247 1.256396 0.795724 0.127731 -0.499526,
 -0.402458 -0.544888 -0.408933 0.202346 0.953788 1.232111 1.063582 0.486359 1.792628 2.827422 2.929582 2.646021 2.155231 1.307022 1.634856 4.476583 7.593854 8.133389 6.068410 3.825699 2.055269 2.297141 5.101875 9.080404 11.343326 9.080404 5.101875 2.297141 2.055269 3.825699 6.068410 8.133389 7.593854 4.476583 1.634856 1.307022 2.155231 2.646021 2.929582 2.827422 1.792628 0.486359 1.063582 1.232111 0.953788 0.202346 -0.408933 -0.544888 -0.402458,
 -4.856046 -1.071735 1.583843 1.590316 -0.821859 -3.801264 -4.965746 -5.896265 1.127905 8.292636 10.933010 7.361789 1.107467 -2.782679 -3.051952 7.321423 19.729467 25.655170 19.769758 8.377682 0.385481 0.390329 11.448625 26.031601 33.552109 26.031601 11.448625 0.390329 0.385481 8.377682 19.769758 25.655170 19.729467 7.321423 -3.051952 -2.782679 1.107467 7.361789 10.933010 8.292636 1.127905 -5.896265 -4.965746 -3.801264 -0.821859 1.590316 1.583843 -1.071735 -4.856046,
 2.716574 3.154790 2.651516 1.424490 -0.535803 -2.566019 -3.236100 2.318398 3.695809 4.658787 4.367485 2.192808 -1.118877 -3.342023 1.407912 4.501077 8.109926 9.978132 7.428381 1.961851 -2.262405 -0.265829 4.284339 10.315331 13.511964 10.315331 4.284339 -0.265829 -2.262405 1.961851 7.428381 9.978132 8.109926 4.501077 1.407912 -3.342023 -1.118877 2.192808 4.367485 4.658787 3.695809 2.318398 -3.236100 -2.566019 -0.535803 1.424490 2.651516 3.154790 2.716574,

Pairwise cross-correlations of the modulus of all oriented sub-bands at the same scale (size QxQ)
 17.335175 15.201397 21.643026 25.116779,
 15.201397 144.440048 186.955597 40.966228,
 21.643026 186.955597 585.285156 265.401459,
 25.116779 40.966228 265.401459 232.356430,
 13.317985 9.610664 14.305396 18.914328,
 9.610664 81.015762 95.511078 19.704279,
 14.305396 95.511078 332.411621 155.717804,
 18.914328 19.704279 155.717804 146.041519,
 8.009793 6.606558 4.895868 4.480282,
 6.606558 47.411591 44.973579 8.411640,
 4.895868 44.973579 151.269897 66.334641,
 4.480282 8.411640 66.334641 59.468933,
 4.407883 1.859194 1.120045 1.381979,
 1.859194 11.343327 8.544984 -0.704265,
 1.120045 8.544984 33.552109 10.052282,
 1.381979 -0.704265 10.052282 13.511965,

Cross-correlations of the modulus of all oriented sub-bands with all oriented sub-bands at the coarser scale (size QxQ)
 10.067969 7.731403 7.216193 14.795633,
 11.760320 42.142361 41.462536 10.717583,
 23.411751 44.095337 118.571869 73.942657,
 18.657793 5.848174 57.555210 67.619019,
 6.148059 8.470667 6.752414 6.757349,
 5.363177 17.856401 7.903293 -0.288821,
 13.142990 12.809460 37.601486 21.818203,
 13.063213 4.233232 35.924397 36.090137,
 2.852504 0.600584 0.041451 2.802642,
 3.525533 3.081492 7.951648 2.585270,
 3.949894 -3.281113 18.238792 8.810177,
 2.829764 -7.251997 -0.678373 7.018640,

Cross-correlations of the real part of each oriented sub-band with both the real and imaginary part of all phase-doubled oriented sub-bands at the next coarser scale (Q matrices of size 1x2Q, which are computed and stored in a matrix of size Qx2Q)
 -1.580014 -2.987137 -2.762952 -4.571135 0.489398 0.075874 -0.413520 -0.166862,
 -2.117416 -32.785633 -27.169090 -5.976831 0.163466 -2.663249 -8.458617 -2.356309,
 -3.649204 -37.022087 -60.513138 -42.653435 -0.295541 -4.885077 -23.813223 -13.138148,
 -4.075350 -5.385110 -29.012596 -40.813789 -0.238452 -1.118311 -11.102284 -8.215944,
 -1.125116 -1.418557 -1.629781 -1.721002 -0.504916 -0.914351 0.047856 -0.689005,
 -0.863524 -17.217472 -22.440025 -4.950349 -0.548957 -7.267788 -10.904617 -1.573240,
 -1.387618 -25.123194 -64.380692 -28.125284 0.031934 -8.911557 -19.622519 -3.728256,
 -1.831434 -6.257217 -32.131680 -21.338188 0.060325 -2.080119 -2.938045 -2.769302,
 -1.184153 0.245125 0.173845 -0.334883 0.290437 -0.975628 0.498040 0.221681,
 -0.232109 4.213205 0.858487 0.141933 -0.050027 -4.034345 0.888442 3.109899,
 0.009593 3.928365 -1.047286 -1.232317 -0.415003 -1.929771 14.994948 17.250658,
 -0.724816 -0.330378 -1.103429 -1.678718 -0.048931 -0.038862 12.973303 12.100740,
