Low-band skewness and kurtosis
 -0.451829 2.051939,
 -0.364627 2.130050,
 -0.289843 2.005085,
 -0.436047 2.013522,
 -0.383279 1.788255,

High-band variance
 972.692383,

Skewness, kurtosis, variance, mean, maximum and minimum of the reconstructed texture
 -0.628915 1.938276 5476.794922 189.202026 255.000000 6.000000,

Auto-correlations of the low-frequency bands at each scale
 1449.377686 1439.903442 1432.132446 1427.542725 1424.681519 1424.281128 1425.095215 956.333618 950.765869 951.434448 957.404419 964.469849 976.089233 993.328735 2514.824219 2545.513916 2580.560303 2609.901855 2622.836182 2629.552979 2640.106934 4181.444824 4213.421387 4245.216797 4260.644531 4245.216797 4213.421387 4181.444824 2640.106934 2629.552979 2622.836182 2609.901855 2580.560303 2545.513916 2514.824219 993.328735 976.089233 964.469849 957.404419 951.434448 950.765869 956.333618 1425.095215 1424.281128 1424.681519 1427.542725 1432.132446 1439.903442 1449.377686,
 1175.813354 1162.129272 1148.560791 1138.969360 1135.167480 1135.868774 1137.806519 1025.151367 1012.954102 1005.292358 1006.869080 1018.557983 1038.553223 1062.341309 1962.560181 1983.499634 2006.865234 2026.839600 2037.177490 2042.635376 2048.835205 2820.550781 2852.449219 2881.968750 2895.288818 2881.968750 2852.449219 2820.550781 2048.835205 2042.635376 2037.177490 2026.839600 2006.865234 1983.499634 1962.560181 1062.341309 1038.553223 1018.557983 1006.869080 1005.292358 1012.954102 1025.151367 1137.806519 1135.868774 1135.167480 1138.969360 1148.560791 1162.129272 1175.813354,
 1174.866455 1172.413818 1169.689941 1166.846436 1163.709473 1161.001709 1159.060059 1100.869629 1087.472412 1076.009888 1069.625488 1069.411255 1074.764160 1083.159180 1599.272705 1607.034424 1615.748901 1623.301392 1627.484497 1630.247803 1633.471436 2087.571777 2107.481934 2124.912842 2132.413086 2124.912842 2107.481934 2087.571777 1633.471436 1630.247803 1627.484497 1623.301392 1615.748901 1607.034424 1599.272705 1083.159180 1074.764160 1069.411255 1069.625488 1076.009888 1087.472412 1100.869629 1159.060059 1161.001709 1163.709473 1166.846436 1169.689941 1172.413818 1174.866455,
 477.310822 478.950653 480.155151 480.297668 478.417480 475.208954 472.186737 924.141357 920.166077 917.531250 916.899719 918.196533 921.381775 925.396606 1415.135376 1416.633301 1419.004395 1420.542969 1420.142578 1419.389404 1419.013550 1685.788086 1694.820801 1703.382324 1707.231567 1703.382324 1694.820801 1685.788086 1419.013550 1419.389404 1420.142578 1420.542969 1419.004395 1416.633301 1415.135376 925.396606 921.381775 918.196533 916.899719 917.531250 920.166077 924.141357 472.186737 475.208954 478.417480 480.297668 480.155151 478.950653 477.310822,
 -1025.941528 -1025.764160 -1026.177246 -1027.068604 -1028.150146 -1028.516113 -1027.861938 -81.695374 -82.035248 -83.024490 -84.365074 -85.653229 -85.680878 -84.223404 1025.469238 1027.439941 1029.793945 1030.561768 1028.555908 1025.746094 1024.311768 1547.137573 1551.120850 1556.258179 1558.787720 1556.258179 1551.120850 1547.137573 1024.311768 1025.746094 1028.555908 1030.561768 1029.793945 1027.439941 1025.469238 -84.223404 -85.680878 -85.653229 -84.365074 -83.024490 -82.035248 -81.695374 -1027.861938 -1028.516113 -1028.150146 -1027.068604 -1026.177246 -1025.764160 -1025.941528,

Auto-correlations of the modulus of each oriented sub-band
 2.747383 3.885140 4.842731 5.230212 4.856218 3.899689 2.747570 2.949535 4.224092 5.306054 5.741754 5.309938 4.227965 2.946990 3.367738 4.918482 6.252823 6.786552 6.235643 4.893202 3.343693 3.650386 5.404862 6.936315 7.560760 6.936315 5.404862 3.650386 3.343693 4.893202 6.235643 6.786552 6.252823 4.918482 3.367738 2.946990 4.227965 5.309938 5.741754 5.306054 4.224092 2.949535 2.747570 3.899689 4.856218 5.230212 4.842731 3.885140 2.747383,
 20.888325 21.156410 21.144260 20.699169 20.093048 19.561325 19.133244 41.324448 42.289375 42.733627 42.140442 40.960464 39.865120 39.001053 62.273159 64.238136 65.814644 65.751793 64.051231 62.074028 60.466053 71.036392 73.291397 75.716087 76.932152 75.716087 73.291397 71.036392 60.466053 62.074028 64.051231 65.751793 65.814644 64.238136 62.273159 39.001053 39.865120 40.960464 42.140442 42.733627 42.289375 41.324448 19.133244 19.561325 20.093048 20.699169 21.144260 21.156410 20.888325,
 167.014648 166.189728 165.638168 164.298889 161.310684 157.652069 154.381714 313.769257 316.047302 318.101532 318.292664 315.008087 309.737854 304.219208 469.782684 476.281525 481.797424 483.909821 480.237488 473.017181 464.749908 540.146301 549.442810 557.295349 560.837036 557.295349 549.442810 540.146301 464.749908 473.017181 480.237488 483.909821 481.797424 476.281525 469.782684 304.219208 309.737854 315.008087 318.292664 318.101532 316.047302 313.769257 154.381714 157.652069 161.310684 164.298889 165.638168 166.189728 167.014648,
 22.526960 22.621891 22.825588 23.036306 22.924732 22.237934 21.225496 40.237350 40.851196 41.557449 42.191532 42.141640 41.032318 39.435501 59.066822 60.454365 62.035439 63.296860 62.930130 60.960674 58.734943 67.608765 69.769302 72.111145 73.314575 72.111145 69.769302 67.608765 58.734943 60.960674 62.930130 63.296860 62.035439 60.454365 59.066822 39.435501 41.032318 42.141640 42.191532 41.557449 40.851196 40.237350 21.225496 22.237934 22.924732 23.036306 22.825588 22.621891 22.526960,
 1.393231 2.177900 2.840128 3.090821 2.802486 2.120998 1.339426 1.345906 2.100912 2.735967 2.975571 2.696796 2.039012 1.283406 1.443482 2.300547 3.040530 3.331963 3.018014 2.264951 1.408014 1.634526 2.650782 3.548251 3.915281 3.548251 2.650782 1.634526 1.408014 2.264951 3.018014 3.331963 3.040530 2.300547 1.443482 1.283406 2.039012 2.696796 2.975571 2.735967 2.100912 1.345906 1.339426 2.120998 2.802486 3.090821 2.840128 2.177900 1.393231,
 6.102449 6.139753 5.914467 5.295982 4.440002 3.683725 3.110564 15.866675 16.587618 16.863819 16.238773 14.882943 13.439340 12.260098 27.115686 28.783575 30.094690 30.029959 28.431841 26.341364 24.475386 31.568819 33.743103 35.921051 36.960064 35.921051 33.743103 31.568819 24.475386 26.341364 28.431841 30.029959 30.094690 28.783575 27.115686 12.260098 13.439340 14.882943 16.238773 16.863819 16.587618 15.866675 3.110564 3.683725 4.440002 5.295982 5.914467 6.139753 6.102449,
 15.469101 14.650852 15.059791 15.015596 12.110400 8.398375 5.741631 80.860626 82.545364 84.979645 85.879662 81.950531 76.059723 70.884308 160.298416 165.841003 171.515518 174.176498 169.434769 161.360657 153.483444 196.809753 205.245117 213.548737 217.953156 213.548737 205.245117 196.809753 153.483444 161.360657 169.434769 174.176498 171.515518 165.841003 160.298416 70.884308 76.059723 81.950531 85.879662 84.979645 82.545364 80.860626 5.741631 8.398375 12.110400 15.015596 15.059791 14.650852 15.469101,
 3.244765 3.489410 3.820186 3.895978 3.488085 2.807692 2.155268 10.715731 11.530169 12.478467 13.053921 12.723342 11.585248 10.223795 20.159067 21.787949 23.588182 24.727913 24.116842 22.105629 19.931219 24.670452 26.956142 29.370148 30.552017 29.370148 26.956142 24.670452 19.931219 22.105629 24.116842 24.727913 23.588182 21.787949 20.159067 10.223795 11.585248 12.723342 13.053921 12.478467 11.530169 10.715731 2.155268 2.807692 3.488085 3.895978 3.820186 3.489410 3.244765,
 0.324801 0.640068 0.917412 1.031654 0.924602 0.650973 0.335950 0.310524 0.612883 0.882532 0.999703 0.903005 0.642176 0.336418 0.337981 0.673561 0.979596 1.110861 0.992902 0.692112 0.353273 0.378756 0.761625 1.115284 1.263384 1.115284 0.761625 0.378756 0.353273 0.692112 0.992902 1.110861 0.979596 0.673561 0.337981 0.336418 0.642176 0.903005 0.999703 0.882532 0.612883 0.310524 0.335950 0.650973 0.924602 1.031654 0.917412 0.640068 0.324801,
 0.319674 1.122129 2.069182 2.995897 3.530790 3.717978 3.755533 3.440685 4.842008 6.400465 7.424859 7.681055 7.479026 7.104452 8.419679 10.294760 12.405852 13.546156 13.028543 11.930708 10.786225 11.771198 13.611910 15.636329 16.773193 15.636329 13.611910 11.771198 10.786225 11.930708 13.028543 13.546156 12.405852 10.294760 8.419679 7.104452 7.479026 7.681055 7.424859 6.400465 4.842008 3.440685 3.755533 3.717978 3.530790 2.995897 2.069182 1.122129 0.319674,
 2.081991 7.038514 12.289906 16.428358 18.558336 19.579386 20.435163 23.540934 31.502544 39.181629 44.421188 45.906605 45.177631 43.861343 57.399338 67.439758 76.580009 81.903351 81.444130 77.347076 72.090302 80.717888 89.940773 97.844376 101.286705 97.844376 89.940773 80.717888 72.090302 77.347076 81.444130 81.903351 76.580009 67.439758 57.399338 43.861343 45.177631 45.906605 44.421188 39.181629 31.502544 23.540934 20.435163 19.579386 18.558336 16.428358 12.289906 7.038514 2.081991,
 0.653251 1.761160 2.748892 3.086507 2.828035 2.493016 2.417820 2.670323 4.495534 6.311559 7.291327 7.167155 6.455081 5.787078 6.506766 8.914709 11.425318 12.877433 12.453024 10.802534 9.096357 9.566239 12.041803 14.613279 15.820194 14.613279 12.041803 9.566239 9.096357 10.802534 12.453024 12.877433 11.425318 8.914709 6.506766 5.787078 6.455081 7.167155 7.291327 6.311559 4.495534 2.670323 2.417820 2.493016 2.828035 3.086507 2.748892 1.761160 0.653251,
 0.062923 0.150511 0.221653 0.246473 0.212761 0.134177 0.040683 0.069559 0.155550 0.229489 0.261238 0.232508 0.153882 0.057942 0.100820 0.210096 0.301556 0.332838 0.282119 0.178149 0.068568 0.100504 0.234991 0.362308 0.418427 0.362308 0.234991 0.100504 0.068568 0.178149 0.282119 0.332838 0.301556 0.210096 0.100820 0.057942 0.153882 0.232508 0.261238 0.229489 0.155550 0.069559 0.040683 0.134177 0.212761 0.246473 0.221653 0.150511 0.062923,
 0.120628 0.657045 1.130896 1.559396 1.574948 1.131603 0.571958 3.757371 4.443297 5.215102 5.772807 5.626270 4.854928 4.011818 6.877374 7.814811 9.063310 9.810258 9.279019 8.105775 7.021674 8.170966 9.301064 10.761235 11.604090 10.761235 9.301064 8.170966 7.021674 8.105775 9.279019 9.810258 9.063310 7.814811 6.877374 4.011818 4.854928 5.626270 5.772807 5.215102 4.443297 3.757371 0.571958 1.131603 1.574948 1.559396 1.130896 0.657045 0.120628,
 0.386679 1.114806 1.910908 2.416917 2.288818 1.542478 0.535123 29.512974 30.727339 31.889565 32.335968 31.532333 29.738668 27.788925 55.018887 57.488445 59.820484 60.672729 59.270138 56.340794 53.296230 64.680695 68.072723 71.409813 72.925110 71.409813 68.072723 64.680695 53.296230 56.340794 59.270138 60.672729 59.820484 57.488445 55.018887 27.788925 29.738668 31.532333 32.335968 31.889565 30.727339 29.512974 0.535123 1.542478 2.288818 2.416917 1.910908 1.114806 0.386679,
 -0.159393 -0.216035 -0.105367 -0.024611 -0.282522 -0.667365 -0.727552 3.255661 3.307873 3.550492 3.673968 3.260185 2.644331 2.470769 6.171118 6.318792 6.908420 7.331908 6.815646 5.909140 5.564056 7.069385 7.388816 8.370901 9.002574 8.370901 7.388816 7.069385 5.564056 5.909140 6.815646 7.331908 6.908420 6.318792 6.171118 2.470769 2.644331 3.260185 3.673968 3.550492 3.307873 3.255661 -0.727552 -0.667365 -0.282522 -0.024611 -0.105367 -0.216035 -0.159393,

Pairwise cross-correlations of the modulus of all oriented sub-bands at the same scale (size QxQ)
 7.560761 2.818243 -4.450779 3.177466,
 2.818243 76.932152 198.026062 71.016777,
 -4.450779 198.026062 560.837036 193.041702,
 3.177466 71.016777 193.041702 73.314590,
 3.915281 3.296575 -0.964344 3.610343,
 3.296575 36.960068 79.794510 29.728231,
 -0.964344 79.794510 217.953171 69.794319,
 3.610343 29.728231 69.794319 30.552015,
 1.263384 -0.297961 -1.259043 1.172251,
 -0.297961 16.773195 37.381371 12.267691,
 -1.259043 37.381371 101.286713 33.152031,
 1.172251 12.267691 33.152031 15.820195,
 0.418427 -0.075626 0.515688 0.608257,
 -0.075626 11.604092 26.968603 7.424947,
 0.515688 26.968603 72.925110 22.880573,
 0.608257 7.424947 22.880573 9.002575,

Cross-correlations of the modulus of all oriented sub-bands with all oriented sub-bands at the coarser scale (size QxQ)
 4.718782 3.994101 -2.761757 4.559839,
 1.592155 14.484209 29.683586 11.886187,
 -2.575816 31.229095 87.435379 26.036623,
 1.715148 13.722612 28.804152 12.357628,
 1.787827 -0.082145 -1.927797 2.140143,
 1.926237 -2.489339 -11.592241 -0.879444,
 1.548826 -5.208580 -18.299116 -4.190627,
 1.861212 0.358657 -5.373821 1.290264,
 0.486129 -0.667403 -0.365542 0.855681,
 -0.328706 2.311789 2.968641 0.084422,
 -0.709694 6.860560 13.199080 1.592374,
 0.246140 0.911957 2.730180 1.482871,

Cross-correlations of the real part of each oriented sub-band with both the real and imaginary part of all phase-doubled oriented sub-bands at the next coarser scale (Q matrices of size 1x2Q, which are computed and stored in a matrix of size Qx2Q)
 -1.081109 -0.256291 0.040237 -0.242231 0.979262 0.418245 -0.085224 -0.424301,
 -0.582631 -9.841137 -30.467648 -11.326348 0.489760 13.267196 38.003727 14.570948,
 -0.050210 -27.566793 -85.949844 -33.584721 0.117518 33.934216 105.472954 39.168781,
 -0.454989 -9.765906 -30.552437 -13.027425 0.514502 11.641163 36.120491 11.945786,
 -0.610518 -0.126925 0.206636 0.032257 0.254843 0.115952 -0.023928 -0.113933,
 -0.383216 8.243585 28.930674 8.512219 0.108985 7.512989 22.342627 9.373154,
 -0.052820 23.482307 80.163284 26.546370 0.040723 19.441290 67.198586 25.862312,
 -0.281130 8.240209 28.954950 10.880478 0.101591 6.718283 24.822489 8.449354,
 -0.253969 -0.056938 -0.091565 -0.106270 0.305337 -0.041961 0.011371 -0.014008,
 -0.099052 -7.628335 -18.921959 -7.165318 0.133615 3.823508 11.602026 3.702587,
 -0.022352 -18.194365 -53.230309 -20.776068 -0.029143 10.335320 30.348743 10.167068,
 -0.138866 -5.651661 -19.489782 -7.877849 0.114950 3.433755 10.130341 3.670797,
