Low-band skewness and kurtosis
 -0.560352 2.161882,
 -0.452006 2.279234,
 -0.215222 1.908441,
 -0.071543 1.711555,
 -0.015453 1.729248,

High-band variance
 968.369507,

Skewness, kurtosis, variance, mean, maximum and minimum of the reconstructed texture
 -0.697456 2.001795 5896.375000 189.236206 255.000000 2.000000,

Auto-correlations of the low-frequency bands at each scale
 1211.984985 1160.858887 1113.424316 1077.991943 1077.824219 1133.447510 1238.323364 1361.635742 1160.240967 1015.260498 988.038513 1094.543213 1297.063965 1514.901367 2712.180420 2801.147461 2926.543213 3046.295166 3094.127686 3055.988281 2955.627686 3832.529785 4230.906738 4574.134277 4715.574707 4574.134277 4230.906738 3832.529785 2955.627686 3055.988281 3094.127686 3046.295166 2926.543213 2801.147461 2712.180420 1514.901367 1297.063965 1094.543213 988.038513 1015.260498 1160.240967 1361.635742 1238.323364 1133.447510 1077.824219 1077.991943 1113.424316 1160.858887 1211.984985,
 1312.773560 1297.211182 1287.783691 1277.550293 1276.143555 1299.938965 1348.355347 1324.608276 1210.379395 1132.239868 1128.005005 1208.295044 1349.396240 1497.177124 2004.237671 2041.336304 2107.211426 2175.886719 2201.732422 2182.166992 2138.426514 2597.220703 2828.502930 3042.164795 3134.281738 3042.164795 2828.502930 2597.220703 2138.426514 2182.166992 2201.732422 2175.886719 2107.211426 2041.336304 2004.237671 1497.177124 1349.396240 1208.295044 1128.005005 1132.239868 1210.379395 1324.608276 1348.355347 1299.938965 1276.143555 1277.550293 1287.783691 1297.211182 1312.773560,
 1301.192505 1322.062744 1341.011597 1347.650635 1343.634399 1344.193115 1356.542358 1396.932129 1341.785767 1297.078979 1283.616577 1306.811401 1362.710327 1429.281250 1720.604736 1713.360840 1733.356201 1764.952759 1774.078857 1760.691162 1737.179932 1986.096924 2087.718262 2191.518066 2239.568115 2191.518066 2087.718262 1986.096924 1737.179932 1760.691162 1774.078857 1764.952759 1733.356201 1713.360840 1720.604736 1429.281250 1362.710327 1306.811401 1283.616577 1297.078979 1341.785767 1396.932129 1356.542358 1344.193115 1343.634399 1347.650635 1341.011597 1322.062744 1301.192505,
 568.140808 576.074951 582.976685 582.266296 576.763306 577.063477 585.832825 1101.860107 1099.656006 1095.330078 1092.548096 1092.537354 1097.569336 1102.863037 1535.923218 1544.316772 1562.160400 1579.250488 1578.744629 1564.288696 1547.449341 1742.182617 1773.454590 1813.011963 1832.847900 1813.011963 1773.454590 1742.182617 1547.449341 1564.288696 1578.744629 1579.250488 1562.160400 1544.316772 1535.923218 1102.863037 1097.569336 1092.537354 1092.548096 1095.330078 1099.656006 1101.860107 585.832825 577.063477 576.763306 582.266296 582.976685 576.074951 568.140808,
 -1149.239990 -1173.641235 -1179.639648 -1160.579834 -1128.571289 -1105.947876 -1104.463867 -71.482635 -92.116425 -96.704430 -80.588722 -56.413292 -40.222763 -38.258835 1125.255249 1134.788696 1151.550781 1163.370117 1157.598633 1140.612427 1127.510132 1648.619263 1675.979126 1711.553711 1728.950195 1711.553711 1675.979126 1648.619263 1127.510132 1140.612427 1157.598633 1163.370117 1151.550781 1134.788696 1125.255249 -38.258835 -40.222763 -56.413292 -80.588722 -96.704430 -92.116425 -71.482635 -1104.463867 -1105.947876 -1128.571289 -1160.579834 -1179.639648 -1173.641235 -1149.239990,

Auto-correlations of the modulus of each oriented sub-band
 4.495588 5.785137 6.973308 7.602599 7.391513 6.516735 5.463634 5.416441 6.906868 8.144581 8.688396 8.379406 7.395545 6.140427 6.974868 9.351274 11.273883 11.874147 10.979096 9.152370 7.125611 7.670813 10.689849 13.688238 15.031352 13.688238 10.689849 7.670813 7.125611 9.152370 10.979096 11.874147 11.273883 9.351274 6.974868 6.140427 7.395545 8.379406 8.688396 8.144581 6.906868 5.416441 5.463634 6.516735 7.391513 7.602599 6.973308 5.785137 4.495588,
 69.508217 76.269203 84.337288 91.474602 95.308601 95.615379 93.380730 88.638695 102.818199 118.815735 129.394577 129.547760 122.048454 111.805748 110.983894 134.035049 159.523514 173.225845 165.786423 145.938950 125.534935 125.947906 152.245819 180.723022 194.495056 180.723022 152.245819 125.947906 125.534935 145.938950 165.786423 173.225845 159.523514 134.035049 110.983894 111.805748 122.048454 129.547760 129.394577 118.815735 102.818199 88.638695 93.380730 95.615379 95.308601 91.474602 84.337288 76.269203 69.508217,
 236.233963 247.305099 254.810791 254.186584 243.011902 225.598801 208.769699 312.161743 348.922180 383.181671 394.982574 372.241180 328.909058 287.518250 386.546448 456.616486 528.093506 558.627563 521.209473 444.356781 371.801453 414.046265 501.162628 593.665771 637.293945 593.665771 501.162628 414.046265 371.801453 444.356781 521.209473 558.627563 528.093506 456.616486 386.546448 287.518250 328.909058 372.241180 394.982574 383.181671 348.922180 312.161743 208.769699 225.598801 243.011902 254.186584 254.810791 247.305099 236.233963,
 63.172371 60.020714 56.519531 52.170856 46.102844 38.916626 32.770393 84.090363 86.448471 88.342361 86.601562 77.664032 64.216293 52.492203 98.190109 108.898926 120.461761 124.879944 113.974442 94.391022 77.359528 95.961044 113.179161 133.002472 143.149643 133.002472 113.179161 95.961044 77.359528 94.391022 113.974442 124.879944 120.461761 108.898926 98.190109 52.492203 64.216293 77.664032 86.601562 88.342361 86.448471 84.090363 32.770393 38.916626 46.102844 52.170856 56.519531 60.020714 63.172371,
 2.833844 3.686898 4.539769 5.042473 4.980865 4.451587 3.781461 3.369317 4.368778 5.279568 5.723482 5.548618 4.901335 4.111027 4.449793 6.055864 7.508404 7.985299 7.229116 5.813395 4.457088 5.086650 7.235873 9.528034 10.598129 9.528034 7.235873 5.086650 4.457088 5.813395 7.229116 7.985299 7.508404 6.055864 4.449793 4.111027 4.901335 5.548618 5.723482 5.279568 4.368778 3.369317 3.781461 4.451587 4.980865 5.042473 4.539769 3.686898 2.833844,
 33.464596 33.717079 36.498688 40.609222 43.944176 45.301094 44.759617 41.501453 47.642204 56.583382 62.873283 62.907677 58.329559 52.286343 52.395699 66.713730 84.331894 93.362961 86.829422 72.250671 58.677856 59.523476 77.350456 98.702774 109.548691 98.702774 77.350456 59.523476 58.677856 72.250671 86.829422 93.362961 84.331894 66.713730 52.395699 52.286343 58.329559 62.907677 62.873283 56.583382 47.642204 41.501453 44.759617 45.301094 43.944176 40.609222 36.498688 33.717079 33.464596,
 85.898903 89.789551 96.754784 102.448021 102.020882 97.734375 92.680809 119.121910 144.470871 171.866730 183.793610 170.140991 142.842361 117.532509 155.122040 209.345551 266.818451 291.744995 262.430145 203.993347 150.514893 169.235458 237.157837 311.031586 346.549164 311.031586 237.157837 169.235458 150.514893 203.993347 262.430145 291.744995 266.818451 209.345551 155.122040 117.532509 142.842361 170.140991 183.793610 171.866730 144.470871 119.121910 92.680809 97.734375 102.020882 102.448021 96.754784 89.789551 85.898903,
 23.016483 22.556696 21.977053 21.536133 21.108526 20.195448 18.748676 32.518421 34.562725 36.520008 37.835320 36.311245 31.227476 25.292398 40.435074 47.402206 55.406673 60.688183 56.783794 45.598221 34.664658 41.213997 52.669258 65.987724 72.921631 65.987724 52.669258 41.213997 34.664658 45.598221 56.783794 60.688183 55.406673 47.402206 40.435074 25.292398 31.227476 36.311245 37.835320 36.520008 34.562725 32.518421 18.748676 20.195448 21.108526 21.536133 21.977053 22.556696 23.016483,
 1.844880 2.069751 2.180357 2.094078 1.804929 1.424242 1.073927 2.304559 2.724942 3.031079 3.056271 2.763392 2.257701 1.712768 3.011432 3.988741 4.798254 4.987521 4.406050 3.390757 2.399593 3.146377 4.543796 5.984787 6.657624 5.984787 4.543796 3.146377 2.399593 3.390757 4.406050 4.987521 4.798254 3.988741 3.011432 1.712768 2.257701 2.763392 3.056271 3.031079 2.724942 2.304559 1.073927 1.424242 1.804929 2.094078 2.180357 2.069751 1.844880,
 2.623749 7.019399 12.171527 16.220945 17.934456 16.898720 13.623577 9.807797 17.897194 26.088087 30.467999 29.914572 25.661957 19.303009 17.653925 30.270124 43.074730 48.189529 43.087921 33.083916 22.675077 22.213032 35.783562 50.400650 57.608387 50.400650 35.783562 22.213032 22.675077 33.083916 43.087921 48.189529 43.074730 30.270124 17.653925 19.303009 25.661957 29.914572 30.467999 26.088087 17.897194 9.807797 13.623577 16.898720 17.934456 16.220945 12.171527 7.019399 2.623749,
 13.207716 20.957212 30.591656 37.649040 39.771671 36.019165 27.286158 23.792007 43.732990 67.506416 82.604576 81.889488 67.628983 47.284851 42.960476 77.877342 115.874176 136.823944 127.694550 97.117882 61.904835 59.929859 102.152496 144.249695 163.466003 144.249695 102.152496 59.929859 61.904835 97.117882 127.694550 136.823944 115.874176 77.877342 42.960476 47.284851 67.628983 81.889488 82.604576 67.506416 43.732990 23.792007 27.286158 36.019165 39.771671 37.649040 30.591656 20.957212 13.207716,
 7.384450 7.789487 8.416304 8.761753 8.706244 8.242415 7.178915 10.831733 12.006370 13.749778 15.681753 16.076775 13.848529 10.405438 12.996529 16.049526 20.717211 24.926060 23.850355 18.081875 12.380238 13.327551 18.628630 25.777248 29.768686 25.777248 18.628630 13.327551 12.380238 18.081875 23.850355 24.926060 20.717211 16.049526 12.996529 10.405438 13.848529 16.076775 15.681753 13.749778 12.006370 10.831733 7.178915 8.242415 8.706244 8.761753 8.416304 7.789487 7.384450,
 -0.056663 0.175720 0.323258 0.331066 0.233682 0.078302 -0.090179 0.153579 0.484988 0.732295 0.839320 0.821613 0.703246 0.550438 0.714039 1.301679 1.903449 2.186460 1.975470 1.485041 1.045590 1.162467 1.906684 2.748985 3.155640 2.748985 1.906684 1.162467 1.045590 1.485041 1.975470 2.186460 1.903449 1.301679 0.714039 0.550438 0.703246 0.821613 0.839320 0.732295 0.484988 0.153579 -0.090179 0.078302 0.233682 0.331066 0.323258 0.175720 -0.056663,
 0.039977 0.995222 2.432307 3.009317 2.018289 0.353661 -0.453412 1.200999 3.378578 5.969043 6.512373 4.327763 1.578750 0.208988 1.665361 4.994758 9.660309 11.037573 7.373867 2.936391 0.760302 1.259913 4.490080 10.158871 13.606716 10.158871 4.490080 1.259913 0.760302 2.936391 7.373867 11.037573 9.660309 4.994758 1.665361 0.208988 1.578750 4.327763 6.512373 5.969043 3.378578 1.200999 -0.453412 0.353661 2.018289 3.009317 2.432307 0.995222 0.039977,
 4.078197 4.331800 3.829377 2.712554 1.281013 0.122397 -0.162427 11.675032 14.742214 17.976063 18.687717 15.681687 11.019436 7.658274 16.306301 22.599236 30.450073 33.703850 28.968006 20.266033 13.783807 16.914490 24.694309 35.012615 40.179031 35.012615 24.694309 16.914490 13.783807 20.266033 28.968006 33.703850 30.450073 22.599236 16.306301 7.658274 11.019436 15.681687 18.687717 17.976063 14.742214 11.675032 -0.162427 0.122397 1.281013 2.712554 3.829377 4.331800 4.078197,
 0.106473 0.842392 1.142225 0.752497 0.006511 -0.625021 -1.041365 0.235103 0.743670 1.611192 2.415441 2.263885 1.039118 -0.401552 -0.066563 0.992805 3.541980 5.914241 5.317624 2.256557 -0.307249 -0.334323 1.892213 5.819808 8.123674 5.819808 1.892213 -0.334323 -0.307249 2.256557 5.317624 5.914241 3.541980 0.992805 -0.066563 -0.401552 1.039118 2.263885 2.415441 1.611192 0.743670 0.235103 -1.041365 -0.625021 0.006511 0.752497 1.142225 0.842392 0.106473,

Pairwise cross-correlations of the modulus of all oriented sub-bands at the same scale (size QxQ)
 15.031353 21.059027 16.626348 12.545849,
 21.059027 194.495087 247.724365 48.644295,
 16.626348 247.724365 637.293945 220.395691,
 12.545849 48.644295 220.395691 143.149673,
 10.598130 13.945938 10.922698 7.102429,
 13.945938 109.548698 133.543762 25.817501,
 10.922698 133.543762 346.549194 109.019531,
 7.102429 25.817501 109.019531 72.921638,
 6.657625 3.278393 3.279697 3.022805,
 3.278393 57.608391 69.896004 10.534978,
 3.279697 69.896004 163.466003 47.687546,
 3.022805 10.534978 47.687546 29.768688,
 3.155640 0.931035 1.239645 1.725572,
 0.931035 13.606717 17.759628 4.669666,
 1.239645 17.759628 40.179031 12.364891,
 1.725572 4.669666 12.364891 8.123674,

Cross-correlations of the modulus of all oriented sub-bands with all oriented sub-bands at the coarser scale (size QxQ)
 8.137583 13.460049 7.738458 7.948213,
 17.787216 61.022366 58.813004 12.676429,
 22.697098 64.595093 124.640411 55.493225,
 10.593829 13.957177 48.006275 43.251335,
 4.607601 4.775500 2.372776 1.920580,
 7.547482 27.293819 28.786856 3.895573,
 11.756648 27.954193 65.456764 21.075188,
 5.327602 3.559282 18.620365 11.935801,
 2.802398 2.712012 3.963601 1.947174,
 0.265197 9.846958 12.734417 0.783358,
 1.864738 4.864176 9.909437 2.830200,
 2.209024 -0.737331 1.108686 2.880749,

Cross-correlations of the real part of each oriented sub-band with both the real and imaginary part of all phase-doubled oriented sub-bands at the next coarser scale (Q matrices of size 1x2Q, which are computed and stored in a matrix of size Qx2Q)
 -1.971115 -4.206617 -2.294153 -2.684593 0.737439 0.398112 0.398408 0.369958,
 -4.432482 -29.038660 -16.791191 -6.249039 0.242886 7.330130 15.920959 4.232738,
 -3.653429 -29.235334 -43.956341 -45.748028 -0.038097 9.832870 38.234005 17.974583,
 -1.837808 -4.910054 -26.128553 -38.433628 0.219879 1.511373 13.843967 10.430548,
 0.346442 -1.768367 -0.878467 -1.185954 0.810811 0.561796 0.039193 0.272593,
 -1.018403 -16.918888 -9.176956 -2.048892 0.157897 0.439286 -12.967023 -3.210832,
 -1.213966 -22.453676 -21.508085 -15.874392 -0.415707 -4.741720 -37.624252 -10.881389,
 -0.159470 -5.243769 -10.929018 -14.495329 0.105089 -2.245788 -14.990386 -3.905364,
 0.228419 -0.019538 0.217026 -0.072377 1.427315 -0.386522 -0.197192 0.077974,
 -0.020563 2.728047 5.348909 1.160891 0.434452 -6.832541 -7.101657 -0.292086,
 0.047486 3.471174 11.295721 5.635862 -0.046663 -9.792246 -12.192545 -0.106889,
 0.101731 0.297292 3.975212 2.866273 0.611514 -2.053445 -2.857381 0.564619,
