Low-band skewness and kurtosis
 -0.550503 2.124427,
 -0.417570 2.090366,
 -0.281665 1.856819,
 -0.107555 1.582175,
 0.005759 1.573678,

High-band variance
 932.742371,

Skewness, kurtosis, variance, mean, maximum and minimum of the reconstructed texture
 -0.657432 1.943663 5870.233398 188.162170 255.000000 2.000000,

Auto-correlations of the low-frequency bands at each scale
 1979.616211 1943.576660 1874.286255 1790.877441 1737.333862 1760.944824 1875.177002 2057.565674 1836.395874 1679.211060 1666.126343 1824.188843 2107.802734 2411.446533 2836.828613 2943.947266 3138.108398 3357.854248 3505.351074 3535.588379 3450.472168 3726.576904 4184.465332 4582.744629 4747.177246 4582.744629 4184.465332 3726.576904 3450.472168 3535.588379 3505.351074 3357.854248 3138.108398 2943.947266 2836.828613 2411.446533 2107.802734 1824.188843 1666.126343 1679.211060 1836.395874 2057.565674 1875.177002 1760.944824 1737.333862 1790.877441 1874.286255 1943.576660 1979.616211,
 1877.071899 1891.469604 1898.966797 1896.336304 1885.386963 1886.424683 1915.674927 1893.145996 1791.681396 1734.284546 1742.598389 1811.708862 1932.237061 2076.342773 2357.860352 2426.140869 2537.931641 2650.963135 2706.130859 2702.190186 2660.761719 2896.721436 3145.453369 3364.891602 3458.375244 3364.891602 3145.453369 2896.721436 2660.761719 2702.190186 2706.130859 2650.963135 2537.931641 2426.140869 2357.860352 2076.342773 1932.237061 1811.708862 1742.598389 1734.284546 1791.681396 1893.145996 1915.674927 1886.424683 1885.386963 1896.336304 1898.966797 1891.469604 1877.071899,
 1562.942871 1579.717285 1594.934570 1607.775146 1614.664551 1624.812500 1641.548828 1728.082031 1717.819580 1730.936279 1769.402710 1814.396729 1859.345703 1891.520752 2060.768311 2119.935791 2215.550049 2304.091797 2329.252197 2296.326416 2231.665283 2363.269287 2505.718018 2645.505859 2709.123047 2645.505859 2505.718018 2363.269287 2231.665283 2296.326416 2329.252197 2304.091797 2215.550049 2119.935791 2060.768311 1891.520752 1859.345703 1814.396729 1769.402710 1730.936279 1717.819580 1728.082031 1641.548828 1624.812500 1614.664551 1607.775146 1594.934570 1579.717285 1562.942871,
 638.110840 644.039246 657.961426 686.041809 730.512085 782.490906 828.619263 1241.818237 1241.709595 1263.263672 1306.986816 1351.009277 1381.950806 1396.428589 1750.544800 1815.846924 1914.254395 1997.688965 2003.165283 1941.850098 1860.729858 2029.894775 2160.443848 2299.913818 2365.903809 2299.913818 2160.443848 2029.894775 1860.729858 1941.850098 2003.165283 1997.688965 1914.254395 1815.846924 1750.544800 1396.428589 1381.950806 1351.009277 1306.986816 1263.263672 1241.709595 1241.818237 828.619263 782.490906 730.512085 686.041809 657.961426 644.039246 638.110840,
 -1336.175171 -1391.659180 -1452.342041 -1455.366333 -1380.815918 -1302.789062 -1281.261353 -40.726273 -97.956032 -100.417938 -35.064018 50.814167 95.826866 83.188919 1249.391235 1256.534058 1350.133789 1460.296265 1487.091553 1433.842407 1363.977905 1821.199463 1906.006470 2043.035156 2116.576172 2043.035156 1906.006470 1821.199463 1363.977905 1433.842407 1487.091553 1460.296265 1350.133789 1256.534058 1249.391235 83.188919 95.826866 50.814167 -35.064018 -100.417938 -97.956032 -40.726273 -1281.261353 -1302.789062 -1380.815918 -1455.366333 -1452.342041 -1391.659180 -1336.175171,

Auto-correlations of the modulus of each oriented sub-band
 4.917508 6.255526 7.489102 8.121173 7.913427 7.077219 6.070054 5.536906 7.006379 8.295352 8.943478 8.716352 7.754225 6.511367 6.992442 9.179368 10.885086 11.305511 10.424522 8.835776 7.085488 7.559191 10.355999 13.269686 14.614511 13.269686 10.355999 7.559191 7.085488 8.835776 10.424522 11.305511 10.885086 9.179368 6.992442 6.511367 7.754225 8.716352 8.943478 8.295352 7.006379 5.536906 6.070054 7.077219 7.913427 8.121173 7.489102 6.255526 4.917508,
 115.735016 127.352051 139.706787 149.668610 154.202332 154.099304 151.967743 139.068329 158.613785 179.145767 192.596680 193.352432 185.148666 173.993042 164.973495 192.952332 222.196014 238.050369 230.738190 209.710571 187.049942 183.810883 213.862427 244.659378 259.358582 244.659378 213.862427 183.810883 187.049942 209.710571 230.738190 238.050369 222.196014 192.952332 164.973495 173.993042 185.148666 193.352432 192.596680 179.145767 158.613785 139.068329 151.967743 154.099304 154.202332 149.668610 139.706787 127.352051 115.735016,
 211.931000 228.785660 245.764267 253.588257 244.864304 225.263687 205.256012 260.055481 299.921478 343.095032 362.635254 340.653076 295.926910 254.863770 304.366791 371.310333 447.658447 483.773163 445.191772 368.253998 301.334137 321.755005 401.300537 494.373383 540.795288 494.373383 401.300537 321.755005 301.334137 368.253998 445.191772 483.773163 447.658447 371.310333 304.366791 254.863770 295.926910 340.653076 362.635254 343.095032 299.921478 260.055481 205.256012 225.263687 244.864304 253.588257 245.764267 228.785660 211.931000,
 52.259399 50.303780 48.751865 46.135693 41.210690 35.764908 31.912567 69.801102 70.988075 73.307915 73.189529 65.925011 55.132492 46.702072 81.153130 88.298027 98.651367 104.362335 94.812943 78.050728 65.283943 79.340744 91.851128 109.371735 119.644455 109.371735 91.851128 79.340744 65.283943 78.050728 94.812943 104.362335 98.651367 88.298027 81.153130 46.702072 55.132492 65.925011 73.189529 73.307915 70.988075 69.801102 31.912567 35.764908 41.210690 46.135693 48.751865 50.303780 52.259399,
 4.415288 5.701647 6.841616 7.444989 7.291489 6.485853 5.355599 5.129807 6.668278 7.966766 8.517437 8.155491 7.126163 5.846168 6.388447 8.624785 10.542122 11.176300 10.236435 8.356511 6.395631 6.951154 9.663514 12.352228 13.552088 12.352228 9.663514 6.951154 6.395631 8.356511 10.236435 11.176300 10.542122 8.624785 6.388447 5.846168 7.126163 8.155491 8.517437 7.966766 6.668278 5.129807 5.355599 6.485853 7.291489 7.444989 6.841616 5.701647 4.415288,
 61.494854 64.986778 68.620911 71.313797 71.532578 68.985466 64.784187 71.717789 79.920433 88.313667 92.651741 90.539040 83.933998 75.787277 81.289841 95.408028 110.683502 117.704643 111.086578 97.368736 83.934799 86.081947 102.652725 121.123291 130.291534 121.123291 102.652725 86.081947 83.934799 97.368736 111.086578 117.704643 110.683502 95.408028 81.289841 75.787277 83.933998 90.539040 92.651741 88.313667 79.920433 71.717789 64.784187 68.985466 71.532578 71.313797 68.620911 64.986778 61.494854,
 130.877762 140.488983 149.435181 151.214523 143.179199 130.119171 117.828217 159.253922 183.546814 207.371689 215.446030 199.645096 170.590057 143.639877 183.496231 225.099960 268.547272 286.574066 262.496246 215.122818 171.828415 188.837372 239.227386 294.107941 320.230835 294.107941 239.227386 188.837372 171.828415 215.122818 262.496246 286.574066 268.547272 225.099960 183.496231 143.639877 170.590057 199.645096 215.446030 207.371689 183.546814 159.253922 117.828217 130.119171 143.179199 151.214523 149.435181 140.488983 130.877762,
 25.713385 25.558001 25.204327 24.027035 21.659367 18.765078 16.160536 34.022182 35.533215 37.085274 37.730843 35.051102 29.248158 23.279121 38.942074 43.810322 50.254356 54.694214 50.704308 40.655178 31.451166 37.681595 46.370331 57.446327 63.525471 57.446327 46.370331 37.681595 31.451166 40.655178 50.704308 54.694214 50.254356 43.810322 38.942074 23.279121 29.248158 35.051102 37.730843 37.085274 35.533215 34.022182 16.160536 18.765078 21.659367 24.027035 25.204327 25.558001 25.713385,
 3.229144 5.048848 6.520343 6.998201 6.349643 4.930239 3.267585 3.996649 6.166104 7.906939 8.328805 7.308435 5.515821 3.736406 4.788224 7.659768 10.268196 10.964820 9.344793 6.647773 4.269744 4.839073 7.948625 11.338425 12.936016 11.338425 7.948625 4.839073 4.269744 6.647773 9.344793 10.964820 10.268196 7.659768 4.788224 3.736406 5.515821 7.308435 8.328805 7.906939 6.166104 3.996649 3.267585 4.930239 6.349643 6.998201 6.520343 5.048848 3.229144,
 13.692218 17.111389 19.511501 20.138649 19.203388 18.150497 17.941916 16.968882 23.529749 28.915625 30.280046 27.533777 23.194792 19.653692 20.420460 30.605082 40.696793 43.771545 38.007462 28.959707 21.427723 22.013279 32.660934 45.117828 51.315754 45.117828 32.660934 22.013279 21.427723 28.959707 38.007462 43.771545 40.696793 30.605082 20.420460 19.653692 23.194792 27.533777 30.280046 28.915625 23.529749 16.968882 17.941916 18.150497 19.203388 20.138649 19.511501 17.111389 13.692218,
 40.972408 48.887131 56.316463 60.118519 58.999958 54.257126 48.945454 49.501545 64.020584 79.048546 86.005737 80.385078 66.624496 53.246403 59.404903 82.657219 107.918221 119.379341 107.460243 82.141457 59.173328 63.049583 90.645935 121.519508 136.265762 121.519508 90.645935 63.049583 59.173328 82.141457 107.460243 119.379341 107.918221 82.657219 59.404903 53.246403 66.624496 80.385078 86.005737 79.048546 64.020584 49.501545 48.945454 54.257126 58.999958 60.118519 56.316463 48.887131 40.972408,
 4.698959 4.808802 4.596252 4.442829 4.413005 4.438299 4.236633 6.238553 6.562334 7.395734 9.015965 9.555066 8.144191 6.069831 7.724874 9.655889 13.387997 17.273220 16.508608 11.873467 7.706693 8.240895 12.313539 18.524441 22.235249 18.524441 12.313539 8.240895 7.706693 11.873467 16.508608 17.273220 13.387997 9.655889 7.724874 6.069831 8.144191 9.555066 9.015965 7.395734 6.562334 6.238553 4.236633 4.438299 4.413005 4.442829 4.596252 4.808802 4.698959,
 -0.393416 1.470437 3.211739 3.937440 3.187816 1.410171 -0.458098 0.158727 2.490099 4.783027 5.746434 4.690367 2.313142 -0.071648 1.639606 5.167174 8.736088 10.270878 8.602747 4.929305 1.312059 2.636874 7.064943 11.576122 13.595646 11.576122 7.064943 2.636874 1.312059 4.929305 8.602747 10.270878 8.736088 5.167174 1.639606 -0.071648 2.313142 4.690367 5.746434 4.783027 2.490099 0.158727 -0.458098 1.410171 3.187816 3.937440 3.211739 1.470437 -0.393416,
 -2.160168 1.332411 4.244373 4.303720 2.523844 1.182715 0.580056 -0.029695 6.305401 12.190824 13.083591 9.212949 5.491564 3.079904 2.162265 11.177331 20.770309 24.017578 17.979488 9.957065 4.026791 3.522937 12.532086 23.447132 29.360523 23.447132 12.532086 3.522937 4.026791 9.957065 17.979488 24.017578 20.770309 11.177331 2.162265 3.079904 5.491564 9.212949 13.083591 12.190824 6.305401 -0.029695 0.580056 1.182715 2.523844 4.303720 4.244373 1.332411 -2.160168,
 9.179819 6.538243 3.825446 2.013686 0.933268 -0.189764 -0.454268 14.922738 19.637180 25.386889 28.418913 25.729078 18.890987 11.969243 20.821140 33.414520 47.956429 55.684132 49.459145 35.037460 21.071537 23.889137 40.523205 58.973900 68.163193 58.973900 40.523205 23.889137 21.071537 35.037460 49.459145 55.684132 47.956429 33.414520 20.821140 11.969243 18.890987 25.729078 28.418913 25.386889 19.637180 14.922738 -0.454268 -0.189764 0.933268 2.013686 3.825446 6.538243 9.179819,
 -2.377068 -3.077089 -2.267803 1.228933 5.640218 7.999448 7.785938 -1.453161 0.120767 4.194319 10.066485 13.786747 12.988089 9.519395 1.429039 6.179100 13.325136 19.616566 20.078669 14.907143 8.523663 5.368714 12.276902 20.204174 24.060310 20.204174 12.276902 5.368714 8.523663 14.907143 20.078669 19.616566 13.325136 6.179100 1.429039 9.519395 12.988089 13.786747 10.066485 4.194319 0.120767 -1.453161 7.785938 7.999448 5.640218 1.228933 -2.267803 -3.077089 -2.377068,

Pairwise cross-correlations of the modulus of all oriented sub-bands at the same scale (size QxQ)
 14.614511 27.372372 25.730984 12.311089,
 27.372372 259.358582 278.833038 42.856869,
 25.730984 278.833038 540.795349 167.668716,
 12.311089 42.856869 167.668716 119.644470,
 13.552089 13.277036 10.934926 5.987974,
 13.277036 130.291550 152.889862 19.499630,
 10.934926 152.889862 320.230835 93.418823,
 5.987974 19.499630 93.418823 63.525471,
 12.936018 7.481966 6.689086 6.192668,
 7.481966 51.315750 60.806229 13.368416,
 6.689086 60.806229 136.265778 38.235687,
 6.192668 13.368416 38.235687 22.235250,
 13.595644 9.100272 5.321576 8.450390,
 9.100272 29.360525 23.342804 8.472645,
 5.321576 23.342804 68.163208 26.439732,
 8.450390 8.472645 26.439732 24.060310,

Cross-correlations of the modulus of all oriented sub-bands with all oriented sub-bands at the coarser scale (size QxQ)
 8.964432 11.628585 10.130054 5.621867,
 21.656742 74.407372 70.970718 9.009041,
 25.217028 91.069366 143.203690 48.790684,
 9.765817 18.338181 56.959435 39.122314,
 8.677400 8.926508 11.337887 6.405661,
 9.646569 38.055828 59.832561 13.302052,
 9.126756 40.495869 91.831375 24.134541,
 3.090061 5.355932 24.125746 11.317068,
 9.779295 8.252357 5.553292 8.029855,
 3.450047 9.557535 11.274393 7.161274,
 2.482988 5.717319 19.622208 10.495037,
 3.187760 1.171569 3.990441 5.851779,

Cross-correlations of the real part of each oriented sub-band with both the real and imaginary part of all phase-doubled oriented sub-bands at the next coarser scale (Q matrices of size 1x2Q, which are computed and stored in a matrix of size Qx2Q)
 -0.789595 -2.100716 -1.856491 -1.692071 1.214342 0.216446 -0.139058 -0.065598,
 -2.084291 -14.791584 -10.472063 -6.793656 0.394870 -1.782435 -2.891329 0.032019,
 -2.023181 -17.924969 -51.705200 -46.861599 -0.184866 -3.974374 -3.398146 -1.708098,
 -0.868029 -5.242628 -37.559837 -34.848598 0.339486 -1.148841 -0.458992 -1.624204,
 -0.685267 -1.260362 -0.025584 -0.469532 -0.516850 -0.586311 -0.192127 -0.064888,
 -1.127960 5.746593 8.931306 0.258449 -0.627451 2.641065 8.680434 3.067060,
 -0.485449 11.775818 13.610490 1.460096 -0.461029 8.913533 23.451004 10.290798,
 -0.135723 1.604401 2.049574 0.695291 -0.118209 2.525091 7.967414 4.714077,
 -0.127090 0.417456 -0.227295 -0.314027 -2.719130 0.843362 0.692467 0.479631,
 -0.114435 1.012634 -3.663061 -1.172893 -0.298436 3.906723 4.079201 1.935906,
 -0.143446 0.562777 -18.234848 -7.877357 0.271806 4.575265 12.801272 7.984450,
 -0.228449 -0.055349 -9.330262 -6.371031 -1.102547 1.228762 7.776473 5.516447,
