Low-band skewness and kurtosis
 -0.459266 2.034987,
 -0.305603 2.045165,
 -0.112299 2.013671,
 0.187448 2.054426,
 0.399609 1.837175,

High-band variance
 1007.602112,

Skewness, kurtosis, variance, mean, maximum and minimum of the reconstructed texture
 -0.619322 1.900660 5757.366699 187.287354 255.000000 1.000000,

Auto-correlations of the low-frequency bands at each scale
 1383.279053 1322.123657 1274.536499 1259.378784 1284.801147 1350.273804 1447.865723 1632.106567 1427.075684 1253.655273 1197.253662 1297.448975 1521.312988 1781.312378 2735.578613 2849.298584 2959.969727 3023.461670 3006.528320 2934.282471 2836.537598 3533.786621 3981.051025 4370.887695 4532.889648 4370.887695 3981.051025 3533.786621 2836.537598 2934.282471 3006.528320 3023.461670 2959.969727 2849.298584 2735.578613 1781.312378 1521.312988 1297.448975 1197.253662 1253.655273 1427.075684 1632.106567 1447.865723 1350.273804 1284.801147 1259.378784 1274.536499 1322.123657 1383.279053,
 1353.996704 1289.181641 1236.655640 1204.909424 1191.754272 1197.158447 1222.916626 1472.699341 1335.169434 1222.653320 1184.286011 1238.033203 1368.519043 1528.022827 2004.010620 2085.475586 2171.563721 2230.356445 2235.341064 2209.955078 2177.355469 2506.336182 2781.032715 3026.662109 3131.109375 3026.662109 2781.032715 2506.336182 2177.355469 2209.955078 2235.341064 2230.356445 2171.563721 2085.475586 2004.010620 1528.022827 1368.519043 1238.033203 1184.286011 1222.653320 1335.169434 1472.699341 1222.916626 1197.158447 1191.754272 1204.909424 1236.655640 1289.181641 1353.996704,
 1034.137695 986.397400 945.392395 920.550293 913.064514 921.250427 943.707458 1223.670654 1134.527954 1055.893921 1015.778992 1025.844360 1079.029419 1149.376221 1674.828735 1711.812866 1749.377197 1767.928711 1752.619385 1721.020142 1685.948853 1982.488770 2133.200684 2270.391113 2330.017090 2270.391113 2133.200684 1982.488770 1685.948853 1721.020142 1752.619385 1767.928711 1749.377197 1711.812866 1674.828735 1149.376221 1079.029419 1025.844360 1015.778992 1055.893921 1134.527954 1223.670654 943.707458 921.250427 913.064514 920.550293 945.392395 986.397400 1034.137695,
 357.185547 388.948486 434.274658 486.025299 530.014343 557.958679 570.158325 858.973145 819.985596 802.435364 814.471069 848.352600 894.550903 941.550171 1431.776978 1428.598999 1422.925781 1405.683105 1368.963135 1329.097778 1303.852661 1606.971558 1691.347900 1772.362427 1808.034790 1772.362427 1691.347900 1606.971558 1303.852661 1329.097778 1368.963135 1405.683105 1422.925781 1428.598999 1431.776978 941.550171 894.550903 848.352600 814.471069 802.435364 819.985596 858.973145 570.158325 557.958679 530.014343 486.025299 434.274658 388.948486 357.185547,
 -977.859741 -998.088013 -1018.093994 -1019.816406 -1002.084839 -982.250854 -971.170776 -66.181984 -82.742081 -84.993225 -67.664932 -44.605984 -32.852402 -35.587715 954.723145 961.499695 991.112915 1023.587891 1032.290283 1016.112854 991.083008 1442.529053 1472.179199 1512.763672 1533.254517 1512.763672 1472.179199 1442.529053 991.083008 1016.112854 1032.290283 1023.587891 991.112915 961.499695 954.723145 -35.587715 -32.852402 -44.605984 -67.664932 -84.993225 -82.742081 -66.181984 -971.170776 -982.250854 -1002.084839 -1019.816406 -1018.093994 -998.088013 -977.859741,

Auto-correlations of the modulus of each oriented sub-band
 6.140813 7.196040 8.044228 8.297220 7.836741 6.891298 5.809341 6.549778 7.680747 8.609476 8.961265 8.566759 7.590333 6.387533 7.578270 9.590547 11.309222 11.948391 11.205049 9.477536 7.477449 8.280803 11.256430 14.399403 15.860431 14.399403 11.256430 8.280803 7.477449 9.477536 11.205049 11.948391 11.309222 9.590547 7.578270 6.387533 7.590333 8.566759 8.961265 8.609476 7.680747 6.549778 5.809341 6.891298 7.836741 8.297220 8.044228 7.196040 6.140813,
 66.873291 72.687561 79.119598 84.690887 88.531616 90.877319 91.877563 84.563896 97.585983 111.656410 120.631088 121.593834 117.685013 112.252174 106.561821 127.135582 149.916687 161.976685 155.942932 140.762421 125.792274 123.583618 145.522247 169.974915 182.225464 169.974915 145.522247 123.583618 125.792274 140.762421 155.942932 161.976685 149.916687 127.135582 106.561821 112.252174 117.685013 121.593834 120.631088 111.656410 97.585983 84.563896 91.877563 90.877319 88.531616 84.690887 79.119598 72.687561 66.873291,
 248.418579 261.075714 272.099335 274.330627 264.750214 250.375671 239.274536 296.856171 335.452637 376.081360 393.092468 371.043640 329.056274 293.245270 344.669250 415.110443 494.873169 532.686829 492.727051 412.870819 344.644104 366.198334 451.216034 550.907043 600.988953 550.907043 451.216034 366.198334 344.644104 412.870819 492.727051 532.686829 494.873169 415.110443 344.669250 293.245270 329.056274 371.043640 393.092468 376.081360 335.452637 296.856171 239.274536 250.375671 264.750214 274.330627 272.099335 261.075714 248.418579,
 94.452919 93.140053 91.293518 87.875908 81.920609 74.431358 67.441612 112.646614 117.987358 122.758423 122.936691 114.308075 99.874886 86.350731 124.341614 139.211441 155.254395 162.554138 151.024750 128.334030 107.769897 122.838409 144.642029 169.380661 181.965973 169.380661 144.642029 122.838409 107.769897 128.334030 151.024750 162.554138 155.254395 139.211441 124.341614 86.350731 99.874886 114.308075 122.936691 122.758423 117.987358 112.646614 67.441612 74.431358 81.920609 87.875908 91.293518 93.140053 94.452919,
 3.731528 4.370920 4.902100 5.113269 4.897633 4.267778 3.428726 3.931895 4.779315 5.512270 5.847230 5.672484 5.045641 4.159518 4.468962 5.963235 7.510004 8.218654 7.622425 6.210711 4.774444 5.040872 7.124011 9.499418 10.650785 9.499418 7.124011 5.040872 4.774444 6.210711 7.622425 8.218654 7.510004 5.963235 4.468962 4.159518 5.045641 5.672484 5.847230 5.512270 4.779315 3.931895 3.428726 4.267778 4.897633 5.113269 4.902100 4.370920 3.731528,
 35.319366 39.413090 43.485752 46.108444 47.500317 47.787090 47.064453 48.175350 57.395046 66.888000 71.733231 71.080978 67.130386 61.519398 62.808197 77.935570 94.070816 101.445847 96.014999 84.263191 72.001038 72.521378 89.283524 107.384201 116.253059 107.384201 89.283524 72.521378 72.001038 84.263191 96.014999 101.445847 94.070816 77.935570 62.808197 61.519398 67.130386 71.080978 71.733231 66.888000 57.395046 48.175350 47.064453 47.787090 47.500317 46.108444 43.485752 39.413090 35.319366,
 109.644287 115.884209 119.475761 116.850540 107.798622 98.493004 94.638031 133.967453 161.844757 190.328217 200.449829 182.128876 150.506073 126.058510 159.325684 211.545578 270.721375 297.561035 266.869202 206.948135 157.158203 170.478836 233.041382 307.252075 344.073944 307.252075 233.041382 170.478836 157.158203 206.948135 266.869202 297.561035 270.721375 211.545578 159.325684 126.058510 150.506073 182.128876 200.449829 190.328217 161.844757 133.967453 94.638031 98.493004 107.798622 116.850540 119.475761 115.884209 109.644287,
 33.760014 34.075394 34.254902 33.833004 32.275341 29.788513 27.339138 41.949657 46.879208 51.922173 54.473946 51.522064 44.407459 37.539417 50.747402 61.173458 72.953415 79.590652 74.007233 60.544582 48.393406 53.932869 67.783554 83.982605 92.242050 83.982605 67.783554 53.932869 48.393406 60.544582 74.007233 79.590652 72.953415 61.173458 50.747402 37.539417 44.407459 51.522064 54.473946 51.922173 46.879208 41.949657 27.339138 29.788513 32.275341 33.833004 34.254902 34.075394 33.760014,
 1.145521 1.321534 1.474681 1.478881 1.330775 1.142124 1.013459 1.161504 1.360725 1.625281 1.805814 1.776979 1.549335 1.266066 1.202432 1.944066 2.903813 3.497398 3.264189 2.417929 1.565294 1.633192 3.028045 4.664448 5.462262 4.664448 3.028045 1.633192 1.565294 2.417929 3.264189 3.497398 2.903813 1.944066 1.202432 1.266066 1.549335 1.776979 1.805814 1.625281 1.360725 1.161504 1.013459 1.142124 1.330775 1.478881 1.474681 1.321534 1.145521,
 20.440416 22.035065 24.263996 26.009895 26.130772 23.975891 20.409719 23.706802 27.441347 32.414783 35.736702 35.505344 32.030693 27.020744 28.192818 35.680344 44.884514 49.882748 46.962120 39.350815 31.549042 31.770109 41.170124 52.074234 57.509438 52.074234 41.170124 31.770109 31.549042 39.350815 46.962120 49.882748 44.884514 35.680344 28.192818 27.020744 32.030693 35.505344 35.736702 32.414783 27.441347 23.706802 20.409719 23.975891 26.130772 26.009895 24.263996 22.035065 20.440416,
 48.346481 57.238190 66.631142 72.702637 71.096199 62.785950 51.452209 64.258331 82.486168 102.704994 114.924095 109.249138 90.474251 70.113419 78.626152 108.880737 143.777100 163.370071 149.819824 116.223938 84.480019 87.277000 123.906776 165.706085 186.750275 165.706085 123.906776 87.277000 84.480019 116.223938 149.819824 163.370071 143.777100 108.880737 78.626152 70.113419 90.474251 109.249138 114.924095 102.704994 82.486168 64.258331 51.452209 62.785950 71.096199 72.702637 66.631142 57.238190 48.346481,
 10.122606 10.714470 11.237756 11.120543 9.546256 6.563496 4.094659 15.670856 18.331055 21.274656 22.721088 19.619894 13.164783 8.095428 18.905214 24.729780 32.195251 36.626953 31.587358 21.250002 13.381445 17.888575 26.179249 37.333977 43.559891 37.333977 26.179249 17.888575 13.381445 21.250002 31.587358 36.626953 32.195251 24.729780 18.905214 8.095428 13.164783 19.619894 22.721088 21.274656 18.331055 15.670856 4.094659 6.563496 9.546256 11.120543 11.237756 10.714470 10.122606,
 0.253069 0.868439 1.361028 1.595524 1.451001 0.943848 0.259145 0.491556 1.185014 1.672198 1.865922 1.728771 1.265220 0.576951 0.747726 1.730270 2.522764 2.846333 2.569516 1.825877 0.896036 1.024360 2.226736 3.331501 3.816901 3.331501 2.226736 1.024360 0.896036 1.825877 2.569516 2.846333 2.522764 1.730270 0.747726 0.576951 1.265220 1.728771 1.865922 1.672198 1.185014 0.491556 0.259145 0.943848 1.451001 1.595524 1.361028 0.868439 0.253069,
 0.089031 -0.393429 -1.118814 -1.375378 -0.725636 -0.174937 -0.847063 2.161892 3.037371 3.627172 3.349672 2.524359 1.482305 -0.188926 4.312956 8.315931 12.586213 13.592422 10.387885 6.078763 2.502681 4.666609 9.791542 16.343628 19.831593 16.343628 9.791542 4.666609 2.502681 6.078763 10.387885 13.592422 12.586213 8.315931 4.312956 -0.188926 1.482305 2.524359 3.349672 3.627172 3.037371 2.161892 -0.847063 -0.174937 -0.725636 -1.375378 -1.118814 -0.393429 0.089031,
 30.610874 29.552504 24.204460 14.970489 4.146905 -5.971128 -15.432117 30.286198 37.667866 42.386940 40.103512 29.324280 14.204564 -1.042197 31.828253 49.304680 65.657478 71.193535 59.844765 38.630722 16.854242 29.109634 52.604702 75.806076 86.599731 75.806076 52.604702 29.109634 16.854242 38.630722 59.844765 71.193535 65.657478 49.304680 31.828253 -1.042197 14.204564 29.324280 40.103512 42.386940 37.667866 30.286198 -15.432117 -5.971128 4.146905 14.970489 24.204460 29.552504 30.610874,
 19.243204 17.399824 13.239947 7.613220 1.080916 -6.243481 -13.857023 18.053017 20.022236 19.763859 17.311035 11.819774 2.846702 -7.650210 14.057571 20.120169 25.017309 26.696018 22.000845 11.545328 -0.071619 7.640782 17.474236 26.824270 31.087769 26.824270 17.474236 7.640782 -0.071619 11.545328 22.000845 26.696018 25.017309 20.120169 14.057571 -7.650210 2.846702 11.819774 17.311035 19.763859 20.022236 18.053017 -13.857023 -6.243481 1.080916 7.613220 13.239947 17.399824 19.243204,

Pairwise cross-correlations of the modulus of all oriented sub-bands at the same scale (size QxQ)
 15.860434 19.651663 21.548666 20.087410,
 19.651663 182.225479 228.796677 52.272705,
 21.548666 228.796677 600.989014 233.351929,
 20.087410 52.272705 233.351929 181.965973,
 10.650785 10.704321 12.609235 11.161195,
 10.704321 116.253067 143.730652 30.707420,
 12.609235 143.730652 344.073975 120.917557,
 11.161195 30.707420 120.917557 92.242050,
 5.462263 4.833225 4.523777 4.813077,
 4.833225 57.509441 77.390053 11.478949,
 4.523777 77.390053 186.750290 49.880554,
 4.813077 11.478949 49.880554 43.559898,
 3.816901 3.123959 1.116091 0.002376,
 3.123959 19.831594 20.307426 0.545175,
 1.116091 20.307426 86.599739 37.337494,
 0.002376 0.545175 37.337494 31.087769,

Cross-correlations of the modulus of all oriented sub-bands with all oriented sub-bands at the coarser scale (size QxQ)
 8.369098 10.446546 9.620074 11.293169,
 14.052052 64.707352 73.578163 21.577433,
 20.970329 80.097725 156.284073 75.055931,
 15.033642 23.076162 64.020187 56.272644,
 4.399062 6.446783 9.068674 5.242767,
 7.253707 31.742506 30.306278 3.854100,
 10.980381 37.550652 50.737305 21.388788,
 6.409081 7.645888 17.419930 20.114441,
 1.818961 2.662106 2.506178 1.528940,
 3.279532 11.990322 6.142802 -5.813250,
 5.578057 11.932364 15.437024 -4.609443,
 2.804831 -1.101120 8.119577 8.840471,

Cross-correlations of the real part of each oriented sub-band with both the real and imaginary part of all phase-doubled oriented sub-bands at the next coarser scale (Q matrices of size 1x2Q, which are computed and stored in a matrix of size Qx2Q)
 -1.829875 -2.296234 -2.019582 -4.260862 1.490804 0.513117 0.490157 -0.156588,
 -2.444099 -31.333427 -20.542389 -1.165424 0.489706 8.721340 7.374656 -0.345526,
 -3.244306 -36.944469 -14.907046 -17.385878 0.161023 11.021476 6.066747 -3.117266,
 -3.588129 -4.510707 0.080560 -24.689058 0.842639 1.284682 -0.463050 -1.732872,
 -0.816795 -1.294476 -1.433410 -2.544947 0.161432 -0.099857 -0.497419 -1.193175,
 -0.894142 -14.666441 -1.304358 2.247712 0.043883 -8.044660 -12.687222 -1.302172,
 -1.186742 -12.749826 13.346302 -4.594166 0.132783 -13.427836 -24.493792 -11.244017,
 -1.507090 0.303414 3.724205 -14.275340 0.315030 -2.583589 -7.931301 -11.251632,
 -0.688168 -0.052361 -0.692525 -0.729745 0.238837 -0.525322 -0.171655 -0.668037,
 -0.092750 -5.892091 -14.861343 -4.150492 0.264036 -3.938000 -3.463154 -2.742803,
 0.203536 -12.210810 -42.008698 -16.705177 0.048693 -6.648649 -24.477592 -16.146851,
 -0.334157 -3.876464 -18.846216 -10.442213 -0.111130 -2.782394 -15.865657 -11.522141,
