Low-band skewness and kurtosis
 -0.545451 2.103592,
 -0.317657 1.936895,
 -0.030321 1.749431,
 0.003512 1.739874,
 0.314869 1.692303,

High-band variance
 923.666199,

Skewness, kurtosis, variance, mean, maximum and minimum of the reconstructed texture
 -0.694511 2.004242 5677.125000 190.309998 255.000000 4.000000,

Auto-correlations of the low-frequency bands at each scale
 1021.237610 1039.017212 1059.823975 1081.442139 1101.208008 1122.471069 1145.463379 1290.481201 1181.584473 1095.544556 1036.126465 1000.266907 990.754089 1004.497375 3237.466797 3144.273926 3047.366455 2937.021973 2802.177490 2656.842773 2518.309570 4269.755859 4399.959473 4500.652344 4541.162109 4500.652344 4399.959473 4269.755859 2518.309570 2656.842773 2802.177490 2937.021973 3047.366455 3144.273926 3237.466797 1004.497375 990.754089 1000.266907 1036.126465 1095.544556 1181.584473 1290.481201 1145.463379 1122.471069 1101.208008 1081.442139 1059.823975 1039.017212 1021.237610,
 1092.670898 1106.637939 1122.989258 1142.749268 1166.107422 1192.379395 1217.523682 1055.262085 999.400879 955.256958 926.900085 915.076050 922.061401 944.394592 2259.080322 2210.905762 2155.463867 2083.307129 1987.572266 1886.969116 1801.428833 2953.176270 3041.650391 3117.459473 3150.016602 3117.459473 3041.650391 2953.176270 1801.428833 1886.969116 1987.572266 2083.307129 2155.463867 2210.905762 2259.080322 944.394592 922.061401 915.076050 926.900085 955.256958 999.400879 1055.262085 1217.523682 1192.379395 1166.107422 1142.749268 1122.989258 1106.637939 1092.670898,
 1124.429565 1134.699951 1141.569824 1142.006836 1136.484863 1130.060547 1122.964966 1074.554688 1060.298096 1053.533081 1049.983398 1048.243042 1055.767090 1072.022217 1688.189575 1678.294067 1668.311401 1643.830322 1598.587036 1553.429565 1524.662231 2084.309082 2134.895508 2186.063477 2210.018555 2186.063477 2134.895508 2084.309082 1524.662231 1553.429565 1598.587036 1643.830322 1668.311401 1678.294067 1688.189575 1072.022217 1055.767090 1048.243042 1049.983398 1053.533081 1060.298096 1074.554688 1122.964966 1130.060547 1136.484863 1142.006836 1141.569824 1134.699951 1124.429565,
 276.297546 281.977478 293.149017 307.555847 322.827972 338.499878 351.961853 820.653381 805.104553 796.056274 790.595764 788.695312 797.130432 816.565491 1429.736694 1431.325684 1431.625488 1417.928711 1384.356445 1348.258301 1325.699341 1650.436401 1690.355103 1731.599609 1750.980225 1731.599609 1690.355103 1650.436401 1325.699341 1348.258301 1384.356445 1417.928711 1431.625488 1431.325684 1429.736694 816.565491 797.130432 788.695312 790.595764 796.056274 805.104553 820.653381 351.961853 338.499878 322.827972 307.555847 293.149017 281.977478 276.297546,
 -916.517822 -923.658142 -938.809082 -950.046387 -949.940430 -941.438782 -930.490112 -138.524902 -139.769592 -144.536331 -148.516388 -151.611191 -152.538727 -149.492371 924.586121 934.317322 946.958801 953.456421 944.615906 929.146301 919.596619 1473.829712 1492.087646 1516.890991 1529.753540 1516.890991 1492.087646 1473.829712 919.596619 929.146301 944.615906 953.456421 946.958801 934.317322 924.586121 -149.492371 -152.538727 -151.611191 -148.516388 -144.536331 -139.769592 -138.524902 -930.490112 -941.438782 -949.940430 -950.046387 -938.809082 -923.658142 -916.517822,

Auto-correlations of the modulus of each oriented sub-band
 3.185107 4.418243 5.448621 5.839585 5.390224 4.316631 3.062433 3.506639 4.867562 6.014756 6.456670 5.961193 4.771218 3.385345 3.951060 5.548307 6.925820 7.473178 6.893072 5.489810 3.871662 4.225643 6.029029 7.618170 8.271736 7.618170 6.029029 4.225643 3.871662 5.489810 6.893072 7.473178 6.925820 5.548307 3.951060 3.385345 4.771218 5.961193 6.456670 6.014756 4.867562 3.506639 3.062433 4.316631 5.390224 5.839585 5.448621 4.418243 3.185107,
 24.065281 25.871092 27.350309 27.443974 26.303965 24.839190 23.761578 36.589771 41.483223 46.007584 47.108681 44.673180 40.918839 37.865284 50.072598 58.491535 67.238152 70.292038 65.810463 58.076588 51.561413 56.826385 66.072365 76.643951 81.744049 76.643951 66.072365 56.826385 51.561413 58.076588 65.810463 70.292038 67.238152 58.491535 50.072598 37.865284 40.918839 44.673180 47.108681 46.007584 41.483223 36.589771 23.761578 24.839190 26.303965 27.443974 27.350309 25.871092 24.065281,
 219.413040 220.989075 222.907181 222.674362 218.446945 211.701904 205.089828 357.588623 369.794922 380.568298 384.041809 376.561890 361.048584 343.078979 507.017029 536.881165 561.749817 571.264038 559.284607 531.259094 497.212769 572.228210 613.559937 647.686157 661.642212 647.686157 613.559937 572.228210 497.212769 531.259094 559.284607 571.264038 561.749817 536.881165 507.017029 343.078979 361.048584 376.561890 384.041809 380.568298 369.794922 357.588623 205.089828 211.701904 218.446945 222.674362 222.907181 220.989075 219.413040,
 51.411457 51.085594 50.826572 50.635750 50.148937 49.024284 47.357426 78.159309 78.946472 79.458450 79.467041 78.090363 74.841232 70.578545 105.204048 109.062668 112.261986 113.617920 111.251106 105.435989 98.431938 114.428757 121.498062 127.650360 130.345612 127.650360 121.498062 114.428757 98.431938 105.435989 111.251106 113.617920 112.261986 109.062668 105.204048 70.578545 74.841232 78.090363 79.467041 79.458450 78.946472 78.159309 47.357426 49.024284 50.148937 50.635750 50.826572 51.085594 51.411457,
 1.950372 2.652567 3.227148 3.427005 3.149863 2.527533 1.812606 2.124122 2.863099 3.510847 3.782786 3.512068 2.808957 1.964880 2.731224 3.839707 4.859187 5.312875 4.904169 3.827067 2.580560 3.073606 4.537398 5.886600 6.458131 5.886600 4.537398 3.073606 2.580560 3.827067 4.904169 5.312875 4.859187 3.839707 2.731224 1.964880 2.808957 3.512068 3.782786 3.510847 2.863099 2.124122 1.812606 2.527533 3.149863 3.427005 3.227148 2.652567 1.950372,
 7.816566 9.210767 10.458538 10.642599 9.944740 9.047866 8.414530 15.821530 18.785246 21.783552 22.067596 19.819727 17.472040 16.059845 25.012392 29.317228 34.890697 36.595146 32.659260 27.837992 25.085268 29.286636 33.449944 40.086494 43.925964 40.086494 33.449944 29.286636 25.085268 27.837992 32.659260 36.595146 34.890697 29.317228 25.012392 16.059845 17.472040 19.819727 22.067596 21.783552 18.785246 15.821530 8.414530 9.047866 9.944740 10.642599 10.458538 9.210767 7.816566,
 64.961121 70.426117 74.996109 76.748444 73.676102 69.176361 65.785294 157.478165 169.068848 176.998581 177.844437 168.743668 154.762939 140.438644 260.355225 282.801147 299.213715 303.382721 290.498688 267.357788 241.102783 299.683167 330.127319 354.867920 365.496338 354.867920 330.127319 299.683167 241.102783 267.357788 290.498688 303.382721 299.213715 282.801147 260.355225 140.438644 154.762939 168.743668 177.844437 176.998581 169.068848 157.478165 65.785294 69.176361 73.676102 76.748444 74.996109 70.426117 64.961121,
 18.938608 18.730497 18.215862 17.688435 17.113705 16.143965 14.861261 36.927994 37.840847 38.345688 38.261700 36.524994 32.752964 28.288399 55.167381 59.117607 62.854267 64.535172 61.616230 54.866646 47.541405 60.204819 67.445778 74.545609 77.817734 74.545609 67.445778 60.204819 47.541405 54.866646 61.616230 64.535172 62.854267 59.117607 55.167381 28.288399 32.752964 36.524994 38.261700 38.345688 37.840847 36.927994 14.861261 16.143965 17.113705 17.688435 18.215862 18.730497 18.938608,
 1.491536 2.016088 2.484653 2.698463 2.546608 2.103397 1.551499 1.678344 2.293393 2.876841 3.184906 3.078553 2.642301 2.079247 2.242513 3.141958 4.002819 4.446874 4.246212 3.549290 2.705638 2.829787 3.941398 4.973970 5.413466 4.973970 3.941398 2.829787 2.705638 3.549290 4.246212 4.446874 4.002819 3.141958 2.242513 2.079247 2.642301 3.078553 3.184906 2.876841 2.293393 1.678344 1.551499 2.103397 2.546608 2.698463 2.484653 2.016088 1.491536,
 4.470306 4.904674 5.188015 5.347567 5.383505 5.316966 5.065113 7.862188 9.596386 10.625893 10.095593 8.914223 8.221811 7.772001 10.364047 13.270819 16.409906 16.544188 13.683306 11.297771 10.276074 11.293573 13.564786 17.598757 20.069550 17.598757 13.564786 11.293573 10.276074 11.297771 13.683306 16.544188 16.409906 13.270819 10.364047 7.772001 8.221811 8.914223 10.095593 10.625893 9.596386 7.862188 5.065113 5.316966 5.383505 5.347567 5.188015 4.904674 4.470306,
 28.994761 32.582020 34.654129 34.109447 31.421234 28.687529 27.131105 63.556278 71.437706 76.505890 76.151283 69.993698 61.478004 53.999714 94.751740 108.794487 119.461655 121.839249 113.732513 99.645363 85.209778 103.998779 121.489571 136.732758 143.240005 136.732758 121.489571 103.998779 85.209778 99.645363 113.732513 121.839249 119.461655 108.794487 94.751740 53.999714 61.478004 69.993698 76.151283 76.505890 71.437706 63.556278 27.131105 28.687529 31.421234 34.109447 34.654129 32.582020 28.994761,
 5.808472 5.932151 5.927989 5.801401 5.373004 4.703116 3.780997 11.348525 12.048173 13.197836 14.465996 14.012793 11.354575 8.352473 15.875698 18.107613 22.239817 25.933207 24.350290 18.552509 13.704414 16.859348 21.251387 28.196686 32.260803 28.196686 21.251387 16.859348 13.704414 18.552509 24.350290 25.933207 22.239817 18.107613 15.875698 8.352473 11.354575 14.012793 14.465996 13.197836 12.048173 11.348525 3.780997 4.703116 5.373004 5.801401 5.927989 5.932151 5.808472,
 0.014551 0.296063 0.663270 0.908423 0.829851 0.446522 -0.059063 0.528466 0.934356 1.418231 1.696984 1.536156 1.020313 0.416179 1.022683 1.775238 2.595544 3.004871 2.686803 1.864015 1.013664 1.290958 2.284830 3.335369 3.820053 3.335369 2.284830 1.290958 1.013664 1.864015 2.686803 3.004871 2.595544 1.775238 1.022683 0.416179 1.020313 1.536156 1.696984 1.418231 0.934356 0.528466 -0.059063 0.446522 0.829851 0.908423 0.663270 0.296063 0.014551,
 1.817077 1.599989 1.422128 1.244703 0.694864 -0.103394 -0.626454 2.241050 2.767606 3.335983 3.185765 1.954378 0.513240 -0.395392 2.416799 4.065487 6.105449 6.607306 4.545437 2.073299 0.589854 1.780101 3.774888 6.814130 8.650465 6.814130 3.774888 1.780101 0.589854 2.073299 4.545437 6.607306 6.105449 4.065487 2.416799 -0.395392 0.513240 1.954378 3.185765 3.335983 2.767606 2.241050 -0.626454 -0.103394 0.694864 1.244703 1.422128 1.599989 1.817077,
 16.680983 15.860104 13.872783 10.366568 4.934354 -1.765330 -8.063292 21.571217 25.540821 27.657417 26.581024 21.123447 12.265263 2.590167 28.114828 38.627514 46.404591 48.608429 43.132870 31.770267 18.233274 28.739525 43.283558 54.931374 59.681320 54.931374 43.283558 28.739525 18.233274 31.770267 43.132870 48.608429 46.404591 38.627514 28.114828 2.590167 12.265263 21.123447 26.581024 27.657417 25.540821 21.571217 -8.063292 -1.765330 4.934354 10.366568 13.872783 15.860104 16.680983,
 3.690304 3.781935 4.545675 5.424624 5.362429 4.255477 2.828650 5.667679 6.502798 8.282418 9.954068 9.713683 7.416619 4.647194 7.169166 9.332841 12.688980 15.165535 14.023981 10.077531 6.242104 7.329267 10.878280 15.398010 17.742762 15.398010 10.878280 7.329267 6.242104 10.077531 14.023981 15.165535 12.688980 9.332841 7.169166 4.647194 7.416619 9.713683 9.954068 8.282418 6.502798 5.667679 2.828650 4.255477 5.362429 5.424624 4.545675 3.781935 3.690304,

Pairwise cross-correlations of the modulus of all oriented sub-bands at the same scale (size QxQ)
 8.271737 4.294648 2.952152 6.269146,
 4.294648 81.744057 205.697464 77.280365,
 2.952152 205.697464 661.642151 270.421112,
 6.269146 77.280365 270.421112 130.345596,
 6.458131 5.529963 5.970623 8.355495,
 5.529963 43.925964 106.231201 43.651012,
 5.970623 106.231201 365.496338 148.798737,
 8.355495 43.651012 148.798737 77.817741,
 5.413466 3.186628 3.621853 2.423277,
 3.186628 20.069551 43.360035 14.714005,
 3.621853 43.360035 143.240005 56.258217,
 2.423277 14.714005 56.258217 32.260811,
 3.820053 1.305040 1.850439 3.539804,
 1.305040 8.650465 17.464493 6.825377,
 1.850439 17.464493 59.681313 23.047998,
 3.539804 6.825377 23.047998 17.742764,

Cross-correlations of the modulus of all oriented sub-bands with all oriented sub-bands at the coarser scale (size QxQ)
 5.838961 4.567985 -0.042246 6.759000,
 4.075652 19.320356 47.256855 21.688629,
 7.235563 50.498817 158.717102 68.979271,
 6.668284 21.893761 67.812447 36.692696,
 3.877442 3.401662 1.969467 2.328713,
 5.906614 9.041683 16.562298 6.967522,
 10.856281 18.279303 55.313774 23.659672,
 8.195259 8.940177 22.260422 12.478425,
 3.341138 1.658977 2.076185 4.856640,
 3.764293 0.119903 -1.058041 3.370123,
 9.116346 4.145856 14.885307 11.011549,
 4.325785 4.453422 13.435995 8.421143,

Cross-correlations of the real part of each oriented sub-band with both the real and imaginary part of all phase-doubled oriented sub-bands at the next coarser scale (Q matrices of size 1x2Q, which are computed and stored in a matrix of size Qx2Q)
 -0.912029 -0.552110 -0.246606 -0.528868 0.661906 0.108582 0.021347 -0.310780,
 -0.461692 -15.193383 -32.925156 -12.063638 0.364488 7.211237 22.852028 7.767980,
 -0.076304 -36.078041 -100.828316 -42.018909 0.130359 23.245056 69.950821 21.195021,
 -0.425169 -12.217933 -40.540344 -19.420771 0.328818 9.466372 26.557255 6.298927,
 -0.291790 -0.531130 -0.305641 -0.434799 -0.315062 -0.157752 -0.097226 0.082346,
 -0.200626 -10.961900 -23.134691 -7.777492 -0.019004 9.928541 31.552464 10.398142,
 -0.014817 -25.963449 -73.208809 -30.365582 -0.122099 31.823198 100.515854 33.306843,
 -0.140855 -9.260353 -31.206118 -15.720573 -0.340173 12.498042 39.969315 13.095990,
 -1.351343 -0.500866 0.059937 -0.464543 0.494298 -0.139097 -0.324586 0.033186,
 -0.441616 2.978605 19.856749 6.299859 0.198750 -2.922487 -10.100917 -3.080400,
 -0.122621 14.902502 71.836960 25.396152 0.021348 -7.224690 -30.412613 -10.551377,
 -0.691073 6.642187 32.652458 12.119400 0.162873 -2.697478 -12.494500 -4.315876,
