Low-band skewness and kurtosis
 -0.494877 2.181226,
 -0.368944 2.375453,
 -0.025715 2.070485,
 0.191562 1.786503,
 0.146584 1.543764,

High-band variance
 1047.806641,

Skewness, kurtosis, variance, mean, maximum and minimum of the reconstructed texture
 -0.646840 1.946582 5620.812012 188.706726 255.000000 10.000000,

Auto-correlations of the low-frequency bands at each scale
 74.465042 93.584480 122.838371 157.944214 195.193298 234.508362 271.852295 438.317047 266.788971 131.400101 39.493927 -10.727005 -19.306549 5.407196 2829.187012 2685.517334 2528.664795 2351.519531 2145.246338 1928.784546 1724.840698 3935.949463 4122.364258 4262.556641 4317.768066 4262.556641 4122.364258 3935.949463 1724.840698 1928.784546 2145.246338 2351.519531 2528.664795 2685.517334 2829.187012 5.407196 -19.306549 -10.727005 39.493927 131.400101 266.788971 438.317047 271.852295 234.508362 195.193298 157.944214 122.838371 93.584480 74.465042,
 367.502502 401.558899 446.451202 499.380676 555.697815 610.879089 659.263123 309.951874 202.017776 118.709732 64.615906 38.964336 42.592148 71.517189 1663.361328 1571.925171 1467.666626 1343.838745 1195.556519 1044.974487 915.942871 2316.712891 2444.103760 2545.284668 2586.875977 2545.284668 2444.103760 2316.712891 915.942871 1044.974487 1195.556519 1343.838745 1467.666626 1571.925171 1663.361328 71.517189 42.592148 38.964336 64.615906 118.709732 202.017776 309.951874 659.263123 610.879089 555.697815 499.380676 446.451202 401.558899 367.502502,
 592.655029 606.327393 625.786865 645.956848 658.726562 664.683838 667.724976 629.008850 596.047852 577.295959 570.879333 569.499207 576.172974 593.613098 1074.558594 1045.585083 1015.170349 972.949402 910.154602 845.525574 797.748047 1260.959106 1323.226318 1380.910522 1407.108643 1380.910522 1323.226318 1260.959106 797.748047 845.525574 910.154602 972.949402 1015.170349 1045.585083 1074.558594 593.613098 576.172974 569.499207 570.879333 577.295959 596.047852 629.008850 667.724976 664.683838 658.726562 645.956848 625.786865 606.327393 592.655029,
 289.005707 300.203949 311.378082 320.814209 325.830597 325.126678 318.515961 500.446625 492.312592 497.671417 512.004272 527.413574 544.501038 564.006348 831.487671 823.579041 821.668152 813.562439 788.006653 760.190735 746.501831 943.274719 977.547119 1016.335205 1035.698853 1016.335205 977.547119 943.274719 746.501831 760.190735 788.006653 813.562439 821.668152 823.579041 831.487671 564.006348 544.501038 527.413574 512.004272 497.671417 492.312592 500.446625 318.515961 325.126678 325.830597 320.814209 311.378082 300.203949 289.005707,
 -592.414124 -596.814758 -599.653259 -598.537048 -592.617371 -586.884094 -585.576599 -0.256928 -10.600122 -21.731707 -24.830912 -18.237761 -7.851704 -0.093136 591.975464 593.417297 597.683960 600.940125 595.425049 587.121155 585.176880 844.549927 856.119934 876.831726 888.663330 876.831726 856.119934 844.549927 585.176880 587.121155 595.425049 600.940125 597.683960 593.417297 591.975464 -0.093136 -7.851704 -18.237761 -24.830912 -21.731707 -10.600122 -0.256928 -585.576599 -586.884094 -592.617371 -598.537048 -599.653259 -596.814758 -592.414124,

Auto-correlations of the modulus of each oriented sub-band
 3.160836 4.570026 5.771436 6.238848 5.725016 4.479342 3.023138 3.496297 4.965127 6.210746 6.691910 6.148165 4.839725 3.311880 4.053782 5.779315 7.277692 7.874922 7.229774 5.674249 3.886724 4.360006 6.366097 8.146862 8.882625 8.146862 6.366097 4.360006 3.886724 5.674249 7.229774 7.874922 7.277692 5.779315 4.053782 3.311880 4.839725 6.148165 6.691910 6.210746 4.965127 3.496297 3.023138 4.479342 5.725016 6.238848 5.771436 4.570026 3.160836,
 14.895174 16.188255 17.625242 17.983410 16.755663 14.726523 13.030441 26.319838 31.376846 36.612591 38.305550 35.392139 30.395042 26.139345 40.435020 50.079845 60.690323 64.830292 59.307091 49.412701 41.105133 47.602200 58.758343 71.899979 78.360695 71.899979 58.758343 47.602200 41.105133 49.412701 59.307091 64.830292 60.690323 50.079845 40.435020 26.139345 30.395042 35.392139 38.305550 36.612591 31.376846 26.319838 13.030441 14.726523 16.755663 17.983410 17.625242 16.188255 14.895174,
 188.679062 186.056351 182.872101 176.873230 166.179596 152.183090 137.823563 326.699799 338.758911 347.591431 346.744690 331.757019 305.880737 276.299469 478.294586 514.580627 543.452942 552.165771 532.998352 492.720276 444.599457 536.786255 590.548279 634.797791 652.802490 634.797791 590.548279 536.786255 444.599457 492.720276 532.998352 552.165771 543.452942 514.580627 478.294586 276.299469 305.880737 331.757019 346.744690 347.591431 338.758911 326.699799 137.823563 152.183090 166.179596 176.873230 182.872101 186.056351 188.679062,
 47.362522 45.663506 43.819469 41.562065 38.530155 34.772888 30.791782 79.028923 79.575401 79.201096 77.461334 73.632828 67.632271 60.621010 109.473389 114.532883 118.138893 118.807388 114.644691 106.224686 96.243744 117.936142 127.502686 135.487381 138.888184 135.487381 127.502686 117.936142 96.243744 106.224686 114.644691 118.807388 118.138893 114.532883 109.473389 60.621010 67.632271 73.632828 77.461334 79.201096 79.575401 79.028923 30.791782 34.772888 38.530155 41.562065 43.819469 45.663506 47.362522,
 1.650504 2.526696 3.300678 3.606786 3.274315 2.486683 1.595870 1.840437 2.774625 3.619995 3.978191 3.644403 2.788576 1.794373 2.315840 3.532072 4.670102 5.179040 4.732147 3.577022 2.287243 2.671438 4.193954 5.636895 6.259247 5.636895 4.193954 2.671438 2.287243 3.577022 4.732147 5.179040 4.670102 3.532072 2.315840 1.794373 2.788576 3.644403 3.978191 3.619995 2.774625 1.840437 1.595870 2.486683 3.274315 3.606786 3.300678 2.526696 1.650504,
 12.974217 14.363017 15.432858 15.863213 15.922643 15.663253 15.235387 20.648129 23.533594 26.591911 27.176386 25.685120 24.198763 23.312572 30.052273 34.238514 40.196255 42.124130 38.237263 33.891308 31.734165 34.979614 38.755226 45.667225 49.913536 45.667225 38.755226 34.979614 31.734165 33.891308 38.237263 42.124130 40.196255 34.238514 30.052273 23.312572 24.198763 25.685120 27.176386 26.591911 23.533594 20.648129 15.235387 15.663253 15.922643 15.863213 15.432858 14.363017 12.974217,
 120.073303 124.950073 129.020508 130.879639 129.785187 127.322998 125.153534 200.352661 214.305511 224.848251 228.438934 223.298752 212.363892 199.169312 300.187805 328.407440 349.660339 356.898865 346.121887 322.414093 292.781982 343.922791 381.202698 410.403015 422.239014 410.403015 381.202698 343.922791 292.781982 322.414093 346.121887 356.898865 349.660339 328.407440 300.187805 199.169312 212.363892 223.298752 228.438934 224.848251 214.305511 200.352661 125.153534 127.322998 129.785187 130.879639 129.020508 124.950073 120.073303,
 26.547104 26.106201 25.632294 25.374294 24.961277 23.955681 22.470936 44.140564 45.199554 46.250610 47.199333 46.668129 43.850082 39.870483 65.643906 70.041168 74.413452 77.254028 75.438370 69.200638 61.808590 74.223610 82.009903 89.508728 93.033249 89.508728 82.009903 74.223610 61.808590 69.200638 75.438370 77.254028 74.413452 70.041168 65.643906 39.870483 43.850082 46.668129 47.199333 46.250610 45.199554 44.140564 22.470936 23.955681 24.961277 25.374294 25.632294 26.106201 26.547104,
 1.334283 1.851237 2.150338 2.117536 1.776082 1.265326 0.732283 1.781549 2.552638 3.101034 3.210040 2.830443 2.114157 1.314700 2.191993 3.376611 4.408358 4.823507 4.365386 3.261465 2.022811 2.389872 3.859825 5.221147 5.806070 5.221147 3.859825 2.389872 2.022811 3.261465 4.365386 4.823507 4.408358 3.376611 2.191993 1.314700 2.114157 2.830443 3.210040 3.101034 2.552638 1.781549 0.732283 1.265326 1.776082 2.117536 2.150338 1.851237 1.334283,
 4.427105 5.185034 5.746259 6.230280 6.775462 6.791008 5.746396 5.685858 7.785480 8.963298 8.578249 7.882186 7.790691 7.261253 6.722804 10.273664 13.978925 14.168482 11.130067 8.960642 8.116334 7.745128 10.303770 14.943278 17.931213 14.943278 10.303770 7.745128 8.116334 8.960642 11.130067 14.168482 13.978925 10.273664 6.722804 7.261253 7.790691 7.882186 8.578249 8.963298 7.785480 5.685858 5.746396 6.791008 6.775462 6.230280 5.746259 5.185034 4.427105,
 27.570227 32.294952 36.856045 39.422951 39.391224 38.225494 36.668304 43.280178 50.977398 57.513897 59.857006 56.879665 51.663555 46.389294 71.013435 85.336472 97.205444 101.311249 94.835800 82.708023 69.675163 84.967476 102.970192 118.733459 125.747925 118.733459 102.970192 84.967476 69.675163 82.708023 94.835800 101.311249 97.205444 85.336472 71.013435 46.389294 51.663555 56.879665 59.857006 57.513897 50.977398 43.280178 36.668304 38.225494 39.391224 39.422951 36.856045 32.294952 27.570227,
 2.951018 2.600788 2.393511 2.332143 2.316903 2.105108 1.889479 7.169451 7.061180 7.387875 7.982965 7.935117 6.670298 5.264007 14.050589 15.768209 18.245722 20.338736 19.316851 15.562837 12.019142 16.716324 20.533049 25.333313 27.941837 25.333313 20.533049 16.716324 12.019142 15.562837 19.316851 20.338736 18.245722 15.768209 14.050589 5.264007 6.670298 7.935117 7.982965 7.387875 7.061180 7.169451 1.889479 2.105108 2.316903 2.332143 2.393511 2.600788 2.951018,
 0.510217 1.173497 1.593560 1.623068 1.217956 0.545255 -0.090785 0.639316 1.402048 1.977940 2.116942 1.681221 0.838206 -0.033879 0.895110 2.141317 3.273231 3.728794 3.162062 1.845450 0.425309 0.916204 2.602248 4.191343 4.870461 4.191343 2.602248 0.916204 0.425309 1.845450 3.162062 3.728794 3.273231 2.141317 0.895110 -0.033879 0.838206 1.681221 2.116942 1.977940 1.402048 0.639316 -0.090785 0.545255 1.217956 1.623068 1.593560 1.173497 0.510217,
 -1.597614 -0.949686 -0.255068 0.032507 -0.428251 -1.216551 -1.751963 -0.529505 0.708421 1.712970 1.386122 0.263161 -0.543769 -0.830672 0.107811 2.028240 4.475518 4.616024 2.211179 0.240611 -0.312240 -0.015402 1.526454 4.712942 6.739201 4.712942 1.526454 -0.015402 -0.312240 0.240611 2.211179 4.616024 4.475518 2.028240 0.107811 -0.830672 -0.543769 0.263161 1.386122 1.712970 0.708421 -0.529505 -1.751963 -1.216551 -0.428251 0.032507 -0.255068 -0.949686 -1.597614,
 3.018795 -1.907670 -7.604644 -13.104388 -16.734360 -17.235813 -14.968420 14.038836 13.638809 10.670769 4.902808 -2.071388 -7.857414 -11.767303 18.418690 24.729980 28.343433 26.565651 19.272697 9.670535 0.232230 12.959710 23.617779 32.926655 37.011757 32.926655 23.617779 12.959710 0.232230 9.670535 19.272697 26.565651 28.343433 24.729980 18.418690 -11.767303 -7.857414 -2.071388 4.902808 10.670769 13.638809 14.038836 -14.968420 -17.235813 -16.734360 -13.104388 -7.604644 -1.907670 3.018795,
 0.462215 -0.143107 -0.990556 -2.147276 -3.292766 -3.952964 -3.744302 1.874221 1.421068 0.800605 0.259403 -0.426137 -1.439135 -2.334461 1.586774 2.391959 3.872465 5.214672 4.689546 2.283962 -0.341931 0.715463 3.381514 6.667185 8.337745 6.667185 3.381514 0.715463 -0.341931 2.283962 4.689546 5.214672 3.872465 2.391959 1.586774 -2.334461 -1.439135 -0.426137 0.259403 0.800605 1.421068 1.874221 -3.744302 -3.952964 -3.292766 -2.147276 -0.990556 -0.143107 0.462215,

Pairwise cross-correlations of the modulus of all oriented sub-bands at the same scale (size QxQ)
 8.882626 4.338517 -1.350196 5.334244,
 4.338517 78.360695 188.123810 66.972084,
 -1.350196 188.123810 652.802429 269.699921,
 5.334244 66.972084 269.699921 138.888199,
 6.259248 4.037165 3.219116 4.060987,
 4.037165 49.913544 116.721245 41.799221,
 3.219116 116.721245 422.239044 176.665009,
 4.060987 41.799221 176.665009 93.033257,
 5.806071 3.397682 2.217246 2.016406,
 3.397682 17.931213 34.335785 12.028293,
 2.217246 34.335785 125.747940 48.874939,
 2.016406 12.028293 48.874939 27.941837,
 4.870461 2.205351 -2.572491 1.430947,
 2.205351 6.739202 6.267120 2.552855,
 -2.572491 6.267120 37.011757 12.035413,
 1.430947 2.552855 12.035413 8.337745,

Cross-correlations of the modulus of all oriented sub-bands with all oriented sub-bands at the coarser scale (size QxQ)
 5.575003 3.766433 -0.943785 4.058605,
 3.733408 10.043241 9.394882 3.121435,
 3.125485 2.646902 15.165830 8.135466,
 4.138911 -1.712668 4.146610 11.721750,
 3.867617 4.017746 2.778411 2.473793,
 1.819203 5.534521 6.903307 -1.047050,
 2.994079 13.850431 41.836315 6.306030,
 2.614237 8.893602 23.388348 6.949935,
 4.263357 2.108501 -3.082884 1.255452,
 2.596550 0.304672 -2.833673 -0.229828,
 0.892155 -1.728354 -1.418674 -1.946316,
 0.865787 -0.304229 -0.689813 0.557730,

Cross-correlations of the real part of each oriented sub-band with both the real and imaginary part of all phase-doubled oriented sub-bands at the next coarser scale (Q matrices of size 1x2Q, which are computed and stored in a matrix of size Qx2Q)
 -1.080562 -0.599022 -0.482976 -0.995228 1.495217 0.199377 -0.155169 -0.365259,
 -0.492081 -20.172668 -43.593102 -16.857248 0.612275 4.795960 19.065266 7.982632,
 -0.344863 -50.346523 -146.421936 -68.710938 0.036354 17.174923 62.566578 25.424198,
 -0.842137 -17.676992 -66.078812 -36.819904 0.640636 7.373072 24.756844 9.557382,
 -0.176743 -0.452314 -0.096727 -0.259340 1.108415 0.018352 -0.153838 -0.259375,
 -0.099578 -7.128586 -14.579748 -6.295010 0.432268 -5.650220 -20.950441 -9.230525,
 -0.061298 -18.509045 -57.081966 -26.899200 0.026616 -18.242693 -71.346588 -34.042904,
 -0.267256 -7.239125 -27.719152 -14.675117 0.431448 -7.407619 -30.799698 -15.960934,
 -0.547223 -0.424401 0.198389 -0.291838 1.774132 0.511129 0.072280 -0.466348,
 -0.187486 0.590253 4.145906 1.207895 0.783594 -1.467699 -10.773522 -4.107070,
 -0.053325 4.455813 18.504440 6.069796 -0.051492 -7.216186 -37.967155 -15.938657,
 -0.286194 2.141391 9.924851 3.149751 0.607597 -3.229219 -16.620972 -8.160010,
