Low-band skewness and kurtosis
 -0.440856 2.129137,
 -0.262141 2.188881,
 -0.138679 2.303163,
 0.052788 2.084616,
 0.328306 1.833343,

High-band variance
 1052.752930,

Skewness, kurtosis, variance, mean, maximum and minimum of the reconstructed texture
 -0.587871 1.904407 5539.012207 186.564880 255.000000 2.000000,

Auto-correlations of the low-frequency bands at each scale
 791.066040 785.791382 771.674866 760.186157 771.926941 830.726440 938.603027 835.425659 734.470947 689.753113 753.318848 937.247009 1208.306030 1490.586792 1945.802490 2144.575195 2409.551025 2675.854004 2864.400635 2955.833008 2957.664307 3372.471680 3772.999268 4117.891113 4260.876953 4117.891113 3772.999268 3372.471680 2957.664307 2955.833008 2864.400635 2675.854004 2409.551025 2144.575195 1945.802490 1490.586792 1208.306030 937.247009 753.318848 689.753113 734.470947 835.425659 938.603027 830.726440 771.926941 760.186157 771.674866 785.791382 791.066040,
 633.185303 611.585938 574.972961 538.467407 529.545349 577.456665 682.352051 559.416016 484.947266 465.755554 536.186096 691.462585 901.451538 1111.761230 1240.754761 1370.752197 1577.894287 1805.712891 1967.924316 2035.036865 2018.159790 2210.760986 2492.189453 2741.287598 2846.575684 2741.287598 2492.189453 2210.760986 2018.159790 2035.036865 1967.924316 1805.712891 1577.894287 1370.752197 1240.754761 1111.761230 901.451538 691.462585 536.186096 465.755554 484.947266 559.416016 682.352051 577.456665 529.545349 538.467407 574.972961 611.585938 633.185303,
 785.636841 817.164185 824.576721 806.173279 768.608093 732.575439 716.433350 658.915710 609.999390 579.177368 592.580750 649.962402 744.123047 856.160583 873.718628 941.145142 1066.771118 1217.830811 1330.577759 1389.005249 1406.345337 1470.670410 1640.396973 1800.831299 1872.031372 1800.831299 1640.396973 1470.670410 1406.345337 1389.005249 1330.577759 1217.830811 1066.771118 941.145142 873.718628 856.160583 744.123047 649.962402 592.580750 579.177368 609.999390 658.915710 716.433350 732.575439 768.608093 806.173279 824.576721 817.164185 785.636841,
 216.537979 214.750320 218.432755 231.585648 251.853348 273.945892 293.362000 485.375793 484.617737 510.285522 559.073059 612.315796 660.110413 697.252747 766.674438 831.543152 928.871826 1023.880127 1073.108521 1077.303955 1056.212158 1057.477173 1155.866943 1252.332764 1296.168213 1252.332764 1155.866943 1057.477173 1056.212158 1077.303955 1073.108521 1023.880127 928.871826 831.543152 766.674438 697.252747 660.110413 612.315796 559.073059 510.285522 484.617737 485.375793 293.362000 273.945892 251.853348 231.585648 218.432755 214.750320 216.537979,
 -597.106567 -636.790100 -676.988708 -687.027954 -656.039490 -610.914856 -581.525879 -72.584953 -127.225281 -141.282318 -100.676590 -32.966389 16.560608 22.419550 525.335022 528.090271 596.267761 688.436523 737.272400 717.895447 652.785461 864.509460 947.325806 1046.167236 1092.707764 1046.167236 947.325806 864.509460 652.785461 717.895447 737.272400 688.436523 596.267761 528.090271 525.335022 22.419550 16.560608 -32.966389 -100.676590 -141.282318 -127.225281 -72.584953 -581.525879 -610.914856 -656.039490 -687.027954 -676.988708 -636.790100 -597.106567,

Auto-correlations of the modulus of each oriented sub-band
 4.954719 6.636455 8.144590 8.869237 8.545744 7.477444 6.250155 5.944599 7.911417 9.595724 10.382908 10.022055 8.759130 7.167549 7.635616 10.395652 12.704170 13.487666 12.538990 10.535844 8.259430 8.648161 11.932814 15.147957 16.584774 15.147957 11.932814 8.648161 8.259430 10.535844 12.538990 13.487666 12.704170 10.395652 7.635616 7.167549 8.759130 10.022055 10.382908 9.595724 7.911417 5.944599 6.250155 7.477444 8.545744 8.869237 8.144590 6.636455 4.954719,
 69.499260 76.774323 83.599464 88.254570 89.918724 89.187241 87.261406 88.968330 103.917702 118.433022 126.646072 125.971321 119.099388 110.150230 113.747345 137.910294 161.982666 173.748260 166.864075 148.810867 129.330078 131.277344 158.121292 185.020844 197.480927 185.020844 158.121292 131.277344 129.330078 148.810867 166.864075 173.748260 161.982666 137.910294 113.747345 110.150230 119.099388 125.971321 126.646072 118.433022 103.917702 88.968330 87.261406 89.187241 89.918724 88.254570 83.599464 76.774323 69.499260,
 127.500389 142.547836 154.432922 157.700439 151.331085 140.291977 129.053833 190.920471 231.460129 270.475677 286.906311 271.239594 238.345535 206.868042 264.147308 334.756866 407.955780 441.536621 410.645172 344.258759 281.826935 306.289368 388.048767 475.593262 517.140137 475.593262 388.048767 306.289368 281.826935 344.258759 410.645172 441.536621 407.955780 334.756866 264.147308 206.868042 238.345535 271.239594 286.906311 270.475677 231.460129 190.920471 129.053833 140.291977 151.331085 157.700439 154.432922 142.547836 127.500389,
 24.616488 23.552105 22.975414 21.612263 18.244389 14.232856 12.190611 37.904137 40.069969 44.243423 46.481739 41.472733 32.386559 26.649010 48.265957 55.556099 68.112663 76.429810 68.294106 52.094673 41.867786 50.363743 61.491280 80.244675 91.504013 80.244675 61.491280 50.363743 41.867786 52.094673 68.294106 76.429810 68.112663 55.556099 48.265957 26.649010 32.386559 41.472733 46.481739 44.243423 40.069969 37.904137 12.190611 14.232856 18.244389 21.612263 22.975414 23.552105 24.616488,
 3.323750 4.333462 5.254351 5.734951 5.590620 4.946369 4.087286 4.189483 5.500677 6.551278 6.907351 6.476279 5.524595 4.430369 5.351669 7.603639 9.498309 9.949647 8.761350 6.786834 4.935943 5.661338 8.426846 11.306932 12.640799 11.306932 8.426846 5.661338 4.935943 6.786834 8.761350 9.949647 9.498309 7.603639 5.351669 4.430369 5.524595 6.476279 6.907351 6.551278 5.500677 4.189483 4.087286 4.946369 5.590620 5.734951 5.254351 4.333462 3.323750,
 33.179298 38.402779 43.573883 47.380280 48.727417 48.083717 46.870262 47.384232 58.566898 69.868828 76.419975 75.480202 69.375938 62.535995 65.448677 83.799034 103.222313 112.646736 106.192421 90.651802 75.610573 77.338844 97.822845 120.216904 130.943665 120.216904 97.822845 77.338844 75.610573 90.651802 106.192421 112.646736 103.222313 83.799034 65.448677 62.535995 69.375938 75.480202 76.419975 69.868828 58.566898 47.384232 46.870262 48.083717 48.727417 47.380280 43.573883 38.402779 33.179298,
 28.016438 39.487373 54.252193 65.298859 66.784164 60.179016 50.006329 63.973850 93.075592 125.415878 144.311478 137.885574 113.391373 85.744537 113.494484 165.163696 220.231812 248.151489 228.014465 177.343140 126.424065 141.386551 204.187485 270.256042 301.190033 270.256042 204.187485 141.386551 126.424065 177.343140 228.014465 248.151489 220.231812 165.163696 113.494484 85.744537 113.391373 137.885574 144.311478 125.415878 93.075592 63.973850 50.006329 60.179016 66.784164 65.298859 54.252193 39.487373 28.016438,
 6.734349 7.428924 7.739136 7.517072 6.464656 4.864941 3.719706 13.113147 15.407111 17.552418 18.765331 16.930405 12.373761 8.424199 19.455513 24.208569 30.381628 34.946800 31.419527 22.556698 15.614434 20.606009 27.709286 37.816582 43.785835 37.816582 27.709286 20.606009 15.614434 22.556698 31.419527 34.946800 30.381628 24.208569 19.455513 8.424199 12.373761 16.930405 18.765331 17.552418 15.407111 13.113147 3.719706 4.864941 6.464656 7.517072 7.739136 7.428924 6.734349,
 1.159890 2.522620 3.752066 4.367219 4.085466 3.038383 1.716209 2.306523 3.766609 4.957088 5.353465 4.836492 3.693673 2.367747 3.680890 5.792136 7.572994 8.096216 7.097375 5.229333 3.281409 4.084403 6.688328 9.197355 10.314005 9.197355 6.688328 4.084403 3.281409 5.229333 7.097375 8.096216 7.572994 5.792136 3.680890 2.367747 3.693673 4.836492 5.353465 4.957088 3.766609 2.306523 1.716209 3.038383 4.085466 4.367219 3.752066 2.522620 1.159890,
 13.231133 14.958042 16.465065 17.803846 18.123932 15.961868 11.377290 22.466791 30.226862 37.055573 39.411102 36.704712 30.669699 23.310427 31.057142 45.523682 60.388706 65.461403 57.702190 44.322815 32.411243 35.017185 50.803894 69.389465 78.637253 69.389465 50.803894 35.017185 32.411243 44.322815 57.702190 65.461403 60.388706 45.523682 31.057142 23.310427 30.669699 36.704712 39.411102 37.055573 30.226862 22.466791 11.377290 15.961868 18.123932 17.803846 16.465065 14.958042 13.231133,
 3.948657 27.264759 46.802856 55.300125 49.464920 33.785152 15.009377 20.622868 57.987358 93.692169 110.853592 100.722076 71.867531 39.917000 47.278435 97.889641 148.379959 172.210739 154.096176 108.767601 61.750862 65.555450 120.743042 175.991974 200.846695 175.991974 120.743042 65.555450 61.750862 108.767601 154.096176 172.210739 148.379959 97.889641 47.278435 39.917000 71.867531 100.722076 110.853592 93.692169 57.987358 20.622868 15.009377 33.785152 49.464920 55.300125 46.802856 27.264759 3.948657,
 2.742740 4.314198 4.465013 3.786128 3.415396 3.030963 2.052035 3.191906 5.532354 7.376495 9.041571 9.186892 6.524959 3.047607 3.812355 7.451551 12.618638 17.481670 16.092314 9.355400 3.692542 3.980494 9.267891 17.406357 22.378178 17.406357 9.267891 3.980494 3.692542 9.355400 16.092314 17.481670 12.618638 7.451551 3.812355 3.047607 6.524959 9.186892 9.041571 7.376495 5.532354 3.191906 2.052035 3.030963 3.415396 3.786128 4.465013 4.314198 2.742740,
 -0.252225 0.901327 2.008973 2.441810 1.842780 0.494146 -0.943927 0.538948 1.817925 2.903709 3.148096 2.287961 0.718736 -0.854437 2.075351 3.977853 5.656242 6.150244 5.017991 2.873787 0.716672 2.365470 4.807747 7.194045 8.256941 7.194045 4.807747 2.365470 0.716672 2.873787 5.017991 6.150244 5.656242 3.977853 2.075351 -0.854437 0.718736 2.287961 3.148096 2.903709 1.817925 0.538948 -0.943927 0.494146 1.842780 2.441810 2.008973 0.901327 -0.252225,
 2.051815 2.252982 2.587159 2.349844 2.213477 2.371846 2.092309 5.304357 7.166778 9.548022 10.663190 10.481322 9.734844 8.614888 10.714753 15.057619 20.428913 22.987322 21.180538 17.473402 13.970126 14.805676 20.018068 26.480385 29.861605 26.480385 20.018068 14.805676 13.970126 17.473402 21.180538 22.987322 20.428913 15.057619 10.714753 8.614888 9.734844 10.481322 10.663190 9.548022 7.166778 5.304357 2.092309 2.371846 2.213477 2.349844 2.587159 2.252982 2.051815,
 11.024473 9.587545 6.335090 1.232350 -3.783696 -6.731537 -7.761750 8.904911 10.093622 11.503276 10.863228 7.877915 4.875015 2.899610 14.394855 20.540554 28.149487 32.158726 29.227200 22.622692 16.256426 20.619219 29.845634 40.098278 45.080513 40.098278 29.845634 20.619219 16.256426 22.622692 29.227200 32.158726 28.149487 20.540554 14.394855 2.899610 4.875015 7.877915 10.863228 11.503276 10.093622 8.904911 -7.761750 -6.731537 -3.783696 1.232350 6.335090 9.587545 11.024473,
 1.939723 1.452871 0.411955 -0.050810 0.055566 -0.138280 -1.072652 2.114581 1.602187 1.354662 2.056028 2.276977 0.800235 -1.140089 1.324267 1.611698 3.374204 5.835219 5.213751 1.868910 -0.601086 0.254912 1.945667 5.637609 8.218332 5.637609 1.945667 0.254912 -0.601086 1.868910 5.213751 5.835219 3.374204 1.611698 1.324267 -1.140089 0.800235 2.276977 2.056028 1.354662 1.602187 2.114581 -1.072652 -0.138280 0.055566 -0.050810 0.411955 1.452871 1.939723,

Pairwise cross-correlations of the modulus of all oriented sub-bands at the same scale (size QxQ)
 16.584774 19.916933 10.513135 8.246283,
 19.916933 197.480927 240.145813 40.586472,
 10.513135 240.145813 517.140198 143.591492,
 8.246283 40.586472 143.591492 91.504028,
 12.640799 12.296184 3.316092 3.681757,
 12.296184 130.943665 141.645523 21.332756,
 3.316092 141.645523 301.190094 71.875244,
 3.681757 21.332756 71.875244 43.785843,
 10.314005 6.831411 4.081798 3.487912,
 6.831411 78.637253 99.728371 17.097784,
 4.081798 99.728371 200.846710 43.995781,
 3.487912 17.097784 43.995781 22.378178,
 8.256943 1.419766 1.345619 4.073579,
 1.419766 29.861607 28.198841 4.033310,
 1.345619 28.198841 45.080517 8.513394,
 4.073579 4.033310 8.513394 8.218333,

Cross-correlations of the modulus of all oriented sub-bands with all oriented sub-bands at the coarser scale (size QxQ)
 10.054633 13.281842 1.739005 2.410645,
 14.965997 39.847771 24.896473 6.766231,
 13.252926 29.671553 54.569145 26.724331,
 7.503769 6.059088 17.052481 19.249193,
 7.441869 7.213793 2.782234 2.315522,
 7.330280 26.355692 16.976910 5.184341,
 4.029996 14.144555 10.663643 5.934822,
 3.131362 0.280036 -8.000547 1.818890,
 5.816708 2.700900 3.241689 3.075253,
 1.597822 2.195976 -0.695914 0.007863,
 -0.963504 -6.300909 -10.267511 -3.846156,
 1.042419 0.165302 0.900096 -1.022352,

Cross-correlations of the real part of each oriented sub-band with both the real and imaginary part of all phase-doubled oriented sub-bands at the next coarser scale (Q matrices of size 1x2Q, which are computed and stored in a matrix of size Qx2Q)
 -1.789055 -3.959045 -1.198058 -2.075459 2.507328 0.478276 0.502054 -0.592796,
 -4.094161 -34.769352 -34.410427 -15.906220 0.962644 8.579859 11.153171 0.739309,
 -2.552708 -42.977146 -106.017502 -67.538910 -0.121766 13.187132 15.080446 3.670812,
 -0.947148 -9.201974 -46.918560 -39.944466 0.903831 2.303146 2.206522 1.431595,
 0.074703 -0.725463 -0.627569 -0.225517 1.896710 0.703413 0.265170 -0.295944,
 -0.571997 -17.432009 -8.527568 -0.813917 1.314347 7.284099 7.776225 1.708580,
 -0.337281 -22.521017 -3.859425 -7.386089 0.339642 7.979596 17.480623 6.670659,
 0.146950 -2.593866 1.234889 -6.277734 0.681824 1.042816 6.752496 3.175059,
 -0.308317 -1.697430 -0.758475 -0.171464 0.327728 -0.199627 -0.213042 0.049016,
 -0.524218 -17.925152 -28.629301 -1.678715 0.181645 1.233900 2.002735 2.235949,
 -0.087371 -27.129568 -40.617279 0.406356 0.047745 2.581830 7.748653 4.442914,
 0.094046 -5.258466 -4.841933 1.654602 0.105252 0.671108 3.143882 1.185401,
