Low-band skewness and kurtosis
 -0.469667 2.126847,
 -0.242475 2.152764,
 -0.064936 1.859946,
 0.112921 1.763569,
 0.134360 1.667210,

High-band variance
 1077.098999,

Skewness, kurtosis, variance, mean, maximum and minimum of the reconstructed texture
 -0.636588 1.960230 5501.458496 188.600952 255.000000 7.000000,

Auto-correlations of the low-frequency bands at each scale
 860.224487 828.827515 825.943481 838.182190 852.037720 864.969360 876.570801 1064.210327 888.541321 757.023621 699.724121 724.145935 823.203918 969.391418 2524.886719 2577.903076 2600.231201 2581.194336 2516.827881 2441.867432 2389.904785 3565.041992 3861.411865 4098.714844 4193.846191 4098.714844 3861.411865 3565.041992 2389.904785 2441.867432 2516.827881 2581.194336 2600.231201 2577.903076 2524.886719 969.391418 823.203918 724.145935 699.724121 757.023621 888.541321 1064.210327 876.570801 864.969360 852.037720 838.182190 825.943481 828.827515 860.224487,
 760.947205 743.155640 735.574036 735.431763 734.959412 729.400024 721.220032 817.452393 730.257141 667.411194 642.275574 654.694275 703.280457 777.392700 1722.030518 1757.424927 1787.799316 1790.945557 1752.595215 1704.796997 1678.882324 2389.916016 2553.270020 2700.779785 2764.754395 2700.779785 2553.270020 2389.916016 1678.882324 1704.796997 1752.595215 1790.945557 1787.799316 1757.424927 1722.030518 777.392700 703.280457 654.694275 642.275574 667.411194 730.257141 817.452393 721.220032 729.400024 734.959412 735.431763 735.574036 743.155640 760.947205,
 741.831970 732.675537 730.847778 744.180481 766.944946 788.158203 801.070862 813.429443 759.966125 722.352478 712.684692 725.104797 756.709900 798.669678 1284.098389 1297.247314 1311.182007 1310.139771 1277.174438 1241.012207 1225.125000 1643.738159 1731.762085 1820.193359 1862.560791 1820.193359 1731.762085 1643.738159 1225.125000 1241.012207 1277.174438 1310.139771 1311.182007 1297.247314 1284.098389 798.669678 756.709900 725.104797 712.684692 722.352478 759.966125 813.429443 801.070862 788.158203 766.944946 744.180481 730.847778 732.675537 741.831970,
 352.579498 353.391815 353.658722 355.757050 358.999725 359.799896 354.534637 605.933716 583.368469 564.046753 559.007446 573.447266 602.980408 633.788330 1029.385376 1033.860352 1043.002197 1047.297607 1039.676758 1028.060303 1020.032104 1268.668823 1319.127563 1370.817505 1394.233154 1370.817505 1319.127563 1268.668823 1020.032104 1028.060303 1039.676758 1047.297607 1043.002197 1033.860352 1029.385376 633.788330 602.980408 573.447266 559.007446 564.046753 583.368469 605.933716 354.534637 359.799896 358.999725 355.757050 353.658722 353.391815 352.579498,
 -737.019592 -745.667175 -754.027527 -754.910400 -747.221863 -737.705872 -732.363342 -58.640015 -65.050980 -71.828423 -73.539391 -70.061165 -64.348877 -59.120499 735.751221 742.425842 751.156189 755.612915 750.090515 740.025085 733.634399 1104.495239 1120.679810 1141.718872 1152.174561 1141.718872 1120.679810 1104.495239 733.634399 740.025085 750.090515 755.612915 751.156189 742.425842 735.751221 -59.120499 -64.348877 -70.061165 -73.539391 -71.828423 -65.050980 -58.640015 -732.363342 -737.705872 -747.221863 -754.910400 -754.027527 -745.667175 -737.019592,

Auto-correlations of the modulus of each oriented sub-band
 4.458941 5.608050 6.551279 6.854479 6.330301 5.208712 3.942947 5.105138 6.374187 7.446727 7.820902 7.268029 6.036634 4.618186 5.886025 7.637105 9.192142 9.893858 9.328798 7.729025 5.772676 6.287033 8.650126 10.875750 11.835017 10.875750 8.650126 6.287033 5.772676 7.729025 9.328798 9.893858 9.192142 7.637105 5.886025 4.618186 6.036634 7.268029 7.820902 7.446727 6.374187 5.105138 3.942947 5.208712 6.330301 6.854479 6.551279 5.608050 4.458941,
 39.288666 42.357788 45.988415 48.614929 49.583111 49.712357 49.645988 57.630981 64.562531 72.329727 76.427139 74.966995 71.166824 67.777290 77.000046 88.468658 101.756485 108.076660 102.424332 92.048447 83.489471 87.750061 100.219040 115.471008 123.529373 115.471008 100.219040 87.750061 83.489471 92.048447 102.424332 108.076660 101.756485 88.468658 77.000046 67.777290 71.166824 74.966995 76.427139 72.329727 64.562531 57.630981 49.645988 49.712357 49.583111 48.614929 45.988415 42.357788 39.288666,
 162.254807 176.206085 190.059708 197.049072 193.281815 182.523285 170.396225 246.890961 285.667999 322.557922 339.898315 327.372986 294.704376 258.563873 335.119171 404.822571 471.364044 501.788147 475.516449 412.078003 344.216400 377.922668 462.264221 543.156250 579.286316 543.156250 462.264221 377.922668 344.216400 412.078003 475.516449 501.788147 471.364044 404.822571 335.119171 258.563873 294.704376 327.372986 339.898315 322.557922 285.667999 246.890961 170.396225 182.523285 193.281815 197.049072 190.059708 176.206085 162.254807,
 54.759418 54.024979 52.957130 50.812542 46.995499 42.258698 37.956242 75.047867 79.246323 82.633865 82.575928 76.731644 66.710403 56.628540 90.985329 102.965836 114.665443 119.498825 111.623283 95.104843 78.655159 92.948151 110.686676 128.986908 137.613739 128.986908 110.686676 92.948151 78.655159 95.104843 111.623283 119.498825 114.665443 102.965836 90.985329 56.628540 66.710403 76.731644 82.575928 82.633865 79.246323 75.047867 37.956242 42.258698 46.995499 50.812542 52.957130 54.024979 54.759418,
 3.280523 4.039907 4.760790 4.982529 4.515401 3.635335 2.801532 4.035461 4.997098 5.900743 6.199148 5.657945 4.595504 3.555491 5.135260 6.724874 8.296288 8.968430 8.239413 6.577286 4.897275 5.743975 7.895766 10.093759 11.084364 10.093759 7.895766 5.743975 4.897275 6.577286 8.239413 8.968430 8.296288 6.724874 5.135260 3.555491 4.595504 5.657945 6.199148 5.900743 4.997098 4.035461 2.801532 3.635335 4.515401 4.982529 4.760790 4.039907 3.280523,
 9.987613 13.087147 15.667339 16.833927 16.892994 16.717325 16.646872 18.670052 25.113960 30.921104 32.802872 31.074768 28.515678 26.234722 29.603289 39.493427 50.123466 53.968029 48.800476 41.037525 34.910286 36.588428 46.416016 58.626244 65.051132 58.626244 46.416016 36.588428 34.910286 41.037525 48.800476 53.968029 50.123466 39.493427 29.603289 26.234722 28.515678 31.074768 32.802872 30.921104 25.113960 18.670052 16.646872 16.717325 16.892994 16.833927 15.667339 13.087147 9.987613,
 29.701916 38.355568 46.233574 50.964127 50.518234 46.234779 41.065823 78.603905 102.476997 122.376877 129.603577 120.141083 100.254890 79.378181 135.445297 179.989410 219.117081 233.810059 214.197800 173.252533 130.657211 158.693787 213.225830 264.453857 286.986389 264.453857 213.225830 158.693787 130.657211 173.252533 214.197800 233.810059 219.117081 179.989410 135.445297 79.378181 100.254890 120.141083 129.603577 122.376877 102.476997 78.603905 41.065823 46.234779 50.518234 50.964127 46.233574 38.355568 29.701916,
 14.853119 15.289392 15.556378 15.726508 15.499150 14.645167 13.633289 24.343727 27.473776 30.327734 31.929100 30.075533 24.798872 19.586426 32.549770 40.305145 49.096104 54.256866 49.529179 37.933311 27.715265 33.724796 45.157795 58.944695 66.136368 58.944695 45.157795 33.724796 27.715265 37.933311 49.529179 54.256866 49.096104 40.305145 32.549770 19.586426 24.798872 30.075533 31.929100 30.327734 27.473776 24.343727 13.633289 14.645167 15.499150 15.726508 15.556378 15.289392 14.853119,
 2.549591 3.237712 3.654390 3.691581 3.363154 2.740607 1.959489 2.640496 3.382652 3.897708 4.035729 3.748709 3.086585 2.238082 3.131582 4.616782 6.014919 6.637703 6.063487 4.626183 3.059728 3.575204 5.657936 7.752549 8.693596 7.752549 5.657936 3.575204 3.059728 4.626183 6.063487 6.637703 6.014919 4.616782 3.131582 2.238082 3.086585 3.748709 4.035729 3.897708 3.382652 2.640496 1.959489 2.740607 3.363154 3.691581 3.654390 3.237712 2.549591,
 6.834117 6.877724 7.123100 6.845715 5.494887 3.707024 2.587330 11.040003 13.566437 15.586318 15.427126 13.439033 10.684216 7.942535 16.197870 21.590769 27.381636 28.246315 23.803835 18.788542 14.597703 18.011526 23.614616 31.313738 35.781876 31.313738 23.614616 18.011526 14.597703 18.788542 23.803835 28.246315 27.381636 21.590769 16.197870 7.942535 10.684216 13.439033 15.427126 15.586318 13.566437 11.040003 2.587330 3.707024 5.494887 6.845715 7.123100 6.877724 6.834117,
 22.950333 19.536697 18.697748 18.811968 17.455275 14.278563 10.695603 37.877766 47.579300 58.417297 64.676140 61.905823 51.460037 38.033802 66.515320 91.500641 115.024185 126.512070 119.069595 97.171021 70.696655 84.000313 116.788300 145.907425 158.249878 145.907425 116.788300 84.000313 70.696655 97.171021 119.069595 126.512070 115.024185 91.500641 66.515320 38.033802 51.460037 61.905823 64.676140 58.417297 47.579300 37.877766 10.695603 14.278563 17.455275 18.811968 18.697748 19.536697 22.950333,
 9.312952 8.097939 7.076452 6.911520 6.670090 5.323396 3.256606 11.280340 12.275493 14.326214 16.738813 16.585005 12.590236 7.512573 13.413911 18.141027 24.799627 30.122589 27.972414 19.533075 11.596587 13.886446 21.731426 31.809525 37.350822 31.809525 21.731426 13.886446 11.596587 19.533075 27.972414 30.122589 24.799627 18.141027 13.413911 7.512573 12.590236 16.585005 16.738813 14.326214 12.275493 11.280340 3.256606 5.323396 6.670090 6.911520 7.076452 8.097939 9.312952,
 0.143696 0.419839 0.586135 0.605553 0.528394 0.383391 0.139371 0.434689 0.761009 0.888238 0.874041 0.796711 0.612015 0.281405 0.526010 1.048862 1.433725 1.513543 1.230873 0.742443 0.251774 0.447162 1.201828 2.056464 2.476671 2.056464 1.201828 0.447162 0.251774 0.742443 1.230873 1.513543 1.433725 1.048862 0.526010 0.281405 0.612015 0.796711 0.874041 0.888238 0.761009 0.434689 0.139371 0.383391 0.528394 0.605553 0.586135 0.419839 0.143696,
 -3.171919 -2.593415 -1.600817 -0.349494 0.456929 0.627334 0.142117 -2.265085 -0.511695 1.723043 3.514092 3.999165 3.445140 2.410085 0.004461 2.916493 6.684525 8.862309 7.947106 5.576494 3.433458 2.418744 5.474727 9.548100 11.737617 9.548100 5.474727 2.418744 3.433458 5.576494 7.947106 8.862309 6.684525 2.916493 0.004461 2.410085 3.445140 3.999165 3.514092 1.723043 -0.511695 -2.265085 0.142117 0.627334 0.456929 -0.349494 -1.600817 -2.593415 -3.171919,
 7.519113 12.907554 18.338493 19.494705 14.326339 7.093064 3.361486 10.595494 20.896996 31.194181 34.694519 27.289492 15.782340 8.251050 13.151633 28.148964 44.301544 51.410133 41.926613 25.484901 12.788939 14.436453 30.553181 49.528236 59.402020 49.528236 30.553181 14.436453 12.788939 25.484901 41.926613 51.410133 44.301544 28.148964 13.151633 8.251050 15.782340 27.289492 34.694519 31.194181 20.896996 10.595494 3.361486 7.093064 14.326339 19.494705 18.338493 12.907554 7.519113,
 1.786538 3.608250 4.979416 5.157530 4.168088 2.343007 0.233569 1.260223 4.318545 7.208076 8.955411 8.366291 5.500781 1.946816 1.366264 5.646346 10.386015 13.523861 12.208111 7.451437 2.475950 1.968313 7.144726 12.905611 15.793161 12.905611 7.144726 1.968313 2.475950 7.451437 12.208111 13.523861 10.386015 5.646346 1.366264 1.946816 5.500781 8.366291 8.955411 7.208076 4.318545 1.260223 0.233569 2.343007 4.168088 5.157530 4.979416 3.608250 1.786538,

Pairwise cross-correlations of the modulus of all oriented sub-bands at the same scale (size QxQ)
 11.835018 9.208290 10.666111 13.414679,
 9.208290 123.529366 209.157791 54.813465,
 10.666111 209.157791 579.286377 213.313873,
 13.414679 54.813465 213.313873 137.613739,
 11.084365 8.447704 6.736341 5.909077,
 8.447704 65.051132 100.810699 24.576477,
 6.736341 100.810699 286.986389 100.837318,
 5.909077 24.576477 100.837318 66.136368,
 8.693596 4.508988 -0.949450 3.642760,
 4.508988 35.781879 53.166336 10.830418,
 -0.949450 53.166336 158.249908 50.823551,
 3.642760 10.830418 50.823551 37.350826,
 2.476671 1.381853 0.785957 2.542171,
 1.381853 11.737617 13.480662 4.249188,
 0.785957 13.480662 59.402023 17.054998,
 2.542171 4.249188 17.054998 15.793161,

Cross-correlations of the modulus of all oriented sub-bands with all oriented sub-bands at the coarser scale (size QxQ)
 8.190896 7.011051 2.991674 5.488251,
 10.409609 24.618465 25.771717 9.870199,
 16.071499 33.161060 63.466450 33.029354,
 12.012669 11.144230 27.172194 26.084414,
 6.592470 4.979047 -0.478158 2.908443,
 7.259782 8.704808 1.715614 -0.658520,
 8.568575 6.645729 9.375162 4.395864,
 6.149714 4.349123 10.597210 10.016397,
 2.270157 0.955252 -5.287818 3.362698,
 -0.148980 -1.446138 -14.496103 -0.926787,
 -2.284725 -6.245469 -23.712181 -6.135518,
 1.059807 -0.789905 -7.455840 1.194002,

Cross-correlations of the real part of each oriented sub-band with both the real and imaginary part of all phase-doubled oriented sub-bands at the next coarser scale (Q matrices of size 1x2Q, which are computed and stored in a matrix of size Qx2Q)
 -0.601727 -0.664759 -0.779330 -1.731788 1.464708 0.148324 0.235685 -0.352519,
 -0.583039 -18.671198 -37.275166 -12.080842 0.491819 -1.876645 -3.279067 -1.159567,
 -1.042511 -42.431129 -110.523308 -52.532898 0.021023 -4.342902 -8.670426 -3.341078,
 -1.129114 -13.723407 -46.022736 -32.054153 0.711691 -0.744507 -2.084653 -1.559335,
 -0.221694 -0.875838 -0.136860 -1.088119 0.258096 0.073427 0.128272 -0.000249,
 -0.361514 -6.822405 -3.258493 -0.444432 -0.140062 1.936565 5.982813 3.275234,
 -0.401305 -7.619224 -8.480800 -5.006744 -0.096835 4.639478 19.174679 13.099939,
 -0.494795 -0.403649 -3.863940 -5.754461 0.278531 1.394184 8.410501 6.673519,
 0.058409 -0.611844 0.308314 -0.230741 0.132617 0.298560 -0.113022 0.319916,
 -0.333956 1.003191 4.969387 0.702576 0.210882 0.066345 2.650262 0.062433,
 -0.052980 5.066291 4.998596 -1.163322 -0.377943 0.704118 7.241005 0.626364,
 0.030987 1.106635 -0.572352 -1.899520 -0.219430 0.655939 1.895663 1.689728,
