Low-band skewness and kurtosis
 -0.338534 2.153891,
 -0.157167 2.375589,
 -0.007050 2.430932,
 0.319910 2.564052,
 0.497932 2.157411,

High-band variance
 1193.680176,

Skewness, kurtosis, variance, mean, maximum and minimum of the reconstructed texture
 -0.536497 1.873070 5258.930664 185.744446 255.000000 3.000000,

Auto-correlations of the low-frequency bands at each scale
 179.584015 166.299454 159.365219 155.066650 154.672104 171.281998 213.768280 183.491745 20.709343 -83.133827 -97.071945 -12.641167 160.288086 382.444702 1698.196533 1787.411621 1895.813354 1987.416748 2023.552612 2012.644287 1973.088135 3038.526367 3398.486572 3687.486328 3803.515137 3687.486328 3398.486572 3038.526367 1973.088135 2012.644287 2023.552612 1987.416748 1895.813354 1787.411621 1698.196533 382.444702 160.288086 -12.641167 -97.071945 -83.133827 20.709343 183.491745 213.768280 171.281998 154.672104 155.066650 159.365219 166.299454 179.584015,
 514.286743 474.375214 437.579163 400.748047 365.024170 341.271149 337.167694 291.929321 190.352249 122.272507 100.787354 127.160751 204.128342 317.433228 936.803589 992.969788 1074.799316 1147.413818 1171.468262 1161.025513 1139.376587 1687.063965 1893.849854 2075.054932 2152.742188 2075.054932 1893.849854 1687.063965 1139.376587 1161.025513 1171.468262 1147.413818 1074.799316 992.969788 936.803589 317.433228 204.128342 127.160751 100.787354 122.272507 190.352249 291.929321 337.167694 341.271149 365.024170 400.748047 437.579163 474.375214 514.286743,
 389.698914 403.664459 419.309875 434.146667 443.710876 449.215973 451.866577 433.099823 390.461304 358.172089 343.890076 344.315948 363.943726 399.402679 743.791931 760.326355 785.628723 797.404358 770.395447 727.794861 696.086731 967.609497 1071.776001 1175.756714 1224.228027 1175.756714 1071.776001 967.609497 696.086731 727.794861 770.395447 797.404358 785.628723 760.326355 743.791931 399.402679 363.943726 344.315948 343.890076 358.172089 390.461304 433.099823 451.866577 449.215973 443.710876 434.146667 419.309875 403.664459 389.698914,
 133.956696 124.872986 122.844482 127.848267 139.611176 155.197571 166.398895 320.322601 313.498108 315.029907 320.819885 328.000122 343.009399 363.521698 535.863770 570.525269 612.782837 633.334412 613.754395 581.059937 562.642822 658.702698 721.677002 795.114441 831.072388 795.114441 721.677002 658.702698 562.642822 581.059937 613.754395 633.334412 612.782837 570.525269 535.863770 363.521698 343.009399 328.000122 320.819885 315.029907 313.498108 320.322601 166.398895 155.197571 139.611176 127.848267 122.844482 124.872986 133.956696,
 -352.035431 -365.821289 -394.253815 -413.650757 -405.864105 -383.946167 -366.267365 -26.469856 -47.280457 -67.662849 -72.868599 -60.749393 -41.080605 -24.931774 349.396057 358.801453 388.813049 415.676575 412.279358 388.669739 367.932251 537.909058 580.359741 641.688538 673.420898 641.688538 580.359741 537.909058 367.932251 388.669739 412.279358 415.676575 388.813049 358.801453 349.396057 -24.931774 -41.080605 -60.749393 -72.868599 -67.662849 -47.280457 -26.469856 -366.267365 -383.946167 -405.864105 -413.650757 -394.253815 -365.821289 -352.035431,

Auto-correlations of the modulus of each oriented sub-band
 3.883131 5.344070 6.666654 7.300697 6.964858 5.890666 4.605168 4.894740 6.554270 8.016726 8.728953 8.370527 7.128985 5.570170 6.321500 8.574643 10.467239 11.210466 10.503073 8.748137 6.655760 7.058506 9.812465 12.423130 13.556280 12.423130 9.812465 7.058506 6.655760 8.748137 10.503073 11.210466 10.467239 8.574643 6.321500 5.570170 7.128985 8.370527 8.728953 8.016726 6.554270 4.894740 4.605168 5.890666 6.964858 7.300697 6.666654 5.344070 3.883131,
 20.176846 23.823324 29.323982 34.965065 38.964554 40.801155 40.974777 37.076874 47.763382 59.928772 68.214890 69.994476 67.062805 62.027130 60.985077 79.706505 100.028114 110.647240 106.020180 92.807076 79.002151 79.161819 99.628845 121.650375 132.151917 121.650375 99.628845 79.161819 79.002151 92.807076 106.020180 110.647240 100.028114 79.706505 60.985077 62.027130 67.062805 69.994476 68.214890 59.928772 47.763382 37.076874 40.974777 40.801155 38.964554 34.965065 29.323982 23.823324 20.176846,
 79.825478 92.153923 105.225975 113.721748 113.050606 104.224297 91.469505 157.209061 198.767349 239.216309 258.664917 244.897766 207.663651 165.684494 243.684128 323.834290 402.051697 437.339081 404.812683 328.498535 248.298630 284.878265 384.034729 481.416077 525.313965 481.416077 384.034729 284.878265 248.298630 328.498535 404.812683 437.339081 402.051697 323.834290 243.684128 165.684494 207.663651 244.897766 258.664917 239.216309 198.767349 157.209061 91.469505 104.224297 113.050606 113.721748 105.225975 92.153923 79.825478,
 37.940067 38.032051 38.148769 37.668663 36.037258 33.329620 30.294170 55.551147 59.498848 63.691494 65.333794 61.463436 53.201805 44.872101 71.263100 81.407204 93.177002 99.463249 92.515533 77.023354 62.929268 74.584229 89.684586 107.500275 116.668816 107.500275 89.684586 74.584229 62.929268 77.023354 92.515533 99.463249 93.177002 81.407204 71.263100 44.872101 53.201805 61.463436 65.333794 63.691494 59.498848 55.551147 30.294170 33.329620 36.037258 37.668663 38.148769 38.032051 37.940067,
 3.464433 4.673368 5.784198 6.337180 6.027442 4.991591 3.710131 4.012375 5.370441 6.625092 7.233329 6.853337 5.661568 4.231247 5.045464 7.094191 9.001145 9.781714 8.940801 7.013776 4.968009 5.573430 8.230840 10.876602 12.059244 10.876602 8.230840 5.573430 4.968009 7.013776 8.940801 9.781714 9.001145 7.094191 5.045464 4.231247 5.661568 6.853337 7.233329 6.625092 5.370441 4.012375 3.710131 4.991591 6.027442 6.337180 5.784198 4.673368 3.464433,
 14.231531 16.162416 18.620371 20.870411 22.209471 22.289991 21.655336 23.250340 29.751959 36.474773 39.674183 38.674366 35.092457 30.482021 33.808472 45.897324 59.059021 64.219078 58.425911 48.181686 38.616768 40.226265 53.623039 69.333839 77.267128 69.333839 53.623039 40.226265 38.616768 48.181686 58.425911 64.219078 59.059021 45.897324 33.808472 30.482021 35.092457 38.674366 39.674183 36.474773 29.751959 23.250340 21.655336 22.289991 22.209471 20.870411 18.620371 16.162416 14.231531,
 31.028210 38.611092 47.764679 53.595181 52.320892 46.827438 40.796604 67.407852 91.720680 116.438576 128.793289 119.506050 95.371178 69.055527 107.357574 155.706894 203.466492 225.527954 204.843079 156.233047 105.274277 124.043884 185.733551 246.538742 274.206665 246.538742 185.733551 124.043884 105.274277 156.233047 204.843079 225.527954 203.466492 155.706894 107.357574 69.055527 95.371178 119.506050 128.793289 116.438576 91.720680 67.407852 40.796604 46.827438 52.320892 53.595181 47.764679 38.611092 31.028210,
 11.455344 11.839644 12.776724 14.096413 14.935411 14.823703 14.461755 20.143036 22.905418 26.083630 29.038387 29.072483 25.586567 21.338692 29.294806 35.870770 43.726536 49.833717 47.401493 38.160404 29.119967 32.895721 42.827271 54.668900 61.144512 54.668900 42.827271 32.895721 29.119967 38.160404 47.401493 49.833717 43.726536 35.870770 29.294806 21.338692 25.586567 29.072483 29.038387 26.083630 22.905418 20.143036 14.461755 14.823703 14.935411 14.096413 12.776724 11.839644 11.455344,
 2.030672 2.992758 3.877918 4.280907 3.951088 3.023452 1.898988 2.455522 3.751528 4.881347 5.326084 4.804631 3.540808 2.098081 3.112411 5.097891 6.908147 7.591960 6.703469 4.780647 2.770012 3.431730 5.961209 8.473411 9.594475 8.473411 5.961209 3.431730 2.770012 4.780647 6.703469 7.591960 6.908147 5.097891 3.112411 2.098081 3.540808 4.804631 5.326084 4.881347 3.751528 2.455522 1.898988 3.023452 3.951088 4.280907 3.877918 2.992758 2.030672,
 6.052200 7.180524 7.719240 7.892431 8.103378 8.156295 7.664362 6.739643 10.748581 14.425701 15.499783 14.592514 12.988192 10.858673 9.073454 15.941115 23.948454 26.885521 22.965010 17.347551 12.624487 11.690700 18.816498 28.151461 33.350742 28.151461 18.816498 11.690700 12.624487 17.347551 22.965010 26.885521 23.948454 15.941115 9.073454 10.858673 12.988192 14.592514 15.499783 14.425701 10.748581 6.739643 7.664362 8.156295 8.103378 7.892431 7.719240 7.180524 6.052200,
 19.676121 24.208344 28.752880 32.483315 33.122410 29.395676 22.248417 23.753155 37.659386 52.825562 62.368362 60.128654 47.112373 29.685200 30.152617 57.440002 86.968994 102.851601 93.509277 66.178886 36.443829 36.438545 71.067566 106.990128 123.729210 106.990128 71.067566 36.438545 36.443829 66.178886 93.509277 102.851601 86.968994 57.440002 30.152617 29.685200 47.112373 60.128654 62.368362 52.825562 37.659386 23.753155 22.248417 29.395676 33.122410 32.483315 28.752880 24.208344 19.676121,
 6.212121 8.648668 10.601769 11.678070 11.345744 9.264072 6.295004 8.249987 11.545659 14.834002 17.600403 17.406330 13.198867 7.954611 10.102078 15.001707 21.601696 26.999157 25.059719 16.975183 9.537101 10.490637 17.502081 27.061188 32.364464 27.061188 17.502081 10.490637 9.537101 16.975183 25.059719 26.999157 21.601696 15.001707 10.102078 7.954611 13.198867 17.406330 17.600403 14.834002 11.545659 8.249987 6.295004 9.264072 11.345744 11.678070 10.601769 8.648668 6.212121,
 0.458429 1.698296 2.672019 2.979362 2.511916 1.493973 0.257197 1.266072 2.557937 3.649853 4.090484 3.667068 2.581110 1.247572 2.483942 4.366105 6.115186 6.954437 6.409139 4.804273 2.892261 3.626665 6.053002 8.262252 9.195095 8.262252 6.053002 3.626665 2.892261 4.804273 6.409139 6.954437 6.115186 4.366105 2.483942 1.247572 2.581110 3.667068 4.090484 3.649853 2.557937 1.266072 0.257197 1.493973 2.511916 2.979362 2.672019 1.698296 0.458429,
 -1.706402 -0.670509 0.432019 0.898696 0.327710 -0.707209 -1.546968 0.684526 2.489860 3.667790 3.266043 1.391916 -0.571416 -1.720603 2.454194 6.006694 9.096450 9.136521 5.785548 1.818058 -0.775198 1.360714 5.444850 10.354632 12.859692 10.354632 5.444850 1.360714 -0.775198 1.818058 5.785548 9.136521 9.096450 6.006694 2.454194 -1.720603 -0.571416 1.391916 3.266043 3.667790 2.489860 0.684526 -1.546968 -0.707209 0.327710 0.898696 0.432019 -0.670509 -1.706402,
 -5.711037 -3.334800 -0.079537 2.048555 1.526675 0.615182 1.224088 -0.484939 2.762950 6.750504 9.051858 6.060695 0.744160 -1.912194 4.661024 10.873109 18.871202 23.259579 17.163336 6.314757 -0.933302 3.544302 12.375686 24.555220 31.410450 24.555220 12.375686 3.544302 -0.933302 6.314757 17.163336 23.259579 18.871202 10.873109 4.661024 -1.912194 0.744160 6.060695 9.051858 6.750504 2.762950 -0.484939 1.224088 0.615182 1.526675 2.048555 -0.079537 -3.334800 -5.711037,
 2.424915 3.104844 3.811621 4.496834 4.523835 3.345500 1.230431 3.207875 4.485267 6.163584 7.566117 7.364809 5.192322 2.213002 3.753720 6.641475 10.343394 12.882076 11.877151 7.894751 3.530488 4.018333 8.521047 13.593111 16.065449 13.593111 8.521047 4.018333 3.530488 7.894751 11.877151 12.882076 10.343394 6.641475 3.753720 2.213002 5.192322 7.364809 7.566117 6.163584 4.485267 3.207875 1.230431 3.345500 4.523835 4.496834 3.811621 3.104844 2.424915,

Pairwise cross-correlations of the modulus of all oriented sub-bands at the same scale (size QxQ)
 13.556281 9.907417 3.058789 8.027438,
 9.907417 132.151917 183.331924 34.937725,
 3.058789 183.331924 525.314026 175.744705,
 8.027438 34.937725 175.744705 116.668823,
 12.059244 5.133588 0.545697 6.296890,
 5.133588 77.267143 97.538773 14.778063,
 0.545697 97.538773 274.206696 85.156303,
 6.296890 14.778063 85.156303 61.144520,
 9.594476 5.854255 7.692590 7.147745,
 5.854255 33.350746 38.819801 10.470766,
 7.692590 38.819801 123.729225 45.217953,
 7.147745 10.470766 45.217953 32.364464,
 9.195095 4.457551 -1.048747 6.897291,
 4.457551 12.859692 8.339382 4.416056,
 -1.048747 8.339382 31.410450 8.466558,
 6.897291 4.416056 8.466558 16.065451,

Cross-correlations of the modulus of all oriented sub-bands with all oriented sub-bands at the coarser scale (size QxQ)
 9.351193 7.314150 -0.137888 4.978816,
 8.201122 18.013809 8.649722 1.624514,
 8.954468 1.561762 22.309122 12.973878,
 8.608601 -3.242488 3.095397 15.267941,
 7.306138 6.213276 6.788907 6.872593,
 3.137422 13.620529 5.755972 -0.427245,
 2.425855 12.967897 9.599381 -0.614961,
 3.786495 5.980119 11.975887 8.488434,
 6.395163 4.295959 -3.781226 5.533542,
 4.829096 3.653693 -3.954862 7.308486,
 7.860228 1.916374 -5.109210 14.358224,
 6.766066 4.253137 -0.731817 9.645030,

Cross-correlations of the real part of each oriented sub-band with both the real and imaginary part of all phase-doubled oriented sub-bands at the next coarser scale (Q matrices of size 1x2Q, which are computed and stored in a matrix of size Qx2Q)
 -0.856670 -2.001269 -0.902312 -1.220099 1.455162 -0.067346 -0.363839 -0.388842,
 -1.577730 -35.225708 -38.870136 -8.817184 0.516948 -3.667499 -9.495507 -4.481496,
 -1.271004 -53.619118 -82.278275 -31.514320 0.162850 -7.976488 -25.915808 -15.046986,
 -0.675169 -11.087222 -24.582918 -17.973177 0.782912 -2.587965 -10.424663 -7.237235,
 -0.800801 -1.355824 -0.598196 -1.083579 -0.362285 0.395007 -0.585797 -1.364861,
 -0.692527 -7.026651 -1.261060 -1.590787 -0.225649 4.380621 8.907718 0.465525,
 -0.358112 -6.712276 -6.589119 -10.264041 0.127382 6.507674 14.812634 -9.255409,
 -0.461054 -1.256509 -5.801247 -8.387442 0.257858 1.371828 -0.597899 -11.869984,
 1.098430 0.111598 0.007936 -0.910724 -0.830647 -0.028099 0.373223 0.442204,
 0.654294 -0.307569 -1.370260 0.079953 -0.378278 -3.189641 -10.716568 -1.808509,
 0.019362 -0.687989 0.296351 2.557997 -0.188404 -9.337590 -33.697990 -3.605457,
 -0.107876 0.030178 1.299683 0.982920 -0.317742 -3.527068 -12.181386 1.065396,
