Low-band skewness and kurtosis
 -0.640491 2.265546,
 -0.589715 2.356390,
 -0.486786 2.184218,
 -0.339157 1.974208,
 -0.229748 1.768744,

High-band variance
 894.950745,

Skewness, kurtosis, variance, mean, maximum and minimum of the reconstructed texture
 -0.734675 2.058093 6045.854492 189.690247 255.000000 1.000000,

Auto-correlations of the low-frequency bands at each scale
 2103.351074 1928.253052 1834.311646 1834.753052 1886.831421 1942.395386 1983.630249 2497.116455 2237.385010 1952.947021 1769.621826 1758.900391 1903.013916 2111.316650 3427.412354 3602.430176 3643.337646 3529.563965 3320.784424 3141.051270 3055.700928 3885.453125 4354.416992 4779.984375 4959.004883 4779.984375 4354.416992 3885.453125 3055.700928 3141.051270 3320.784424 3529.563965 3643.337646 3602.430176 3427.412354 2111.316650 1903.013916 1758.900391 1769.621826 1952.947021 2237.385010 2497.116455 1983.630249 1942.395386 1886.831421 1834.753052 1834.311646 1928.253052 2103.351074,
 1925.468018 1853.973145 1835.172729 1862.598145 1898.611694 1911.064697 1893.231934 2205.831787 2040.526489 1872.030640 1781.873291 1807.615845 1927.671021 2071.824463 2692.159424 2796.275391 2825.613037 2762.853516 2643.014893 2553.597656 2535.690186 2931.617920 3218.964844 3495.111816 3615.348633 3495.111816 3218.964844 2931.617920 2535.690186 2553.597656 2643.014893 2762.853516 2825.613037 2796.275391 2692.159424 2071.824463 1927.671021 1807.615845 1781.873291 1872.030640 2040.526489 2205.831787 1893.231934 1911.064697 1898.611694 1862.598145 1835.172729 1853.973145 1925.468018,
 1728.747437 1689.027344 1660.320312 1649.095703 1643.027100 1630.349365 1609.516968 1906.172241 1826.999023 1745.846313 1693.999023 1688.578979 1727.697754 1784.414185 2264.735840 2317.549316 2353.266113 2341.473389 2282.379395 2224.580566 2196.858398 2487.998779 2636.908936 2788.665527 2857.422363 2788.665527 2636.908936 2487.998779 2196.858398 2224.580566 2282.379395 2341.473389 2353.266113 2317.549316 2264.735840 1784.414185 1727.697754 1688.578979 1693.999023 1745.846313 1826.999023 1906.172241 1609.516968 1630.349365 1643.027100 1649.095703 1660.320312 1689.027344 1728.747437,
 747.084473 736.729919 719.300964 697.720703 670.690125 642.428284 619.096436 1436.081665 1430.541260 1408.444824 1376.435303 1341.689697 1317.635010 1307.930542 2001.857422 2039.381226 2063.553955 2049.006592 1988.434204 1919.113159 1873.927734 2183.888184 2261.568115 2348.843262 2390.466797 2348.843262 2261.568115 2183.888184 1873.927734 1919.113159 1988.434204 2049.006592 2063.553955 2039.381226 2001.857422 1307.930542 1317.635010 1341.689697 1376.435303 1408.444824 1430.541260 1436.081665 619.096436 642.428284 670.690125 697.720703 719.300964 736.729919 747.084473,
 -1317.531006 -1332.553711 -1397.151367 -1471.791138 -1496.666260 -1461.251221 -1400.712646 -31.023300 -2.579765 -29.459557 -105.402695 -176.449860 -191.335449 -151.936340 1393.800049 1464.257202 1508.703857 1484.634644 1401.845215 1328.297241 1307.712158 2008.364380 2081.654053 2175.000732 2220.845947 2175.000732 2081.654053 2008.364380 1307.712158 1328.297241 1401.845215 1484.634644 1508.703857 1464.257202 1393.800049 -151.936340 -191.335449 -176.449860 -105.402695 -29.459557 -2.579765 -31.023300 -1400.712646 -1461.251221 -1496.666260 -1471.791138 -1397.151367 -1332.553711 -1317.531006,

Auto-correlations of the modulus of each oriented sub-band
 8.574733 9.599177 10.282856 10.272041 9.454264 8.071580 6.566731 8.910014 10.272588 11.261187 11.437278 10.621403 9.049018 7.256888 9.343940 11.581656 13.569056 14.593146 13.917103 11.636432 8.822049 9.653791 13.109344 16.724808 18.404282 16.724808 13.109344 9.653791 8.822049 11.636432 13.917103 14.593146 13.569056 11.581656 9.343940 7.256888 9.049018 10.621403 11.437278 11.261187 10.272588 8.910014 6.566731 8.071580 9.454264 10.272041 10.282856 9.599177 8.574733,
 55.775604 59.160572 63.188866 66.740662 68.387672 68.954536 69.792816 73.731506 81.704636 90.533974 95.825500 95.020927 91.779007 89.002930 92.890541 105.887573 121.216942 129.012375 122.897774 112.028061 103.352699 104.934860 118.499458 135.648621 145.192932 135.648621 118.499458 104.934860 103.352699 112.028061 122.897774 129.012375 121.216942 105.887573 92.890541 89.002930 91.779007 95.020927 95.825500 90.533974 81.704636 73.731506 69.792816 68.954536 68.387672 66.740662 63.188866 59.160572 55.775604,
 245.101273 260.547272 279.554199 290.607300 284.928040 267.827057 251.942276 291.155365 329.515320 375.204773 400.403564 384.874817 344.178101 307.492035 343.438751 408.467743 485.575470 526.056641 493.994354 421.447235 358.437103 373.435272 450.185974 540.871521 586.053711 540.871521 450.185974 373.435272 358.437103 421.447235 493.994354 526.056641 485.575470 408.467743 343.438751 307.492035 344.178101 384.874817 400.403564 375.204773 329.515320 291.155365 251.942276 267.827057 284.928040 290.607300 279.554199 260.547272 245.101273,
 146.354126 148.136078 147.976501 143.496002 134.065338 123.049133 114.520294 165.919556 177.011185 185.170197 183.891571 169.427917 148.084213 129.803864 176.550323 200.277512 222.988251 230.560440 212.695374 180.566116 151.837799 170.942780 202.650360 236.790070 253.241150 236.790070 202.650360 170.942780 151.837799 180.566116 212.695374 230.560440 222.988251 200.277512 176.550323 129.803864 148.084213 169.427917 183.891571 185.170197 177.011185 165.919556 114.520294 123.049133 134.065338 143.496002 147.976501 148.136078 146.354126,
 4.822355 5.547776 6.136461 6.290398 5.888578 5.127831 4.347281 4.909862 5.777966 6.446151 6.670450 6.353977 5.560277 4.582598 5.239388 6.763452 8.405178 9.343927 8.877842 7.294497 5.554279 6.080860 8.442265 11.106215 12.393068 11.106215 8.442265 6.080860 5.554279 7.294497 8.877842 9.343927 8.405178 6.763452 5.239388 4.582598 5.560277 6.353977 6.670450 6.446151 5.777966 4.909862 4.347281 5.127831 5.888578 6.290398 6.136461 5.547776 4.822355,
 20.997726 24.803925 28.686411 31.239740 32.066235 32.023659 32.126518 28.854586 36.361130 43.808472 47.174778 46.152710 43.507431 41.254784 39.132195 49.981049 61.988213 67.004669 62.213638 54.256454 47.774376 47.096527 57.540947 70.384583 77.153351 70.384583 57.540947 47.096527 47.774376 54.256454 62.213638 67.004669 61.988213 49.981049 39.132195 41.254784 43.507431 46.152710 47.174778 43.808472 36.361130 28.854586 32.126518 32.023659 32.066235 31.239740 28.686411 24.803925 20.997726,
 85.932838 95.095505 108.813484 118.775467 116.977638 107.969940 102.083427 111.579666 137.722382 169.205215 185.693420 172.344498 143.479706 121.430313 136.877914 183.792130 239.275375 266.328064 239.243027 185.078873 141.068832 148.825012 204.604645 272.026123 306.120850 272.026123 204.604645 148.825012 141.068832 185.078873 239.243027 266.328064 239.275375 183.792130 136.877914 121.430313 143.479706 172.344498 185.693420 169.205215 137.722382 111.579666 102.083427 107.969940 116.977638 118.775467 108.813484 95.095505 85.932838,
 83.365173 85.053581 84.503250 80.743416 74.677490 68.478676 63.271301 91.746834 99.755890 105.882706 106.104782 98.572006 86.554108 75.412727 97.364342 112.438522 127.966660 134.835419 125.447220 106.103165 88.566628 96.871704 116.246109 138.216141 149.072998 138.216141 116.246109 96.871704 88.566628 106.103165 125.447220 134.835419 127.966660 112.438522 97.364342 75.412727 86.554108 98.572006 106.104782 105.882706 99.755890 91.746834 63.271301 68.478676 74.677490 80.743416 84.503250 85.053581 83.365173,
 2.608715 3.319136 3.815806 3.906024 3.590120 3.028158 2.423636 2.601231 3.269905 3.833346 4.102575 3.957475 3.443385 2.787752 3.259063 4.421406 5.686729 6.419444 6.142369 5.050934 3.833921 4.461370 6.293802 8.252782 9.156614 8.252782 6.293802 4.461370 3.833921 5.050934 6.142369 6.419444 5.686729 4.421406 3.259063 2.787752 3.443385 3.957475 4.102575 3.833346 3.269905 2.601231 2.423636 3.028158 3.590120 3.906024 3.815806 3.319136 2.608715,
 17.757559 19.166113 19.946667 20.164078 19.471035 17.761232 15.850322 22.002562 25.546019 28.058823 28.227900 26.483482 23.778666 20.627092 25.441175 31.036674 36.726616 38.109138 34.304848 29.280529 24.931959 26.727129 32.370628 39.482979 43.334431 39.482979 32.370628 26.727129 24.931959 29.280529 34.304848 38.109138 36.726616 31.036674 25.441175 20.627092 23.778666 26.483482 28.227900 28.058823 25.546019 22.002562 15.850322 17.761232 19.471035 20.164078 19.946667 19.166113 17.757559,
 64.332550 73.461777 80.369270 81.480713 75.056389 63.718262 51.230446 82.640900 101.444450 117.845528 123.220520 112.398750 90.976219 67.840515 94.686882 124.408432 152.620300 164.370010 149.401123 117.788193 84.774452 95.429672 131.452866 166.620468 182.722610 166.620468 131.452866 95.429672 84.774452 117.788193 149.401123 164.370010 152.620300 124.408432 94.686882 67.840515 90.976219 112.398750 123.220520 117.845528 101.444450 82.640900 51.230446 63.718262 75.056389 81.480713 80.369270 73.461777 64.332550,
 27.128456 34.186268 38.965282 39.830048 37.179981 31.706501 24.931641 31.888113 42.070004 50.348137 53.217232 48.729919 38.802402 28.965368 34.586914 47.180573 60.799213 67.459648 60.669361 45.491142 32.495537 34.555420 48.558487 65.742996 74.474899 65.742996 48.558487 34.555420 32.495537 45.491142 60.669361 67.459648 60.799213 47.180573 34.586914 28.965368 38.802402 48.729919 53.217232 50.348137 42.070004 31.888113 24.931641 31.706501 37.179981 39.830048 38.965282 34.186268 27.128456,
 0.176762 1.005426 1.897743 2.259862 1.782699 0.846076 0.049607 0.538339 1.616892 2.676758 3.187871 2.871045 1.981688 0.999307 1.189384 2.543579 3.990650 4.814278 4.394160 3.033132 1.618087 1.825174 3.459207 5.260492 6.124594 5.260492 3.459207 1.825174 1.618087 3.033132 4.394160 4.814278 3.990650 2.543579 1.189384 0.999307 1.981688 2.871045 3.187871 2.676758 1.616892 0.538339 0.049607 0.846076 1.782699 2.259862 1.897743 1.005426 0.176762,
 0.566608 -0.120033 -0.353037 0.052599 0.414400 0.455451 0.392275 2.387991 2.283221 2.619490 2.724191 2.140080 1.128264 0.541852 4.798456 5.964120 7.941551 8.377560 6.271032 3.686021 2.019867 4.545499 6.638339 10.015513 12.142951 10.015513 6.638339 4.545499 2.019867 3.686021 6.271032 8.377560 7.941551 5.964120 4.798456 0.541852 1.128264 2.140080 2.724191 2.619490 2.283221 2.387991 0.392275 0.455451 0.414400 0.052599 -0.353037 -0.120033 0.566608,
 2.977692 3.141262 5.942318 9.238800 8.709511 5.342097 3.151248 11.113241 14.606800 20.700195 24.930225 21.778000 14.532084 9.451986 18.627834 26.260267 36.828819 42.855194 36.916504 25.194578 16.459736 20.702951 30.754333 44.127014 51.333832 44.127014 30.754333 20.702951 16.459736 25.194578 36.916504 42.855194 36.828819 26.260267 18.627834 9.451986 14.532084 21.778000 24.930225 20.700195 14.606800 11.113241 3.151248 5.342097 8.709511 9.238800 5.942318 3.141262 2.977692,
 3.564029 6.064413 6.974803 6.545075 5.598305 4.519101 3.105975 5.585458 8.090068 9.262031 9.702271 9.306407 7.495758 4.328689 6.298581 9.698567 13.127114 15.914385 15.016135 10.424207 4.926641 5.528969 10.815899 16.717346 19.989864 16.717346 10.815899 5.528969 4.926641 10.424207 15.016135 15.914385 13.127114 9.698567 6.298581 4.328689 7.495758 9.306407 9.702271 9.262031 8.090068 5.585458 3.105975 4.519101 5.598305 6.545075 6.974803 6.064413 3.564029,

Pairwise cross-correlations of the modulus of all oriented sub-bands at the same scale (size QxQ)
 18.404282 12.752244 27.090082 33.992622,
 12.752244 145.192917 207.741730 44.205559,
 27.090082 207.741730 586.053772 258.594666,
 33.992622 44.205559 258.594666 253.241180,
 12.393068 7.554385 14.931995 19.934834,
 7.554385 77.153358 104.584496 21.123281,
 14.931995 104.584496 306.120880 139.330627,
 19.934834 21.123281 139.330627 149.072998,
 9.156614 3.472698 7.784573 10.384354,
 3.472698 43.334435 60.654610 13.313924,
 7.784573 60.654610 182.722626 77.243408,
 10.384354 13.313924 77.243408 74.474907,
 6.124594 2.543152 3.589188 4.319576,
 2.543152 12.142952 18.150055 3.126104,
 3.589188 18.150055 51.333832 13.625032,
 4.319576 3.126104 13.625032 19.989864,

Cross-correlations of the modulus of all oriented sub-bands with all oriented sub-bands at the coarser scale (size QxQ)
 10.253117 7.489766 13.608214 19.224937,
 10.592008 57.462868 73.821716 20.352570,
 26.637550 81.431023 178.891693 103.372704,
 24.374460 17.311720 86.423683 104.989532,
 6.594718 4.750455 10.857307 11.396836,
 6.038454 15.121372 17.052721 4.765199,
 12.688722 23.953026 65.749924 33.714561,
 10.681206 12.804916 56.293106 44.729042,
 4.088262 3.098099 6.686510 5.439605,
 1.076959 9.410294 10.156608 -2.834829,
 5.236095 16.602203 29.411898 3.968404,
 5.651277 7.075380 17.717764 17.909199,

Cross-correlations of the real part of each oriented sub-band with both the real and imaginary part of all phase-doubled oriented sub-bands at the next coarser scale (Q matrices of size 1x2Q, which are computed and stored in a matrix of size Qx2Q)
 -2.766886 -1.710953 -2.543282 -5.633420 1.903295 0.610638 -0.626257 -1.228435,
 -1.446642 -24.244898 -17.983198 -4.548007 0.728919 2.932216 3.430295 1.407560,
 -4.061924 -28.132465 -25.863295 -30.568388 0.328453 2.926442 6.150479 -2.096221,
 -6.461046 -3.369143 -11.561681 -35.294067 0.962155 0.625770 -1.960243 -7.343700,
 -0.973022 -0.315814 -0.565001 -2.006106 1.074754 0.523752 -0.078862 0.778512,
 -0.227002 -10.612714 -10.895988 -2.820090 0.379311 1.347567 0.716542 0.873423,
 -0.805855 -16.127804 -33.633205 -15.921687 0.317816 -0.028263 0.088797 7.968836,
 -1.703560 -3.428783 -16.359493 -13.812675 0.757679 -0.408809 -1.509269 7.252021,
 0.126655 -0.765851 0.278619 0.327781 0.404114 0.358991 -0.262019 -0.122933,
 -0.334137 1.728661 12.383457 1.614639 -0.096844 3.768109 -3.115741 -2.493758,
 -0.166130 8.205507 36.233047 11.949517 -0.162707 4.711232 -9.906239 -5.978681,
 0.018018 2.498384 16.207268 10.072833 0.094533 0.799748 -3.091280 -1.450613,
