Low-band skewness and kurtosis
 -0.657279 2.274936,
 -0.591691 2.406621,
 -0.522019 2.186330,
 -0.477156 1.977790,
 -0.370507 1.754604,

High-band variance
 889.833740,

Skewness, kurtosis, variance, mean, maximum and minimum of the reconstructed texture
 -0.751435 2.100828 6001.877441 190.149109 255.000000 2.000000,

Auto-correlations of the low-frequency bands at each scale
 2129.060791 2035.334473 1993.616089 2007.633667 2054.513672 2111.590332 2169.789795 2406.761475 2168.204590 1949.601929 1839.157959 1874.901001 2030.760864 2230.312744 3450.099854 3540.045654 3571.218750 3514.280273 3377.434570 3228.189209 3110.981201 3981.271973 4398.552246 4767.498047 4921.688965 4767.498047 4398.552246 3981.271973 3110.981201 3228.189209 3377.434570 3514.280273 3571.218750 3540.045654 3450.099854 2230.312744 2030.760864 1874.901001 1839.157959 1949.601929 2168.204590 2406.761475 2169.789795 2111.590332 2054.513672 2007.633667 1993.616089 2035.334473 2129.060791,
 2045.903198 1983.001709 1927.417358 1891.374756 1874.889282 1876.750488 1893.536499 2233.834961 2113.082031 1997.385986 1932.878052 1940.956543 2016.495972 2121.289062 2749.303223 2809.371582 2850.141113 2841.952148 2772.812012 2685.126465 2612.523926 3019.691895 3270.387939 3499.418701 3597.861816 3499.418701 3270.387939 3019.691895 2612.523926 2685.126465 2772.812012 2841.952148 2850.141113 2809.371582 2749.303223 2121.289062 2016.495972 1940.956543 1932.878052 1997.385986 2113.082031 2233.834961 1893.536499 1876.750488 1874.889282 1891.374756 1927.417358 1983.001709 2045.903198,
 1621.204224 1586.435181 1573.232178 1578.563965 1592.298828 1607.693481 1620.188599 1936.223389 1858.474121 1777.898682 1724.477417 1714.457520 1751.811523 1815.497803 2360.796387 2416.097168 2439.173340 2411.479492 2335.693359 2258.296387 2209.879395 2530.924805 2697.109375 2853.182129 2921.602783 2853.182129 2697.109375 2530.924805 2209.879395 2258.296387 2335.693359 2411.479492 2439.173340 2416.097168 2360.796387 1815.497803 1751.811523 1714.457520 1724.477417 1777.898682 1858.474121 1936.223389 1620.188599 1607.693481 1592.298828 1578.563965 1573.232178 1586.435181 1621.204224,
 892.802490 853.754883 813.669128 768.650818 718.070496 673.741821 646.369385 1465.513550 1438.092896 1402.880249 1364.135010 1327.387817 1306.217896 1298.223267 1945.771118 2005.833740 2050.899170 2051.771729 2003.264160 1945.130859 1902.388306 2198.521973 2305.099609 2412.238770 2461.176270 2412.238770 2305.099609 2198.521973 1902.388306 1945.130859 2003.264160 2051.771729 2050.899170 2005.833740 1945.771118 1298.223267 1306.217896 1327.387817 1364.135010 1402.880249 1438.092896 1465.513550 646.369385 673.741821 718.070496 768.650818 813.669128 853.754883 892.802490,
 -1373.505615 -1391.698242 -1446.505859 -1502.337402 -1503.960693 -1454.924561 -1405.582031 58.460785 44.423176 -22.272530 -112.719597 -161.041626 -128.392334 -47.334404 1445.450806 1511.409180 1544.517090 1504.907959 1408.619873 1334.447021 1330.966431 1957.281006 2056.108398 2184.104736 2246.438477 2184.104736 2056.108398 1957.281006 1330.966431 1334.447021 1408.619873 1504.907959 1544.517090 1511.409180 1445.450806 -47.334404 -128.392334 -161.041626 -112.719597 -22.272530 44.423176 58.460785 -1405.582031 -1454.924561 -1503.960693 -1502.337402 -1446.505859 -1391.698242 -1373.505615,

Auto-correlations of the modulus of each oriented sub-band
 6.880350 7.883296 8.723326 9.042131 8.632658 7.641714 6.463697 7.687586 9.019161 10.201303 10.705219 10.228971 8.977047 7.490211 8.943927 11.137647 13.060511 13.987771 13.399580 11.498115 9.083066 9.653120 12.800140 15.968426 17.398724 15.968426 12.800140 9.653120 9.083066 11.498115 13.399580 13.987771 13.060511 11.137647 8.943927 7.490211 8.977047 10.228971 10.705219 10.201303 9.019161 7.687586 6.463697 7.641714 8.632658 9.042131 8.723326 7.883296 6.880350,
 50.050438 55.603058 61.893959 67.120300 70.491051 73.096832 75.331314 67.795280 78.876434 90.805862 97.650856 97.255203 94.358047 91.734550 86.986542 103.434738 122.126831 131.414413 124.604706 112.045761 101.693024 100.153694 116.724075 136.787659 147.562256 136.787659 116.724075 100.153694 101.693024 112.045761 124.604706 131.414413 122.126831 103.434738 86.986542 91.734550 94.358047 97.255203 97.650856 90.805862 78.876434 67.795280 75.331314 73.096832 70.491051 67.120300 61.893959 55.603058 50.050438,
 216.182190 226.831787 239.372101 245.500458 239.387451 225.747345 212.398773 285.062744 316.988129 352.165344 368.311157 349.908508 310.647491 272.734070 348.277100 408.122589 474.090424 504.895294 471.317413 401.431488 336.614990 370.009674 445.552795 529.135010 569.729187 529.135010 445.552795 370.009674 336.614990 401.431488 471.317413 504.895294 474.090424 408.122589 348.277100 272.734070 310.647491 349.908508 368.311157 352.165344 316.988129 285.062744 212.398773 225.747345 239.387451 245.500458 239.372101 226.831787 216.182190,
 118.620598 117.670197 115.859764 111.477753 104.154121 96.250671 89.243538 140.884415 147.325836 152.193817 150.730942 140.156219 125.151741 111.390099 154.966675 171.187958 187.608429 193.654877 180.634369 157.240204 136.002808 153.218445 176.091583 201.516907 214.238754 201.516907 176.091583 153.218445 136.002808 157.240204 180.634369 193.654877 187.608429 171.187958 154.966675 111.390099 125.151741 140.156219 150.730942 152.193817 147.325836 140.884415 89.243538 96.250671 104.154121 111.477753 115.859764 117.670197 118.620598,
 5.151491 6.093921 6.840545 6.978798 6.360469 5.237563 4.078634 5.498205 6.493758 7.261385 7.477946 6.958261 5.806502 4.511704 5.888253 7.684158 9.380259 10.095394 9.298910 7.443219 5.515313 6.253576 8.766634 11.441707 12.688303 11.441707 8.766634 6.253576 5.515313 7.443219 9.298910 10.095394 9.380259 7.684158 5.888253 4.511704 5.806502 6.958261 7.477946 7.261385 6.493758 5.498205 4.078634 5.237563 6.360469 6.978798 6.840545 6.093921 5.151491,
 20.248823 24.438374 28.159462 30.568745 31.836113 32.731052 33.426945 29.552433 37.296043 44.622925 47.763367 46.927078 44.949043 43.128201 40.391804 51.580761 63.931656 68.818069 63.728203 55.728931 49.227581 48.239605 59.018478 72.489410 79.741745 72.489410 59.018478 48.239605 49.227581 55.728931 63.728203 68.818069 63.931656 51.580761 40.391804 43.128201 44.949043 46.927078 47.763367 44.622925 37.296043 29.552433 33.426945 32.731052 31.836113 30.568745 28.159462 24.438374 20.248823,
 61.864006 64.303970 64.669510 60.483112 52.493546 45.902225 43.180977 90.262314 105.158043 120.201958 122.576950 106.644371 84.919960 69.845200 114.227242 147.150558 185.202042 200.614685 175.854782 133.783096 101.018929 119.762634 161.612930 213.081635 239.588898 213.081635 161.612930 119.762634 101.018929 133.783096 175.854782 200.614685 185.202042 147.150558 114.227242 69.845200 84.919960 106.644371 122.576950 120.201958 105.158043 90.262314 43.180977 45.902225 52.493546 60.483112 64.669510 64.303970 61.864006,
 38.725334 39.591721 40.587688 41.230453 39.966999 36.411652 32.145905 50.195564 54.819439 59.294582 61.830555 58.800632 50.654682 41.995926 60.089527 70.698326 82.146309 88.704086 82.987877 68.548683 54.545162 62.215027 77.465012 94.335510 102.741135 94.335510 77.465012 62.215027 54.545162 68.548683 82.987877 88.704086 82.146309 70.698326 60.089527 41.995926 50.654682 58.800632 61.830555 59.294582 54.819439 50.195564 32.145905 36.411652 39.966999 41.230453 40.587688 39.591721 38.725334,
 2.685532 3.538841 4.268359 4.572706 4.317600 3.541181 2.509932 2.929721 3.987641 4.958208 5.493054 5.337245 4.477312 3.252568 3.472741 5.000961 6.587611 7.496744 7.129219 5.652982 3.880919 4.024826 6.151846 8.358284 9.372267 8.358284 6.151846 4.024826 3.880919 5.652982 7.129219 7.496744 6.587611 5.000961 3.472741 3.252568 4.477312 5.337245 5.493054 4.958208 3.987641 2.929721 2.509932 3.541181 4.317600 4.572706 4.268359 3.538841 2.685532,
 6.425304 7.398674 8.604157 9.792542 10.560327 10.888359 10.823383 10.336713 13.840266 17.433407 19.386511 19.606930 19.432743 18.490604 16.121792 21.913172 28.570509 31.745605 29.445520 26.021513 22.870419 21.454580 27.105728 34.169125 38.257240 34.169125 27.105728 21.454580 22.870419 26.021513 29.445520 31.745605 28.570509 21.913172 16.121792 18.490604 19.432743 19.606930 19.386511 17.433407 13.840266 10.336713 10.823383 10.888359 10.560327 9.792542 8.604157 7.398674 6.425304,
 18.343983 19.938683 24.957777 30.529476 31.639399 28.568596 27.946613 27.089615 38.282261 55.468765 69.135353 67.701660 54.327549 43.413132 41.435646 65.128990 96.266487 115.796280 106.165413 78.028572 54.114357 53.383766 83.320709 119.993828 138.253845 119.993828 83.320709 53.383766 54.114357 78.028572 106.165413 115.796280 96.266487 65.128990 41.435646 43.413132 54.327549 67.701660 69.135353 55.468765 38.282261 27.089615 27.946613 28.568596 31.639399 30.529476 24.957777 19.938683 18.343983,
 21.206463 24.108461 24.787157 23.045742 20.294817 17.452398 14.876995 25.852173 31.817369 36.183205 37.302361 34.113655 27.455275 20.499065 30.693541 40.700363 50.402798 55.081490 50.158779 38.513626 27.294203 31.688318 44.204300 57.555859 64.006470 57.555859 44.204300 31.688318 27.294203 38.513626 50.158779 55.081490 50.402798 40.700363 30.693541 20.499065 27.455275 34.113655 37.302361 36.183205 31.817369 25.852173 14.876995 17.452398 20.294817 23.045742 24.787157 24.108461 21.206463,
 0.005624 0.751225 1.501541 1.878345 1.652293 0.932188 -0.011307 0.983111 2.073688 2.916230 3.142682 2.602782 1.475260 0.192134 1.955199 3.964744 5.621427 6.219432 5.340472 3.380759 1.247927 2.189945 4.794804 7.153127 8.155600 7.153127 4.794804 2.189945 1.247927 3.380759 5.340472 6.219432 5.621427 3.964744 1.955199 0.192134 1.475260 2.602782 3.142682 2.916230 2.073688 0.983111 -0.011307 0.932188 1.652293 1.878345 1.501541 0.751225 0.005624,
 7.723313 7.475581 6.318319 5.419340 4.972603 3.819969 1.581446 12.140835 14.682750 14.823741 12.650983 10.021592 7.604659 4.874151 13.189592 18.276443 21.883337 21.125055 16.798639 12.119190 8.149727 11.390079 16.740814 22.515480 25.415220 22.515480 16.740814 11.390079 8.149727 12.119190 16.798639 21.125055 21.883337 18.276443 13.189592 4.874151 7.604659 10.021592 12.650983 14.823741 14.682750 12.140835 1.581446 3.819969 4.972603 5.419340 6.318319 7.475581 7.723313,
 23.165058 35.990051 43.677013 39.572144 24.794437 7.535264 -6.077469 31.137686 49.416405 63.668915 63.916840 48.269005 26.160049 7.538340 33.134510 56.854279 79.441437 86.199844 70.681519 43.789810 19.862839 29.002913 55.300743 83.303207 96.273865 83.303207 55.300743 29.002913 19.862839 43.789810 70.681519 86.199844 79.441437 56.854279 33.134510 7.538340 26.160049 48.269005 63.916840 63.668915 49.416405 31.137686 -6.077469 7.535264 24.794437 39.572144 43.677013 35.990051 23.165058,
 3.159770 6.374814 8.995881 9.164219 7.042220 4.906522 4.233278 3.928861 7.954908 12.487579 14.290777 11.617897 7.360145 5.273101 5.408900 10.793827 18.274132 22.224136 18.238373 10.877417 6.494284 6.758911 12.649911 21.788296 26.989182 21.788296 12.649911 6.758911 6.494284 10.877417 18.238373 22.224136 18.274132 10.793827 5.408900 5.273101 7.360145 11.617897 14.290777 12.487579 7.954908 3.928861 4.233278 4.906522 7.042220 9.164219 8.995881 6.374814 3.159770,

Pairwise cross-correlations of the modulus of all oriented sub-bands at the same scale (size QxQ)
 17.398724 16.596558 26.151886 26.530857,
 16.596558 147.562256 198.702301 47.057793,
 26.151886 198.702301 569.729126 250.120682,
 26.530857 47.057793 250.120682 214.238739,
 12.688301 9.451344 16.471693 17.469059,
 9.451344 79.741753 87.649353 11.565708,
 16.471693 87.649353 239.588898 99.422302,
 17.469059 11.565708 99.422302 102.741135,
 9.372268 3.949302 6.591022 10.539042,
 3.949302 38.257240 45.846169 6.161530,
 6.591022 45.846169 138.253845 56.711769,
 10.539042 6.161530 56.711769 64.006477,
 8.155600 3.753505 3.072253 7.086033,
 3.753505 25.415222 38.370983 9.568500,
 3.072253 38.370983 96.273872 33.932625,
 7.086033 9.568500 33.932625 26.989182,

Cross-correlations of the modulus of all oriented sub-bands with all oriented sub-bands at the coarser scale (size QxQ)
 10.416866 9.408124 12.975365 15.317846,
 12.554941 48.690964 46.724339 11.796947,
 27.499792 56.869759 108.772133 63.432083,
 22.383976 13.698704 62.816437 68.854416,
 6.860723 3.520252 7.870003 11.760128,
 7.400924 22.338615 28.021404 13.219315,
 10.389134 15.955866 49.397064 32.913738,
 8.745365 -2.476716 25.450039 35.762512,
 5.858434 5.313199 6.049973 6.375989,
 5.110071 9.068078 14.926813 4.759199,
 11.208559 13.307954 38.276947 24.537487,
 9.308249 1.570416 9.502323 17.639917,

Cross-correlations of the real part of each oriented sub-band with both the real and imaginary part of all phase-doubled oriented sub-bands at the next coarser scale (Q matrices of size 1x2Q, which are computed and stored in a matrix of size Qx2Q)
 -1.222636 -2.901054 -1.610500 -2.053385 0.513707 0.049666 -0.095142 -0.129577,
 -1.990063 -37.110847 -27.632404 -2.723052 0.278475 1.796525 4.472859 -0.409186,
 -2.688519 -40.740627 -32.726627 -12.462962 0.372589 3.860855 1.921608 -2.459695,
 -2.309083 -4.248841 -4.879255 -12.313663 0.439638 0.871976 -3.119912 -1.493579,
 -0.204731 -1.125632 -1.184445 -1.089344 -0.163185 0.328211 0.001817 0.906640,
 -0.599788 -21.341463 -29.094183 -4.751015 0.101827 3.532760 7.937205 0.258181,
 -0.586359 -30.609638 -64.663658 -23.222580 -0.030572 5.542514 3.504913 -2.678258,
 -0.303294 -5.888902 -23.697201 -16.115120 -0.129532 1.128451 -5.037803 -0.689787,
 -0.681667 -0.086878 0.188689 0.127131 0.970897 0.495136 -0.144452 -1.642357,
 -0.144949 4.944074 16.290627 1.283304 0.083555 5.401997 3.555087 -1.697078,
 -0.167906 11.237325 28.714367 0.849077 -0.089757 6.969701 -9.761499 -16.868546,
 -0.720448 3.066828 4.111653 0.629593 0.573718 0.793324 -11.710412 -15.891275,
