Low-band skewness and kurtosis
 -0.550211 2.268456,
 -0.479347 2.487331,
 -0.285213 2.375828,
 -0.071557 2.417189,
 0.099666 2.054854,

High-band variance
 1049.458862,

Skewness, kurtosis, variance, mean, maximum and minimum of the reconstructed texture
 -0.688994 2.036547 5724.942871 188.934326 255.000000 0.000000,

Auto-correlations of the low-frequency bands at each scale
 1015.224670 945.370972 912.668396 915.374146 941.231018 979.544922 1027.339233 1279.408081 1089.883667 936.795105 878.391357 937.469055 1097.458374 1309.229370 2615.038086 2721.961426 2797.180420 2821.827393 2790.206299 2736.780762 2689.081055 3645.958008 4017.210449 4321.033691 4443.480469 4321.033691 4017.210449 3645.958008 2689.081055 2736.780762 2790.206299 2821.827393 2797.180420 2721.961426 2615.038086 1309.229370 1097.458374 937.469055 878.391357 936.795105 1089.883667 1279.408081 1027.339233 979.544922 941.231018 915.374146 912.668396 945.370972 1015.224670,
 995.333557 979.919678 969.327637 962.208862 957.303589 952.435059 948.849792 1046.134521 910.058777 799.247437 755.225342 794.301147 902.503845 1042.775391 1813.273926 1863.281738 1912.832153 1944.210449 1942.893433 1924.866699 1904.312012 2483.687012 2723.120117 2925.358887 3008.581055 2925.358887 2723.120117 2483.687012 1904.312012 1924.866699 1942.893433 1944.210449 1912.832153 1863.281738 1813.273926 1042.775391 902.503845 794.301147 755.225342 799.247437 910.058777 1046.134521 948.849792 952.435059 957.303589 962.208862 969.327637 979.919678 995.333557,
 739.379089 711.358154 696.845520 693.562195 698.731262 712.328125 732.831726 847.315002 809.218506 785.775085 782.404236 800.506287 843.696655 905.591125 1393.304321 1436.625366 1477.210327 1497.036377 1483.545044 1456.047241 1432.781616 1791.655640 1910.054932 2013.587280 2058.009277 2013.587280 1910.054932 1791.655640 1432.781616 1456.047241 1483.545044 1497.036377 1477.210327 1436.625366 1393.304321 905.591125 843.696655 800.506287 782.404236 785.775085 809.218506 847.315002 732.831726 712.328125 698.731262 693.562195 696.845520 711.358154 739.379089,
 337.894653 318.340576 293.665070 268.339844 244.701385 229.024048 228.555237 683.359619 622.660767 563.527466 530.180603 529.301147 554.165771 588.792847 1082.493896 1096.846558 1118.047363 1134.700195 1132.433350 1116.517700 1097.318848 1357.175415 1444.503174 1529.211914 1566.313721 1529.211914 1444.503174 1357.175415 1097.318848 1116.517700 1132.433350 1134.700195 1118.047363 1096.846558 1082.493896 588.792847 554.165771 529.301147 530.180603 563.527466 622.660767 683.359619 228.555237 229.024048 244.701385 268.339844 293.665070 318.340576 337.894653,
 -748.848083 -755.140137 -755.164673 -747.257446 -729.508911 -714.130859 -716.207214 -142.557602 -156.520889 -179.385315 -200.012924 -201.709991 -180.979141 -154.400192 753.714355 770.565063 772.751526 751.760864 717.301697 697.380249 705.961304 1181.244873 1212.279907 1255.104492 1276.478516 1255.104492 1212.279907 1181.244873 705.961304 697.380249 717.301697 751.760864 772.751526 770.565063 753.714355 -154.400192 -180.979141 -201.709991 -200.012924 -179.385315 -156.520889 -142.557602 -716.207214 -714.130859 -729.508911 -747.257446 -755.164673 -755.140137 -748.848083,

Auto-correlations of the modulus of each oriented sub-band
 4.735515 5.509427 6.201861 6.458545 6.130767 5.388852 4.553917 5.486969 6.380959 7.077717 7.305695 6.938492 6.103292 5.125539 6.228319 7.681099 8.980225 9.581007 9.112139 7.755272 6.121889 6.541186 8.769485 11.081172 12.141173 11.081172 8.769485 6.541186 6.121889 7.755272 9.112139 9.581007 8.980225 7.681099 6.228319 5.125539 6.103292 6.938492 7.305695 7.077717 6.380959 5.486969 4.553917 5.388852 6.130767 6.458545 6.201861 5.509427 4.735515,
 40.515587 43.803104 47.977795 52.028011 55.281544 57.649868 59.196396 58.278519 67.041351 76.789124 83.151077 84.303696 82.703766 80.497040 81.987541 96.599854 112.752541 121.236115 117.038841 106.974182 97.581367 98.722504 114.038292 131.361359 140.125336 131.361359 114.038292 98.722504 97.581367 106.974182 117.038841 121.236115 112.752541 96.599854 81.987541 80.497040 82.703766 84.303696 83.151077 76.789124 67.041351 58.278519 59.196396 57.649868 55.281544 52.028011 47.977795 43.803104 40.515587,
 169.097534 181.141602 193.646301 200.164703 198.366150 192.110840 185.083191 230.213669 265.381561 302.478790 319.551605 306.308197 275.912994 245.617996 301.769257 367.149536 437.483856 469.999390 439.560272 373.859985 311.690399 338.621704 417.858734 503.776184 544.756226 503.776184 417.858734 338.621704 311.690399 373.859985 439.560272 469.999390 437.483856 367.149536 301.769257 245.617996 275.912994 306.308197 319.551605 302.478790 265.381561 230.213669 185.083191 192.110840 198.366150 200.164703 193.646301 181.141602 169.097534,
 73.955406 74.596497 74.514664 72.560577 68.927933 65.116730 62.071327 92.449364 98.114166 103.009254 103.435005 97.070824 86.855774 77.711617 107.411369 120.669449 134.946823 141.230103 131.742264 113.242783 97.013954 109.633751 127.975792 149.265686 160.046326 149.265686 127.975792 109.633751 97.013954 113.242783 131.742264 141.230103 134.946823 120.669449 107.411369 77.711617 86.855774 97.070824 103.435005 103.009254 98.114166 92.449364 62.071327 65.116730 68.927933 72.560577 74.514664 74.596497 73.955406,
 2.289133 2.652481 3.038683 3.252859 3.150454 2.751319 2.236497 2.437368 2.920495 3.403270 3.634049 3.497641 3.046220 2.463042 2.912517 3.949897 4.991424 5.435133 5.000901 3.988296 2.942781 3.290056 4.862617 6.583220 7.392723 6.583220 4.862617 3.290056 2.942781 3.988296 5.000901 5.435133 4.991424 3.949897 2.912517 2.463042 3.046220 3.497641 3.634049 3.403270 2.920495 2.437368 2.236497 2.751319 3.150454 3.252859 3.038683 2.652481 2.289133,
 28.355330 32.921345 37.072819 39.565903 40.405529 40.104733 39.014496 39.522137 47.559658 55.151451 58.618538 57.507538 54.044178 49.741718 52.528511 64.447769 76.530289 81.733032 77.286011 68.247574 59.087105 60.666710 73.384232 86.775360 93.244026 86.775360 73.384232 60.666710 59.087105 68.247574 77.286011 81.733032 76.530289 64.447769 52.528511 49.741718 54.044178 57.507538 58.618538 55.151451 47.559658 39.522137 39.014496 40.104733 40.405529 39.565903 37.072819 32.921345 28.355330,
 81.092278 101.013512 122.310303 134.967072 131.542191 114.728828 93.773552 116.721733 157.150604 200.104767 223.027618 210.480133 172.494598 129.956970 156.068207 221.115829 289.003754 322.626221 296.367096 231.838760 165.112823 177.319244 254.605240 333.457458 369.996338 333.457458 254.605240 177.319244 165.112823 231.838760 296.367096 322.626221 289.003754 221.115829 156.068207 129.956970 172.494598 210.480133 223.027618 200.104767 157.150604 116.721733 93.773552 114.728828 131.542191 134.967072 122.310303 101.013512 81.092278,
 42.062000 45.659767 46.633183 44.812016 40.952297 36.132164 31.997730 50.161137 57.675167 63.214031 64.199486 58.962681 49.697224 41.321110 56.692135 68.854134 80.942101 86.406555 79.300972 64.665718 51.455379 57.616547 72.536552 89.076111 97.297745 89.076111 72.536552 57.616547 51.455379 64.665718 79.300972 86.406555 80.942101 68.854134 56.692135 41.321110 49.697224 58.962681 64.199486 63.214031 57.675167 50.161137 31.997730 36.132164 40.952297 44.812016 46.633183 45.659767 42.062000,
 2.077964 2.367192 2.588058 2.680711 2.620260 2.422893 2.115938 2.343372 2.709708 2.975405 3.073936 2.981231 2.713769 2.348120 2.757494 3.400935 4.067006 4.423996 4.176751 3.494428 2.819346 3.109709 4.088997 5.230391 5.788163 5.230391 4.088997 3.109709 2.819346 3.494428 4.176751 4.423996 4.067006 3.400935 2.757494 2.348120 2.713769 2.981231 3.073936 2.975405 2.709708 2.343372 2.115938 2.422893 2.620260 2.680711 2.588058 2.367192 2.077964,
 3.702105 3.973123 4.460635 4.984429 5.239581 5.069178 4.864900 6.786250 9.053823 12.205704 14.379061 14.647606 13.656447 12.226073 12.359425 17.319675 24.011425 27.710649 25.846397 21.753880 18.082485 17.677746 23.240536 30.773623 34.980595 30.773623 23.240536 17.677746 18.082485 21.753880 25.846397 27.710649 24.011425 17.319675 12.359425 12.226073 13.656447 14.647606 14.379061 12.205704 9.053823 6.786250 4.864900 5.069178 5.239581 4.984429 4.460635 3.973123 3.702105,
 43.913189 45.476208 43.630665 40.163361 36.161488 32.334064 28.136799 66.863960 79.641930 88.963326 90.847214 83.319481 69.450996 54.040295 86.105743 115.320419 141.395599 151.455811 138.109650 109.356323 78.472626 91.490326 129.544586 165.349533 181.097290 165.349533 129.544586 91.490326 78.472626 109.356323 138.109650 151.455811 141.395599 115.320419 86.105743 54.040295 69.450996 83.319481 90.847214 88.963326 79.641930 66.863960 28.136799 32.334064 36.161488 40.163361 43.630665 45.476208 43.913189,
 11.338531 9.843200 8.554021 8.442213 9.226089 10.031070 10.543232 18.613317 18.363594 18.551556 19.226183 18.944706 17.255409 15.532763 23.781452 26.849579 31.209946 34.157536 32.040314 26.211044 21.092373 24.558722 30.474117 38.136673 42.209084 38.136673 30.474117 24.558722 21.092373 26.211044 32.040314 34.157536 31.209946 26.849579 23.781452 15.532763 17.255409 18.944706 19.226183 18.551556 18.363594 18.613317 10.543232 10.031070 9.226089 8.442213 8.554021 9.843200 11.338531,
 0.446908 0.384129 0.319691 0.329912 0.399901 0.513978 0.672872 0.771385 0.841012 0.716748 0.520347 0.409154 0.449200 0.586943 0.642612 1.159204 1.606232 1.671913 1.325214 0.860502 0.505454 0.516849 1.466363 2.577718 3.130868 2.577718 1.466363 0.516849 0.505454 0.860502 1.325214 1.671913 1.606232 1.159204 0.642612 0.586943 0.449200 0.409154 0.520347 0.716748 0.841012 0.771385 0.672872 0.513978 0.399901 0.329912 0.319691 0.384129 0.446908,
 1.270328 2.434314 4.286267 6.439081 7.326929 6.504679 4.558459 8.559880 12.898776 16.614326 18.137047 17.047993 14.439061 10.771678 13.966999 20.860334 27.478571 29.647030 26.205976 20.680490 15.262653 16.362400 23.419735 31.071886 34.861927 31.071886 23.419735 16.362400 15.262653 20.680490 26.205976 29.647030 27.478571 20.860334 13.966999 10.771678 14.439061 17.047993 18.137047 16.614326 12.898776 8.559880 4.558459 6.504679 7.326929 6.439081 4.286267 2.434314 1.270328,
 -8.467229 -6.881715 -1.348760 6.782794 15.114871 22.672310 28.232731 3.554411 15.431131 30.424122 42.628960 47.943844 48.305595 46.360207 21.948002 41.411015 63.021210 76.478203 74.927902 63.966648 51.645298 41.314640 61.136074 81.541939 91.107178 81.541939 61.136074 41.314640 51.645298 63.966648 74.927902 76.478203 63.021210 41.411015 21.948002 46.360207 48.305595 47.943844 42.628960 30.424122 15.431131 3.554411 28.232731 22.672310 15.114871 6.782794 -1.348760 -6.881715 -8.467229,
 -0.364045 1.526725 5.153505 7.435587 6.958501 4.745952 2.461146 3.435982 7.384513 13.254321 16.905571 15.701226 11.461687 7.563972 7.146867 13.119011 21.327858 26.344748 23.529915 16.394032 10.465834 9.998396 16.884178 25.901188 30.683016 25.901188 16.884178 9.998396 10.465834 16.394032 23.529915 26.344748 21.327858 13.119011 7.146867 7.563972 11.461687 15.701226 16.905571 13.254321 7.384513 3.435982 2.461146 4.745952 6.958501 7.435587 5.153505 1.526725 -0.364045,

Pairwise cross-correlations of the modulus of all oriented sub-bands at the same scale (size QxQ)
 12.141174 13.629156 15.395018 17.344500,
 13.629156 140.125366 202.040665 47.747681,
 15.395018 202.040665 544.756348 203.757584,
 17.344500 47.747681 203.757584 160.046326,
 7.392724 8.453945 10.155733 10.846972,
 8.453945 93.244041 137.667694 36.755825,
 10.155733 137.667694 369.996338 135.314880,
 10.846972 36.755825 135.314880 97.297752,
 5.788163 1.715053 1.089840 4.018198,
 1.715053 34.980598 58.041866 14.494846,
 1.089840 58.041866 181.097321 63.154018,
 4.018198 14.494846 63.154018 42.209087,
 3.130868 2.668063 3.730955 3.641281,
 2.668063 34.861931 47.147354 7.881230,
 3.730955 47.147354 91.107178 30.302828,
 3.641281 7.881230 30.302828 30.683018,

Cross-correlations of the modulus of all oriented sub-bands with all oriented sub-bands at the coarser scale (size QxQ)
 6.387570 9.337053 7.057078 10.695172,
 10.578367 40.311779 45.485123 20.145233,
 16.699678 56.451668 116.553474 58.846790,
 13.382820 20.516518 54.276058 48.776237,
 3.385422 2.092166 1.969840 4.072403,
 8.726904 17.333460 21.217596 12.088039,
 16.085318 23.193895 47.420254 26.518057,
 10.919980 3.144495 15.375252 20.061762,
 2.178730 3.316423 4.722479 4.349329,
 0.920990 14.475230 23.619656 5.333928,
 3.442081 20.159607 42.066704 15.216780,
 3.521939 9.210787 20.055304 15.031687,

Cross-correlations of the real part of each oriented sub-band with both the real and imaginary part of all phase-doubled oriented sub-bands at the next coarser scale (Q matrices of size 1x2Q, which are computed and stored in a matrix of size Qx2Q)
 -0.993150 -1.925223 -0.792107 -1.275426 0.266404 0.069899 -0.474531 -0.786842,
 -1.407561 -34.498344 -30.408480 -9.010480 0.358815 -3.501122 -10.815316 -2.582696,
 -1.522437 -50.133987 -67.069267 -38.186829 0.443358 -8.073490 -22.692211 -11.338134,
 -1.413630 -9.367006 -23.135630 -23.578316 0.397861 -2.547875 -7.616692 -8.245288,
 -0.363682 -1.225426 -0.694485 0.029226 -0.054801 -0.058911 -0.174117 -0.624506,
 -0.375287 -26.075304 -36.024227 -5.648841 0.021638 -5.491649 -17.020712 -4.083892,
 -0.136020 -42.265686 -74.083298 -19.855762 0.146774 -15.644323 -42.873482 -12.909229,
 -0.058934 -9.308804 -21.345896 -9.404573 0.130374 -5.254793 -14.106389 -7.394404,
 0.091304 -0.661695 0.302688 0.365781 0.024085 0.028707 -0.416199 -0.849452,
 -0.096165 -19.081219 -25.960070 -1.332286 0.280311 0.760298 -2.983277 -2.897459,
 -0.323943 -28.608261 -43.934288 4.925776 0.485023 0.800180 -19.993790 -17.978760,
 -0.115306 -5.215928 -5.292506 7.354173 0.434353 -0.029697 -13.402491 -13.696950,
