Low-band skewness and kurtosis
 -0.517636 2.169413,
 -0.479591 2.419246,
 -0.413691 2.223827,
 -0.012940 1.998182,
 0.208431 1.651905,

High-band variance
 995.366089,

Skewness, kurtosis, variance, mean, maximum and minimum of the reconstructed texture
 -0.657217 1.973062 5587.481445 189.008240 255.000000 2.000000,

Auto-correlations of the low-frequency bands at each scale
 1081.522705 1055.952148 1059.713013 1087.750488 1124.609497 1157.428955 1175.749512 1194.711426 1023.320740 884.052246 816.205322 834.989014 932.396545 1075.712646 2790.802734 2801.609863 2769.707275 2687.739258 2561.969971 2435.911621 2347.583008 3752.299805 4036.019043 4267.525391 4361.027832 4267.525391 4036.019043 3752.299805 2347.583008 2435.911621 2561.969971 2687.739258 2769.707275 2801.609863 2790.802734 1075.712646 932.396545 834.989014 816.205322 884.052246 1023.320740 1194.711426 1175.749512 1157.428955 1124.609497 1087.750488 1059.713013 1055.952148 1081.522705,
 1018.305664 965.248108 923.428101 895.195557 873.164185 850.662170 825.729248 1152.620483 1033.707153 922.741272 841.752502 799.478943 794.518921 812.400391 1952.478394 1969.752441 1970.138184 1937.122437 1866.832031 1791.411621 1735.973267 2546.243652 2698.635254 2833.854248 2891.938965 2833.854248 2698.635254 2546.243652 1735.973267 1791.411621 1866.832031 1937.122437 1970.138184 1969.752441 1952.478394 812.400391 794.518921 799.478943 841.752502 922.741272 1033.707153 1152.620483 825.729248 850.662170 873.164185 895.195557 923.428101 965.248108 1018.305664,
 544.142395 520.798828 515.260925 531.565002 566.879089 612.483643 658.723083 866.767273 771.756714 686.159424 623.299316 590.407593 591.541992 619.308533 1588.521362 1568.090210 1530.243530 1462.982056 1362.979370 1259.566772 1177.851929 1819.850464 1935.156250 2036.018311 2079.569580 2036.018311 1935.156250 1819.850464 1177.851929 1259.566772 1362.979370 1462.982056 1530.243530 1568.090210 1588.521362 619.308533 591.541992 590.407593 623.299316 686.159424 771.756714 866.767273 658.723083 612.483643 566.879089 531.565002 515.260925 520.798828 544.142395,
 427.879883 455.561035 483.731506 502.664856 503.967529 489.684143 466.091431 663.916809 624.166077 599.383240 595.598755 610.359802 643.268494 687.838196 1117.568237 1107.716187 1086.547607 1051.114868 1003.787109 966.952942 957.226685 1308.319336 1384.299805 1453.153442 1482.944092 1453.153442 1384.299805 1308.319336 957.226685 966.952942 1003.787109 1051.114868 1086.547607 1107.716187 1117.568237 687.838196 643.268494 610.359802 595.598755 599.383240 624.166077 663.916809 466.091431 489.684143 503.967529 502.664856 483.731506 455.561035 427.879883,
 -760.580383 -765.411133 -782.017517 -800.407410 -801.666565 -786.028442 -770.323181 -47.303471 -41.888973 -48.044617 -67.318825 -82.891891 -80.492950 -67.396957 774.043762 792.773071 807.497314 801.626648 777.752441 758.663086 755.294128 1138.560791 1159.595825 1189.372070 1204.649780 1189.372070 1159.595825 1138.560791 755.294128 758.663086 777.752441 801.626648 807.497314 792.773071 774.043762 -67.396957 -80.492950 -82.891891 -67.318825 -48.044617 -41.888973 -47.303471 -770.323181 -786.028442 -801.666565 -800.407410 -782.017517 -765.411133 -760.580383,

Auto-correlations of the modulus of each oriented sub-band
 4.268325 5.194243 5.929300 6.097879 5.553954 4.503981 3.344825 4.754222 5.852489 6.715833 6.963083 6.425640 5.302355 4.004915 5.366412 7.043263 8.545402 9.237185 8.692424 7.110596 5.182347 5.781621 8.161492 10.376440 11.324872 10.376440 8.161492 5.781621 5.182347 7.110596 8.692424 9.237185 8.545402 7.043263 5.366412 4.004915 5.302355 6.425640 6.963083 6.715833 5.852489 4.754222 3.344825 4.503981 5.553954 6.097879 5.929300 5.194243 4.268325,
 21.729553 24.350834 27.361256 28.993908 28.556549 27.392990 27.129494 35.721615 42.366737 50.140068 53.675972 51.209633 46.580650 43.597271 52.411816 63.214321 77.115181 83.433746 77.038170 66.048256 58.535801 62.440838 73.735268 89.647812 98.204903 89.647812 73.735268 62.440838 58.535801 66.048256 77.038170 83.433746 77.115181 63.214321 52.411816 43.597271 46.580650 51.209633 53.675972 50.140068 42.366737 35.721615 27.129494 27.392990 28.556549 28.993908 27.361256 24.350834 21.729553,
 159.441757 172.104385 184.224686 188.791122 182.438675 170.236252 159.687332 245.422592 279.919342 312.788910 325.756866 309.286774 275.067596 241.746384 338.055420 399.494873 459.306183 484.517639 456.076263 394.918213 334.002441 378.161499 452.680145 526.903320 560.438843 526.903320 452.680145 378.161499 334.002441 394.918213 456.076263 484.517639 459.306183 399.494873 338.055420 241.746384 275.067596 309.286774 325.756866 312.788910 279.919342 245.422592 159.687332 170.236252 182.438675 188.791122 184.224686 172.104385 159.441757,
 64.269089 64.662315 65.092529 64.353447 61.739330 57.598122 53.174583 83.377228 88.693085 93.480270 94.751022 90.080917 80.647751 70.620422 100.549431 112.881828 125.023132 130.455780 123.575668 107.900093 91.837074 104.638138 122.064804 139.751511 147.933014 139.751511 122.064804 104.638138 91.837074 107.900093 123.575668 130.455780 125.023132 112.881828 100.549431 70.620422 80.647751 90.080917 94.751022 93.480270 88.693085 83.377228 53.174583 57.598122 61.739330 64.353447 65.092529 64.662315 64.269089,
 2.237780 2.767103 3.197248 3.271155 2.912038 2.308391 1.747771 2.681960 3.346469 3.893844 4.048413 3.719744 3.074103 2.408996 3.405436 4.620246 5.795883 6.348242 5.895178 4.697947 3.389292 3.906685 5.674991 7.472549 8.288683 7.472549 5.674991 3.906685 3.389292 4.697947 5.895178 6.348242 5.795883 4.620246 3.405436 2.408996 3.074103 3.719744 4.048413 3.893844 3.346469 2.681960 1.747771 2.308391 2.912038 3.271155 3.197248 2.767103 2.237780,
 4.097053 7.087592 9.832415 11.741119 12.766891 13.221872 13.525916 14.688511 20.515587 25.668127 27.680403 27.117792 26.109619 25.254704 27.400881 35.189247 43.745720 46.803730 43.025246 38.055275 34.680080 35.777809 42.350624 51.342125 56.410332 51.342125 42.350624 35.777809 34.680080 38.055275 43.025246 46.803730 43.745720 35.189247 27.400881 25.254704 26.109619 27.117792 27.680403 25.668127 20.515587 14.688511 13.525916 13.221872 12.766891 11.741119 9.832415 7.087592 4.097053,
 29.020517 41.518200 57.234219 72.125916 80.885986 83.915878 83.627220 87.095711 112.787514 140.268036 160.113449 163.527954 154.504547 141.526855 160.574371 199.919464 239.525375 262.067383 254.057114 225.923737 194.748016 206.553528 249.696869 291.780121 311.091370 291.780121 249.696869 206.553528 194.748016 225.923737 254.057114 262.067383 239.525375 199.919464 160.574371 141.526855 154.504547 163.527954 160.113449 140.268036 112.787514 87.095711 83.627220 83.915878 80.885986 72.125916 57.234219 41.518200 29.020517,
 20.596876 21.504763 22.987862 24.474873 24.503479 22.358515 19.492769 29.559328 33.382565 38.134605 41.455193 39.558861 32.842236 25.995153 37.485039 45.962784 56.562622 63.120346 58.158401 45.453613 34.105293 39.306576 51.461182 66.419037 74.189941 66.419037 51.461182 39.306576 34.105293 45.453613 58.158401 63.120346 56.562622 45.962784 37.485039 25.995153 32.842236 39.558861 41.455193 38.134605 33.382565 29.559328 19.492769 22.358515 24.503479 24.474873 22.987862 21.504763 20.596876,
 0.743674 1.290031 1.816792 2.046058 1.893763 1.498367 1.067982 1.027957 1.622205 2.239475 2.590437 2.481064 1.963207 1.317953 1.808365 2.839736 3.891473 4.438619 4.081714 3.053064 1.945213 2.344915 3.802860 5.296314 5.977556 5.296314 3.802860 2.344915 1.945213 3.053064 4.081714 4.438619 3.891473 2.839736 1.808365 1.317953 1.963207 2.481064 2.590437 2.239475 1.622205 1.027957 1.067982 1.498367 1.893763 2.046058 1.816792 1.290031 0.743674,
 1.095828 1.775071 3.266168 4.698010 5.390668 5.483459 5.334079 5.206848 6.888106 9.441622 10.758129 10.275761 9.280375 8.467226 9.737624 13.114937 18.073296 20.139692 17.423164 13.811974 11.566653 12.348358 16.003384 21.911402 25.429224 21.911402 16.003384 12.348358 11.566653 13.811974 17.423164 20.139692 18.073296 13.114937 9.737624 8.467226 9.280375 10.275761 10.758129 9.441622 6.888106 5.206848 5.334079 5.483459 5.390668 4.698010 3.266168 1.775071 1.095828,
 71.944046 76.724358 81.775604 85.685059 87.511734 86.917000 83.961578 104.976814 116.924500 128.896957 136.218475 135.787430 128.587234 117.874519 145.430862 169.068634 191.300369 202.706482 197.170425 178.906281 156.170639 169.880569 199.544601 225.847382 237.136993 225.847382 199.544601 169.880569 156.170639 178.906281 197.170425 202.706482 191.300369 169.068634 145.430862 117.874519 128.587234 135.787430 136.218475 128.896957 116.924500 104.976814 83.961578 86.917000 87.511734 85.685059 81.775604 76.724358 71.944046,
 30.557579 31.052933 31.851011 31.288122 28.463869 25.332306 23.783878 38.322304 40.902069 44.139423 45.265541 42.139782 37.242981 33.896896 46.739601 52.049839 58.886250 62.496468 58.566746 50.824078 44.941177 50.272850 57.192368 66.363220 71.256027 66.363220 57.192368 50.272850 44.941177 50.824078 58.566746 62.496468 58.886250 52.049839 46.739601 33.896896 37.242981 42.139782 45.265541 44.139423 40.902069 38.322304 23.783878 25.332306 28.463869 31.288122 31.851011 31.052933 30.557579,
 -0.299137 0.207831 0.722352 1.021094 0.910670 0.440845 -0.081584 -0.062678 0.522292 1.081509 1.378959 1.270281 0.902869 0.560793 0.419495 1.147133 1.939013 2.399256 2.238894 1.631713 0.975948 0.867807 1.859018 2.907331 3.390869 2.907331 1.859018 0.867807 0.975948 1.631713 2.238894 2.399256 1.939013 1.147133 0.419495 0.560793 0.902869 1.270281 1.378959 1.081509 0.522292 -0.062678 -0.081584 0.440845 0.910670 1.021094 0.722352 0.207831 -0.299137,
 -1.228505 -0.612463 -0.393706 -0.066344 0.138142 0.160183 0.545817 0.327580 2.075467 3.214584 2.921312 2.230112 1.854377 1.461264 1.690957 3.850667 6.667824 7.018480 4.691454 3.283430 2.412571 2.534968 4.004160 6.963567 9.234001 6.963567 4.004160 2.534968 2.412571 3.283430 4.691454 7.018480 6.667824 3.850667 1.690957 1.461264 1.854377 2.230112 2.921312 3.214584 2.075467 0.327580 0.545817 0.160183 0.138142 -0.066344 -0.393706 -0.612463 -1.228505,
 16.814013 25.523249 32.295650 31.086906 20.751316 8.209345 -0.276512 23.365797 36.649742 49.006680 50.656265 38.507694 21.800131 9.443739 26.702583 43.961777 62.510521 69.004517 56.048347 35.243347 18.923416 25.288017 43.729706 65.695145 76.808632 65.695145 43.729706 25.288017 18.923416 35.243347 56.048347 69.004517 62.510521 43.961777 26.702583 9.443739 21.800131 38.507694 50.656265 49.006680 36.649742 23.365797 -0.276512 8.209345 20.751316 31.086906 32.295650 25.523249 16.814013,
 9.192240 11.417236 13.082864 12.937698 11.326079 9.329048 7.188070 14.307817 17.747496 20.873789 22.200962 21.168562 18.307497 14.837375 18.570969 23.367367 28.649693 31.938690 30.401028 25.267490 19.923264 20.917610 26.757046 33.319569 36.650574 33.319569 26.757046 20.917610 19.923264 25.267490 30.401028 31.938690 28.649693 23.367367 18.570969 14.837375 18.307497 21.168562 22.200962 20.873789 17.747496 14.307817 7.188070 9.329048 11.326079 12.937698 13.082864 11.417236 9.192240,

Pairwise cross-correlations of the modulus of all oriented sub-bands at the same scale (size QxQ)
 11.324872 8.057570 9.068827 13.791910,
 8.057570 98.204903 179.074341 51.918327,
 9.068827 179.074341 560.438843 221.607590,
 13.791910 51.918327 221.607590 147.932999,
 8.288683 5.387105 6.389890 8.091349,
 5.387105 56.410332 101.177475 27.293207,
 6.389890 101.177475 311.091400 111.751190,
 8.091349 27.293207 111.751190 74.189941,
 5.977557 4.099571 5.073692 5.504711,
 4.099571 25.429228 56.155819 21.610687,
 5.073692 56.155819 237.137009 107.594612,
 5.504711 21.610687 107.594612 71.256035,
 3.390869 1.868321 5.104336 5.268231,
 1.868321 9.234002 13.109105 5.093392,
 5.104336 13.109105 76.808632 40.962387,
 5.268231 5.093392 40.962387 36.650570,

Cross-correlations of the modulus of all oriented sub-bands with all oriented sub-bands at the coarser scale (size QxQ)
 6.752750 4.789840 1.726679 7.592845,
 6.928786 21.666273 28.604729 11.921127,
 12.909000 28.237103 70.215149 37.219444,
 11.026116 8.653878 28.840572 30.739874,
 4.534469 3.842589 4.734165 7.216011,
 3.670049 3.383657 4.090242 4.243629,
 4.741832 8.083871 39.683701 24.648098,
 5.038896 6.778500 24.537081 22.608395,
 2.970061 1.487456 3.898815 5.149535,
 2.563688 5.334064 5.272644 3.041704,
 3.176768 9.441974 13.682308 15.740365,
 3.449393 4.442410 7.705676 15.814311,

Cross-correlations of the real part of each oriented sub-band with both the real and imaginary part of all phase-doubled oriented sub-bands at the next coarser scale (Q matrices of size 1x2Q, which are computed and stored in a matrix of size Qx2Q)
 -1.450981 -0.882599 -1.172571 -2.079876 0.421397 0.230305 0.126307 -0.310442,
 -0.688020 -28.870089 -36.187775 -6.572551 0.181153 1.759362 3.123730 0.225246,
 -1.353627 -49.298191 -75.622200 -27.585625 0.043604 1.951736 9.700664 1.331769,
 -2.215779 -10.805715 -24.703506 -20.050018 0.277514 0.495014 4.353992 0.135297,
 0.062358 -0.191745 -0.086400 -1.264921 0.543146 -0.054057 0.164591 0.144213,
 -0.009895 -5.467236 -7.502188 -1.159002 0.123434 3.991353 11.335030 3.964202,
 -0.530832 -12.268386 -10.819091 -0.927170 -0.082818 10.124841 36.585526 16.778429,
 -0.767598 -3.679077 0.276293 -1.906774 0.221945 3.447486 16.095396 9.889933,
 -0.857601 -0.367510 -0.570940 -0.503774 -0.719582 0.109691 0.125577 0.218241,
 -0.203765 -1.063041 0.128320 -2.277079 -0.164938 1.563489 1.523371 -0.339812,
 0.248884 -0.529600 -6.431601 -15.248775 0.241429 0.148926 4.026284 0.610993,
 -0.157061 -0.188185 -7.872047 -11.335867 -0.254142 -0.758056 2.945097 1.534706,
