Low-band skewness and kurtosis
 -0.505758 2.017534,
 -0.405991 2.153844,
 -0.093349 1.745220,
 -0.036413 1.501920,
 -0.009929 1.497554,

High-band variance
 936.795898,

Skewness, kurtosis, variance, mean, maximum and minimum of the reconstructed texture
 -0.640767 1.900833 5670.689453 189.640076 255.000000 1.000000,

Auto-correlations of the low-frequency bands at each scale
 1903.361572 1865.381226 1825.873657 1784.977539 1739.831421 1694.392700 1651.542480 1443.860596 1413.819336 1412.586792 1444.932617 1507.880981 1604.492432 1730.690186 2518.302490 2687.718750 2868.052246 3039.934082 3186.286621 3318.810547 3449.002197 4203.368164 4354.519531 4471.357422 4518.352051 4471.357422 4354.519531 4203.368164 3449.002197 3318.810547 3186.286621 3039.934082 2868.052246 2687.718750 2518.302490 1730.690186 1604.492432 1507.880981 1444.932617 1412.586792 1413.819336 1443.860596 1651.542480 1694.392700 1739.831421 1784.977539 1825.873657 1865.381226 1903.361572,
 2013.561035 1991.355591 1965.011963 1935.259277 1902.773926 1873.445190 1850.618164 1735.794922 1713.650757 1703.790527 1708.319458 1725.921387 1761.772827 1815.643311 2171.818604 2256.594971 2359.426514 2458.518066 2533.271240 2594.110596 2653.234619 3007.198730 3088.097656 3161.643066 3194.520264 3161.643066 3088.097656 3007.198730 2653.234619 2594.110596 2533.271240 2458.518066 2359.426514 2256.594971 2171.818604 1815.643311 1761.772827 1725.921387 1708.319458 1703.790527 1713.650757 1735.794922 1850.618164 1873.445190 1902.773926 1935.259277 1965.011963 1991.355591 2013.561035,
 1753.114868 1750.511841 1748.027588 1742.482422 1729.871338 1716.308472 1706.896362 1861.278931 1847.429077 1843.393921 1847.237305 1853.478882 1866.567261 1886.815552 2092.136963 2127.541504 2174.705078 2217.924805 2241.265625 2254.211426 2265.923096 2409.229980 2456.609375 2502.329346 2523.809082 2502.329346 2456.609375 2409.229980 2265.923096 2254.211426 2241.265625 2217.924805 2174.705078 2127.541504 2092.136963 1886.815552 1866.567261 1853.478882 1847.237305 1843.393921 1847.429077 1861.278931 1706.896362 1716.308472 1729.871338 1742.482422 1748.027588 1750.511841 1753.114868,
 773.728760 783.281799 796.167297 808.001648 812.253723 811.027039 809.062134 1429.176025 1437.193237 1451.352783 1463.398071 1462.565186 1454.570679 1447.853027 1953.098633 1971.361450 1999.288452 2020.544189 2018.351440 2003.282837 1989.757324 2205.314209 2231.791260 2263.189697 2279.277832 2263.189697 2231.791260 2205.314209 1989.757324 2003.282837 2018.351440 2020.544189 1999.288452 1971.361450 1953.098633 1447.853027 1454.570679 1462.565186 1463.398071 1451.352783 1437.193237 1429.176025 809.062134 811.027039 812.253723 808.001648 796.167297 783.281799 773.728760,
 -1479.533447 -1497.724487 -1521.342407 -1526.006592 -1502.357544 -1474.865601 -1466.489014 -23.334326 -33.790787 -33.796352 -19.729715 -3.031146 3.463954 -1.815481 1463.982910 1471.349854 1499.921021 1526.973389 1524.455200 1501.179199 1481.363281 2100.106201 2122.163818 2162.353271 2184.836914 2162.353271 2122.163818 2100.106201 1481.363281 1501.179199 1524.455200 1526.973389 1499.921021 1471.349854 1463.982910 -1.815481 3.463954 -3.031146 -19.729715 -33.796352 -33.790787 -23.334326 -1466.489014 -1474.865601 -1502.357544 -1526.006592 -1521.342407 -1497.724487 -1479.533447,

Auto-correlations of the modulus of each oriented sub-band
 3.589005 5.123096 6.426498 6.950562 6.438277 5.157283 3.653502 3.798205 5.425156 6.805887 7.357391 6.810970 5.461117 3.892550 4.279558 6.158568 7.781992 8.438393 7.784872 6.186579 4.362253 4.683095 6.772346 8.621067 9.382123 8.621067 6.772346 4.683095 4.362253 6.186579 7.784872 8.438393 7.781992 6.158568 4.279558 3.892550 5.461117 6.810970 7.357391 6.805887 5.425156 3.798205 3.653502 5.157283 6.438277 6.950562 6.426498 5.123096 3.589005,
 59.217190 61.683491 64.119568 66.119019 67.700806 69.284554 71.016068 83.024048 88.517372 93.447693 96.814728 98.638062 99.730797 100.493759 114.214096 122.271515 129.272812 133.063354 133.061539 130.959686 128.055206 134.581451 141.839722 148.078217 150.779800 148.078217 141.839722 134.581451 128.055206 130.959686 133.061539 133.063354 129.272812 122.271515 114.214096 100.493759 99.730797 98.638062 96.814728 93.447693 88.517372 83.024048 71.016068 69.284554 67.700806 66.119019 64.119568 61.683491 59.217190,
 293.033905 301.583344 308.576294 312.391083 313.196533 313.691559 316.536407 401.657135 426.645355 446.679047 456.355743 454.568756 446.667206 439.513397 532.973083 575.670898 610.467346 625.627441 616.491638 591.303711 562.884094 606.238464 652.409546 691.625488 707.751587 691.625488 652.409546 606.238464 562.884094 591.303711 616.491638 625.627441 610.467346 575.670898 532.973083 439.513397 446.667206 454.568756 456.355743 446.679047 426.645355 401.657135 316.536407 313.691559 313.196533 312.391083 308.576294 301.583344 293.033905,
 34.101494 35.803650 37.668510 38.451248 37.335823 34.898598 32.643295 41.342308 46.106499 51.030056 53.359116 51.140240 45.279968 39.419281 48.263226 57.219006 66.977509 71.974731 67.803528 57.016666 46.741665 50.573341 62.296577 75.329758 81.465233 75.329758 62.296577 50.573341 46.741665 57.016666 67.803528 71.974731 66.977509 57.219006 48.263226 39.419281 45.279968 51.140240 53.359116 51.030056 46.106499 41.342308 32.643295 34.898598 37.335823 38.451248 37.668510 35.803650 34.101494,
 2.742525 3.776426 4.668777 4.989594 4.548118 3.582019 2.540294 2.820245 3.890203 4.817086 5.165708 4.742093 3.787840 2.756938 3.385683 4.787623 6.042548 6.554809 6.038705 4.809989 3.469637 3.904816 5.552444 7.069358 7.709888 7.069358 5.552444 3.904816 3.469637 4.809989 6.038705 6.554809 6.042548 4.787623 3.385683 2.756938 3.787840 4.742093 5.165708 4.817086 3.890203 2.820245 2.540294 3.582019 4.548118 4.989594 4.668777 3.776426 2.742525,
 23.975367 26.006760 28.620584 30.895107 32.192242 32.854370 33.135521 36.204971 40.157211 44.282341 46.984695 47.902672 48.137009 48.018379 54.697575 60.633068 66.742249 69.774979 68.584747 66.039314 63.791439 67.368340 72.641571 78.623665 81.691078 78.623665 72.641571 67.368340 63.791439 66.039314 68.584747 69.774979 66.742249 60.633068 54.697575 48.018379 48.137009 47.902672 46.984695 44.282341 40.157211 36.204971 33.135521 32.854370 32.192242 30.895107 28.620584 26.006760 23.975367,
 100.365158 107.699249 115.893845 122.953690 126.457138 128.469193 130.344025 151.735107 165.369568 179.744659 191.322845 195.676941 195.348358 193.207184 231.662521 251.521713 270.913971 283.899902 284.017181 275.736938 264.465759 285.365479 305.246155 322.840210 330.975159 322.840210 305.246155 285.365479 264.465759 275.736938 284.017181 283.899902 270.913971 251.521713 231.662521 193.207184 195.348358 195.676941 191.322845 179.744659 165.369568 151.735107 130.344025 128.469193 126.457138 122.953690 115.893845 107.699249 100.365158,
 12.774156 13.970345 15.485737 16.613804 16.616283 15.587506 14.316684 15.987594 17.356045 19.760019 22.458151 22.851801 20.289471 17.612240 20.714439 22.436504 27.050186 31.830904 30.656898 25.065037 21.535900 23.229433 26.005062 32.719383 37.042828 32.719383 26.005062 23.229433 21.535900 25.065037 30.656898 31.830904 27.050186 22.436504 20.714439 17.612240 20.289471 22.851801 22.458151 19.760019 17.356045 15.987594 14.316684 15.587506 16.616283 16.613804 15.485737 13.970345 12.774156,
 1.730891 2.632743 3.387889 3.673736 3.354774 2.591545 1.677900 2.003277 3.038777 3.912934 4.237757 3.854210 2.977627 1.965102 2.299435 3.596569 4.752052 5.181282 4.632292 3.467350 2.238311 2.404802 3.843559 5.235013 5.845804 5.235013 3.843559 2.404802 2.238311 3.467350 4.632292 5.181282 4.752052 3.596569 2.299435 1.965102 2.977627 3.854210 4.237757 3.912934 3.038777 2.003277 1.677900 2.591545 3.354774 3.673736 3.387889 2.632743 1.730891,
 1.668022 3.566596 5.173896 6.461917 7.636900 8.513316 8.868155 7.222198 10.598611 13.107689 14.106109 14.144846 13.865666 13.251747 14.264787 18.846165 22.826597 23.997759 22.475260 20.150990 17.774101 18.751865 22.882971 27.063433 29.144302 27.063433 22.882971 18.751865 17.774101 20.150990 22.475260 23.997759 22.826597 18.846165 14.264787 13.251747 13.865666 14.144846 14.106109 13.107689 10.598611 7.222198 8.868155 8.513316 7.636900 6.461917 5.173896 3.566596 1.668022,
 -0.738411 4.332419 9.619577 12.600640 13.667719 14.682385 16.213417 16.601578 26.341486 35.981567 41.314259 41.537460 39.648399 37.395508 43.481903 57.060566 69.974541 76.672668 74.357277 67.084221 58.636604 62.822872 76.381409 88.734161 94.324646 88.734161 76.381409 62.822872 58.636604 67.084221 74.357277 76.672668 69.974541 57.060566 43.481903 37.395508 39.648399 41.537460 41.314259 35.981567 26.341486 16.601578 16.213417 14.682385 13.667719 12.600640 9.619577 4.332419 -0.738411,
 1.761949 2.582948 3.317251 4.095161 4.867347 4.942597 4.408432 3.168015 4.460248 5.760564 7.433558 8.373798 7.560865 6.339497 5.513169 7.027156 9.143291 11.760401 11.772361 9.466397 7.669429 7.375310 9.127851 12.074062 14.158484 12.074062 9.127851 7.375310 7.669429 9.466397 11.772361 11.760401 9.143291 7.027156 5.513169 6.339497 7.560865 8.373798 7.433558 5.760564 4.460248 3.168015 4.408432 4.942597 4.867347 4.095161 3.317251 2.582948 1.761949,
 0.227131 0.893509 1.401367 1.532936 1.191081 0.504099 -0.262019 0.637312 1.719312 2.631027 2.949880 2.464789 1.394816 0.225377 1.061739 2.585311 3.950927 4.498353 3.866444 2.398552 0.817904 1.180519 2.932655 4.557333 5.249047 4.557333 2.932655 1.180519 0.817904 2.398552 3.866444 4.498353 3.950927 2.585311 1.061739 0.225377 1.394816 2.464789 2.949880 2.631027 1.719312 0.637312 -0.262019 0.504099 1.191081 1.532936 1.401367 0.893509 0.227131,
 -0.965284 -1.334305 -1.756464 -2.050722 -1.837710 -1.061517 0.043630 0.349572 1.031835 1.333630 0.864260 0.228063 0.051865 0.353649 1.797386 3.850089 5.668384 5.763854 4.181235 2.387435 1.169100 2.027360 4.383629 7.105550 8.474106 7.105550 4.383629 2.027360 1.169100 2.387435 4.181235 5.763854 5.668384 3.850089 1.797386 0.353649 0.051865 0.228063 0.864260 1.333630 1.031835 0.349572 0.043630 -1.061517 -1.837710 -2.050722 -1.756464 -1.334305 -0.965284,
 -3.358988 -4.503734 -4.310372 -2.854641 -0.246713 3.523667 7.956640 1.307808 2.881388 5.920192 9.847548 13.615148 16.802942 19.226261 11.120890 15.631203 20.838486 25.349953 27.301846 26.775974 24.787798 21.307480 26.436934 30.930651 32.981926 30.930651 26.436934 21.307480 24.787798 26.775974 27.301846 25.349953 20.838486 15.631203 11.120890 19.226261 16.802942 13.615148 9.847548 5.920192 2.881388 1.307808 7.956640 3.523667 -0.246713 -2.854641 -4.310372 -4.503734 -3.358988,
 -0.184515 -0.144856 -0.066131 0.015765 -0.007952 0.014566 0.245439 0.457262 0.513828 0.708723 1.109377 1.292224 1.095576 1.009331 1.139464 1.308071 1.959829 2.901987 2.842464 1.985027 1.525869 1.547240 1.968984 3.126526 3.971827 3.126526 1.968984 1.547240 1.525869 1.985027 2.842464 2.901987 1.959829 1.308071 1.139464 1.009331 1.095576 1.292224 1.109377 0.708723 0.513828 0.457262 0.245439 0.014566 -0.007952 0.015765 -0.066131 -0.144856 -0.184515,

Pairwise cross-correlations of the modulus of all oriented sub-bands at the same scale (size QxQ)
 9.382125 7.953552 5.899249 6.828634,
 7.953552 150.779831 305.001190 83.324005,
 5.899249 305.001190 707.751587 207.531006,
 6.828634 83.324005 207.531006 81.465210,
 7.709888 9.145336 13.111479 8.126808,
 9.145336 81.691071 153.053024 40.551064,
 13.111479 153.053024 330.975128 87.946350,
 8.126808 40.551064 87.946350 37.042831,
 5.845804 3.200261 1.177985 2.588187,
 3.200261 29.144302 44.114754 14.158140,
 1.177985 44.114754 94.324646 27.398970,
 2.588187 14.158140 27.398970 14.158485,
 5.249047 2.454510 -1.505908 1.403525,
 2.454510 8.474106 11.115697 3.470836,
 -1.505908 11.115697 32.981926 7.970030,
 1.403525 3.470836 7.970030 3.971827,

Cross-correlations of the modulus of all oriented sub-bands with all oriented sub-bands at the coarser scale (size QxQ)
 6.507967 6.448344 5.475596 7.406798,
 10.207210 42.227135 85.159706 29.036642,
 15.255724 81.265411 178.615082 54.434860,
 7.843029 28.223324 57.549679 22.619526,
 4.954328 3.953231 1.410645 3.115985,
 5.468206 11.333994 17.468609 8.054252,
 7.964696 17.082384 36.590561 16.218775,
 5.240306 8.865193 11.832632 7.850161,
 4.330930 2.712204 -0.069641 1.879910,
 1.440460 7.518746 13.532469 4.198475,
 0.648077 10.448196 21.815535 5.630614,
 1.263124 3.454766 7.472728 3.015555,

Cross-correlations of the real part of each oriented sub-band with both the real and imaginary part of all phase-doubled oriented sub-bands at the next coarser scale (Q matrices of size 1x2Q, which are computed and stored in a matrix of size Qx2Q)
 -1.028055 -0.539495 -0.035980 -0.526272 1.288140 -0.011991 -0.051278 -0.199704,
 -0.592108 6.899211 15.268312 1.627532 0.558506 -4.092990 -8.384230 -2.416487,
 -0.158347 16.113964 27.124929 -2.258344 0.048708 -6.916074 -16.863121 -4.769531,
 -0.493936 3.865063 3.923910 -4.436807 0.422207 -1.218948 -3.959674 -1.416965,
 -0.417509 -0.445262 -0.383481 -0.099925 1.201573 0.188784 0.082523 -0.226396,
 -0.163118 -17.471043 -30.328979 -6.054158 0.356394 3.135998 4.082189 -0.222389,
 0.009832 -30.244574 -60.284573 -13.011145 -0.040100 4.167948 3.771346 -0.810266,
 -0.222673 -6.588497 -15.306673 -3.170085 0.459174 0.354172 -0.050896 -0.309834,
 0.158331 -0.122994 -0.021768 -0.009803 1.783667 0.151807 0.027249 -0.594764,
 0.070801 5.265244 10.171922 1.513421 0.656927 -2.048053 -4.886372 -1.794588,
 0.021852 12.121746 21.808250 3.898294 -0.062453 -5.494711 -11.681255 -4.395638,
 0.033519 3.050731 5.388882 1.559522 0.674033 -1.691155 -3.420959 -1.676157,
