Low-band skewness and kurtosis
 -0.529334 2.300657,
 -0.381522 2.286390,
 -0.405389 2.129548,
 -0.360007 2.032096,
 -0.095538 1.771382,

High-band variance
 996.173035,

Skewness, kurtosis, variance, mean, maximum and minimum of the reconstructed texture
 -0.661832 2.031431 5416.587402 189.333862 255.000000 6.000000,

Auto-correlations of the low-frequency bands at each scale
 843.389587 836.829224 830.528748 825.288330 820.061340 817.182983 816.123962 561.891235 513.105957 483.449921 475.590546 487.522003 521.388184 574.208862 2341.874023 2372.369141 2404.618408 2427.208496 2428.969971 2420.352539 2412.665039 3976.935303 4081.238281 4161.536621 4194.115234 4161.536621 4081.238281 3976.935303 2412.665039 2420.352539 2428.969971 2427.208496 2404.618408 2372.369141 2341.874023 574.208862 521.388184 487.522003 475.590546 483.449921 513.105957 561.891235 816.123962 817.182983 820.061340 825.288330 830.528748 836.829224 843.389587,
 819.820251 814.186157 808.410950 804.644409 803.563660 804.031494 803.304871 609.572754 583.853699 568.812988 564.719116 569.971924 586.298401 612.507812 1614.323242 1633.701904 1656.494385 1668.880371 1660.438232 1642.238281 1627.427246 2514.918701 2584.742676 2645.087646 2670.946289 2645.087646 2584.742676 2514.918701 1627.427246 1642.238281 1660.438232 1668.880371 1656.494385 1633.701904 1614.323242 612.507812 586.298401 569.971924 564.719116 568.812988 583.853699 609.572754 803.304871 804.031494 803.563660 804.644409 808.410950 814.186157 819.820251,
 963.249084 966.053833 966.457703 968.182861 973.113220 980.312012 986.401184 941.806030 907.527710 880.583801 865.991333 864.090515 875.447144 897.067261 1263.046875 1268.291748 1278.505615 1282.311768 1269.152588 1250.242920 1237.876709 1606.167969 1659.198608 1709.390869 1732.324341 1709.390869 1659.198608 1606.167969 1237.876709 1250.242920 1269.152588 1282.311768 1278.505615 1268.291748 1263.046875 897.067261 875.447144 864.090515 865.991333 880.583801 907.527710 941.806030 986.401184 980.312012 973.113220 968.182861 966.457703 966.053833 963.249084,
 317.044098 321.394135 323.578979 321.097290 316.795288 311.695953 304.447296 716.372925 705.012085 700.026611 699.246887 703.203125 713.230103 725.453857 1123.353882 1123.471191 1131.047607 1134.824097 1128.280762 1120.852051 1120.089233 1307.004639 1328.510986 1355.911621 1369.729736 1355.911621 1328.510986 1307.004639 1120.089233 1120.852051 1128.280762 1134.824097 1131.047607 1123.471191 1123.353882 725.453857 713.230103 703.203125 699.246887 700.026611 705.012085 716.372925 304.447296 311.695953 316.795288 321.097290 323.578979 321.394135 317.044098,
 -788.520020 -788.545532 -789.136169 -788.742737 -784.817688 -780.480103 -781.142578 -98.664589 -101.171371 -104.141083 -106.183762 -104.823410 -99.639145 -95.386147 785.300110 787.262512 790.397644 790.447083 785.247131 781.537537 782.671570 1219.927734 1224.733398 1234.573486 1240.509521 1234.573486 1224.733398 1219.927734 782.671570 781.537537 785.247131 790.447083 790.397644 787.262512 785.300110 -95.386147 -99.639145 -104.823410 -106.183762 -104.141083 -101.171371 -98.664589 -781.142578 -780.480103 -784.817688 -788.742737 -789.136169 -788.545532 -788.520020,

Auto-correlations of the modulus of each oriented sub-band
 2.869328 4.125473 5.181351 5.600595 5.178670 4.120825 2.860497 2.952153 4.244592 5.337272 5.774429 5.338208 4.244443 2.945353 3.227251 4.711962 5.990134 6.507888 5.992150 4.713351 3.224857 3.489987 5.172445 6.644913 7.247516 6.644913 5.172445 3.489987 3.224857 4.713351 5.992150 6.507888 5.990134 4.711962 3.227251 2.945353 4.244443 5.338208 5.774429 5.337272 4.244592 2.952153 2.860497 4.120825 5.178670 5.600595 5.181351 4.125473 2.869328,
 29.940718 31.652832 33.003113 33.227837 32.442215 31.462383 30.677401 46.614429 50.751431 54.063873 54.927956 53.417358 50.893963 48.310123 66.318871 73.188629 79.094955 81.089706 78.376709 73.301300 67.909187 76.338715 83.909058 90.889198 94.018761 90.889198 83.909058 76.338715 67.909187 73.301300 78.376709 81.089706 79.094955 73.188629 66.318871 48.310123 50.893963 53.417358 54.927956 54.063873 50.751431 46.614429 30.677401 31.462383 32.442215 33.227837 33.003113 31.652832 29.940718,
 163.766037 169.878738 174.506073 175.975250 173.464081 168.306259 162.329239 287.582916 306.477844 319.947937 323.977112 316.682434 300.778259 280.812592 428.018799 464.508972 491.166168 500.355835 488.329803 459.645142 422.376221 491.954041 537.943237 572.760864 586.265137 572.760864 537.943237 491.954041 422.376221 459.645142 488.329803 500.355835 491.166168 464.508972 428.018799 280.812592 300.778259 316.682434 323.977112 319.947937 306.477844 287.582916 162.329239 168.306259 173.464081 175.975250 174.506073 169.878738 163.766037,
 20.614206 21.323206 22.215151 22.900871 22.768728 21.616354 19.874128 39.373985 41.687195 43.811993 45.024719 44.126606 40.799652 36.326820 58.673115 63.881676 68.649094 71.158424 69.145523 63.116356 55.900089 66.246147 73.893723 80.838898 83.914398 80.838898 73.893723 66.246147 55.900089 63.116356 69.145523 71.158424 68.649094 63.881676 58.673115 36.326820 40.799652 44.126606 45.024719 43.811993 41.687195 39.373985 19.874128 21.616354 22.768728 22.900871 22.215151 21.323206 20.614206,
 1.702279 2.435177 3.063396 3.285008 2.961987 2.242170 1.437420 2.014212 2.847813 3.554033 3.804527 3.452084 2.662175 1.771749 2.563276 3.643660 4.572870 4.922511 4.495490 3.515407 2.416141 2.880547 4.168281 5.314476 5.787614 5.314476 4.168281 2.880547 2.416141 3.515407 4.495490 4.922511 4.572870 3.643660 2.563276 1.771749 2.662175 3.452084 3.804527 3.554033 2.847813 2.014212 1.437420 2.242170 2.961987 3.285008 3.063396 2.435177 1.702279,
 11.359015 13.323027 14.936541 15.392752 14.777792 14.062315 13.870927 18.737467 22.387039 25.453129 26.422871 25.307430 23.695091 22.734205 29.483084 35.376347 40.845360 42.737549 40.204964 36.049038 32.706017 36.063431 42.013889 48.488506 51.593887 48.488506 42.013889 36.063431 32.706017 36.049038 40.204964 42.737549 40.845360 35.376347 29.483084 22.734205 23.695091 25.307430 26.422871 25.453129 22.387039 18.737467 13.870927 14.062315 14.777792 15.392752 14.936541 13.323027 11.359015,
 63.177326 71.234261 77.849960 81.636093 82.250748 81.173317 79.638641 118.977867 134.024414 146.685318 153.880020 154.029221 149.102112 141.688919 198.416122 223.005646 243.132797 253.096802 249.497696 235.583099 216.617752 246.069778 273.729492 295.514008 304.288757 295.514008 273.729492 246.069778 216.617752 235.583099 249.497696 253.096802 243.132797 223.005646 198.416122 141.688919 149.102112 154.029221 153.880020 146.685318 134.024414 118.977867 79.638641 81.173317 82.250748 81.636093 77.849960 71.234261 63.177326,
 6.015266 6.365024 6.735586 6.935640 6.518797 5.434894 4.335264 14.687471 16.052664 17.461977 18.314489 17.472330 14.963083 12.279097 24.730404 28.121279 31.886309 34.158039 32.485863 27.750757 23.003460 28.812737 33.979424 39.721107 42.543350 39.721107 33.979424 28.812737 23.003460 27.750757 32.485863 34.158039 31.886309 28.121279 24.730404 12.279097 14.963083 17.472330 18.314489 17.461977 16.052664 14.687471 4.335264 5.434894 6.518797 6.935640 6.735586 6.365024 6.015266,
 0.878546 1.330634 1.725894 1.896678 1.746823 1.334619 0.861042 0.995542 1.463508 1.864259 2.016888 1.842619 1.412595 0.908132 1.292114 2.102104 2.843623 3.143110 2.833091 2.102899 1.298544 1.573090 2.710329 3.790365 4.258524 3.790365 2.710329 1.573090 1.298544 2.102899 2.833091 3.143110 2.843623 2.102104 1.292114 0.908132 1.412595 1.842619 2.016888 1.864259 1.463508 0.995542 0.861042 1.334619 1.746823 1.896678 1.725894 1.330634 0.878546,
 11.944523 11.852111 10.838832 9.081106 7.127463 5.499082 4.391323 16.785269 18.145250 18.257914 16.367615 13.634783 11.303131 9.458179 20.269882 23.231689 25.905594 25.335026 21.729687 18.209454 15.634437 19.996881 23.232616 27.576065 30.016651 27.576065 23.232616 19.996881 15.634437 18.209454 21.729687 25.335026 25.905594 23.231689 20.269882 9.458179 11.303131 13.634783 16.367615 18.257914 18.145250 16.785269 4.391323 5.499082 7.127463 9.081106 10.838832 11.852111 11.944523,
 28.279167 30.836460 34.375351 37.963127 37.775345 32.544598 25.393372 50.109531 58.343487 67.053543 73.386673 71.747955 62.777332 51.821728 76.199692 91.312210 106.130760 114.756683 109.959908 95.748276 79.581650 90.264832 108.962112 126.374420 134.557159 126.374420 108.962112 90.264832 79.581650 95.748276 109.959908 114.756683 106.130760 91.312210 76.199692 51.821728 62.777332 71.747955 73.386673 67.053543 58.343487 50.109531 25.393372 32.544598 37.775345 37.963127 34.375351 30.836460 28.279167,
 3.961183 4.527817 5.147000 5.315895 4.711182 3.306101 1.788956 7.829442 9.235630 10.889441 12.188541 12.023623 9.943987 7.518817 12.647789 15.035958 18.262012 20.992445 20.383541 16.694712 13.256495 15.285752 18.598154 23.156944 25.627338 23.156944 18.598154 15.285752 13.256495 16.694712 20.383541 20.992445 18.262012 15.035958 12.647789 7.518817 9.943987 12.023623 12.188541 10.889441 9.235630 7.829442 1.788956 3.306101 4.711182 5.315895 5.147000 4.527817 3.961183,
 0.160835 0.134115 0.174111 0.231992 0.242735 0.206104 0.207762 0.749231 0.628191 0.553030 0.476709 0.343487 0.173640 0.066774 1.282425 1.466103 1.633532 1.611948 1.315636 0.859567 0.441596 1.198791 1.766787 2.320515 2.564553 2.320515 1.766787 1.198791 0.441596 0.859567 1.315636 1.611948 1.633532 1.466103 1.282425 0.066774 0.173640 0.343487 0.476709 0.553030 0.628191 0.749231 0.207762 0.206104 0.242735 0.231992 0.174111 0.134115 0.160835,
 -0.365282 1.159096 2.774980 4.180140 5.188253 5.531282 4.915448 2.508460 4.923101 6.968727 7.861922 7.606108 6.729918 5.369831 4.541195 8.012694 11.304049 12.430407 10.694924 7.969083 5.417075 5.344605 8.900295 12.782667 14.801379 12.782667 8.900295 5.344605 5.417075 7.969083 10.694924 12.430407 11.304049 8.012694 4.541195 5.369831 6.729918 7.606108 7.861922 6.968727 4.923101 2.508460 4.915448 5.531282 5.188253 4.180140 2.774980 1.159096 -0.365282,
 -1.800917 2.331060 5.596313 5.713775 3.498963 1.836653 1.690678 8.885141 16.536503 23.016302 24.021545 19.060167 12.530015 7.496220 17.417667 28.361008 38.463924 41.707916 35.421551 24.831997 15.102721 19.834129 31.971825 44.058155 49.667061 44.058155 31.971825 19.834129 15.102721 24.831997 35.421551 41.707916 38.463924 28.361008 17.417667 7.496220 12.530015 19.060167 24.021545 23.016302 16.536503 8.885141 1.690678 1.836653 3.498963 5.713775 5.596313 2.331060 -1.800917,
 1.184818 1.867175 1.711844 1.071691 0.462575 0.293232 0.727481 3.334673 4.180067 4.488806 4.458729 3.980059 3.230380 2.766181 4.570379 5.931896 7.758956 9.098349 8.361568 6.122557 4.302342 4.851381 6.932778 9.967457 11.637847 9.967457 6.932778 4.851381 4.302342 6.122557 8.361568 9.098349 7.758956 5.931896 4.570379 2.766181 3.230380 3.980059 4.458729 4.488806 4.180067 3.334673 0.727481 0.293232 0.462575 1.071691 1.711844 1.867175 1.184818,

Pairwise cross-correlations of the modulus of all oriented sub-bands at the same scale (size QxQ)
 7.247516 4.137785 0.319213 4.287707,
 4.137785 94.018768 213.627380 66.462585,
 0.319213 213.627380 586.265137 198.458939,
 4.287707 66.462585 198.458939 83.914391,
 5.787615 2.951096 -0.150588 2.747387,
 2.951096 51.593891 109.606682 32.297832,
 -0.150588 109.606682 304.288727 98.039696,
 2.747387 32.297832 98.039696 42.543350,
 4.258524 4.772548 3.746714 5.017036,
 4.772548 30.016653 48.780571 18.739887,
 3.746714 48.780571 134.557175 42.559284,
 5.017036 18.739887 42.559284 25.627338,
 2.564553 2.547128 2.044082 1.967279,
 2.547128 14.801380 21.140587 9.791155,
 2.044082 21.140587 49.667065 19.508690,
 1.967279 9.791155 19.508690 11.637846,

Cross-correlations of the modulus of all oriented sub-bands with all oriented sub-bands at the coarser scale (size QxQ)
 4.981150 2.808767 -2.561540 2.529853,
 4.524745 6.560036 -0.600314 1.145466,
 4.588441 5.734180 -6.756039 -0.545613,
 4.193163 2.749163 -3.318139 3.351155,
 3.653320 5.190302 2.075994 5.608366,
 2.778064 9.985734 15.807693 5.823411,
 2.913159 12.943671 32.769142 6.549578,
 2.506272 4.960535 9.230844 5.197888,
 1.802004 3.638626 2.607341 2.613544,
 4.009257 7.827539 8.431046 7.140602,
 4.968085 11.971626 16.104090 8.999299,
 2.980136 7.933200 6.795171 6.150686,

Cross-correlations of the real part of each oriented sub-band with both the real and imaginary part of all phase-doubled oriented sub-bands at the next coarser scale (Q matrices of size 1x2Q, which are computed and stored in a matrix of size Qx2Q)
 -0.841899 -0.355577 -0.083408 -0.516385 0.326632 0.026043 0.001791 -0.158935,
 -0.367371 -25.065582 -60.042130 -21.531137 0.090786 1.415221 0.201758 -1.328167,
 -0.058692 -63.086380 -171.743240 -67.206772 -0.025810 1.738552 -5.145038 -6.405608,
 -0.500379 -20.863211 -63.452633 -27.955370 0.149622 -0.163177 -3.905741 -3.668074,
 -0.608061 -0.324616 -0.024446 -0.732815 -0.594291 -0.103475 0.087432 0.385387,
 -0.203264 3.960559 10.806943 0.938880 -0.285165 1.086766 5.790805 2.297125,
 -0.085366 8.107170 14.725933 -6.153868 -0.136697 2.182855 16.125721 8.400476,
 -0.455862 1.326988 -1.117565 -7.291028 -0.386860 0.552706 6.603483 4.545675,
 -0.052590 0.542829 0.231601 -0.278928 -0.537557 -0.285719 0.285191 0.627229,
 0.116669 11.190770 21.973387 6.756022 -0.427441 5.232928 13.417793 2.038897,
 0.054633 18.951008 63.259212 23.555897 -0.183206 13.289139 28.658497 7.781104,
 -0.117564 4.782979 25.774662 9.816664 -0.356190 3.940328 8.352662 5.173247,
