Low-band skewness and kurtosis
 -0.460394 2.071599,
 -0.356976 2.253071,
 -0.104172 2.064101,
 0.129811 1.970916,
 0.296460 1.808075,

High-band variance
 1050.150391,

Skewness, kurtosis, variance, mean, maximum and minimum of the reconstructed texture
 -0.607397 1.892087 5714.852051 186.860413 255.000000 1.000000,

Auto-correlations of the low-frequency bands at each scale
 1260.884766 1181.143555 1140.647461 1138.840820 1171.548828 1237.967285 1332.099854 1608.154175 1329.424194 1100.367432 1009.610474 1088.807617 1301.817749 1560.792847 2732.370605 2816.360840 2873.987549 2879.418701 2806.975342 2687.647461 2562.143066 3388.091797 3866.510010 4275.527344 4443.651855 4275.527344 3866.510010 3388.091797 2562.143066 2687.647461 2806.975342 2879.418701 2873.987549 2816.360840 2732.370605 1560.792847 1301.817749 1088.807617 1009.610474 1100.367432 1329.424194 1608.154175 1332.099854 1237.967285 1171.548828 1138.840820 1140.647461 1181.143555 1260.884766,
 1166.996948 1137.227417 1123.183594 1118.297974 1116.173584 1122.069458 1144.502319 1334.487305 1171.472412 1049.657715 1014.577881 1074.747803 1212.522949 1380.281982 1978.234985 2028.655884 2073.822998 2092.445801 2062.126221 2008.988647 1961.027954 2370.160156 2653.870605 2903.284668 3008.099121 2903.284668 2653.870605 2370.160156 1961.027954 2008.988647 2062.126221 2092.445801 2073.822998 2028.655884 1978.234985 1380.281982 1212.522949 1074.747803 1014.577881 1049.657715 1171.472412 1334.487305 1144.502319 1122.069458 1116.173584 1118.297974 1123.183594 1137.227417 1166.996948,
 1119.984863 1100.948120 1089.520264 1092.586426 1107.856445 1127.119019 1146.849609 1262.345459 1177.664917 1109.128052 1079.987793 1095.831421 1150.665405 1227.077637 1587.640137 1612.757690 1642.297607 1653.795166 1627.294678 1584.246460 1549.652100 1810.660278 1956.311157 2092.643799 2152.620850 2092.643799 1956.311157 1810.660278 1549.652100 1584.246460 1627.294678 1653.795166 1642.297607 1612.757690 1587.640137 1227.077637 1150.665405 1095.831421 1079.987793 1109.128052 1177.664917 1262.345459 1146.849609 1127.119019 1107.856445 1092.586426 1089.520264 1100.948120 1119.984863,
 454.345642 456.339172 455.514709 449.235046 442.178162 437.922607 433.655273 971.826294 951.539978 928.032104 910.033569 906.726318 924.876770 951.591309 1376.409790 1392.548340 1409.250244 1413.334229 1395.162109 1374.452637 1362.003296 1529.829834 1593.143921 1660.185425 1692.318970 1660.185425 1593.143921 1529.829834 1362.003296 1374.452637 1395.162109 1413.334229 1409.250244 1392.548340 1376.409790 951.591309 924.876770 906.726318 910.033569 928.032104 951.539978 971.826294 433.655273 437.922607 442.178162 449.235046 455.514709 456.339172 454.345642,
 -959.289001 -968.660706 -989.373230 -1007.661865 -1007.662537 -991.847229 -974.085754 -55.842712 -58.434681 -70.774628 -87.678131 -97.068665 -91.532684 -76.785126 970.636475 990.701538 1010.145386 1012.119263 992.434326 968.892822 957.194336 1435.724487 1470.524780 1513.884766 1534.751953 1513.884766 1470.524780 1435.724487 957.194336 968.892822 992.434326 1012.119263 1010.145386 990.701538 970.636475 -76.785126 -91.532684 -97.068665 -87.678131 -70.774628 -58.434681 -55.842712 -974.085754 -991.847229 -1007.662537 -1007.661865 -989.373230 -968.660706 -959.289001,

Auto-correlations of the modulus of each oriented sub-band
 5.748434 6.700815 7.522661 7.796485 7.381596 6.536282 5.652278 6.416961 7.549794 8.446013 8.740951 8.345370 7.446115 6.381381 7.579490 9.362208 10.868078 11.504380 10.899519 9.289674 7.367183 7.905612 10.628483 13.593973 14.993296 13.593973 10.628483 7.905612 7.367183 9.289674 10.899519 11.504380 10.868078 9.362208 7.579490 6.381381 7.446115 8.345370 8.740951 8.446013 7.549794 6.416961 5.652278 6.536282 7.381596 7.796485 7.522661 6.700815 5.748434,
 66.836182 72.120544 78.543282 84.386971 87.562614 88.307434 88.253998 81.945480 93.910370 107.861877 116.770836 116.185303 110.343903 104.253952 99.879547 119.116608 141.857269 154.003082 145.981232 129.017471 114.248230 112.760689 133.621063 158.850311 172.221283 158.850311 133.621063 112.760689 114.248230 129.017471 145.981232 154.003082 141.857269 119.116608 99.879547 104.253952 110.343903 116.185303 116.770836 107.861877 93.910370 81.945480 88.253998 88.307434 87.562614 84.386971 78.543282 72.120544 66.836182,
 212.965286 228.130692 244.709930 252.839310 246.179016 229.908737 214.005692 269.542328 305.931091 348.683197 369.300690 347.256744 300.311218 258.444489 320.759216 386.005737 464.882599 503.994568 462.838104 379.375244 308.745544 336.868958 418.628418 518.166077 568.851318 518.166077 418.628418 336.868958 308.745544 379.375244 462.838104 503.994568 464.882599 386.005737 320.759216 258.444489 300.311218 347.256744 369.300690 348.683197 305.931091 269.542328 214.005692 229.908737 246.179016 252.839310 244.709930 228.130692 212.965286,
 103.032127 103.439018 102.215927 98.512650 92.471054 86.008583 80.846840 126.707878 132.216782 136.011475 134.542847 125.137215 111.668503 99.775673 142.348465 156.270737 170.463531 175.875580 163.930817 142.415787 123.200912 140.760513 161.252563 184.319168 196.100464 184.319168 161.252563 140.760513 123.200912 142.415787 163.930817 175.875580 170.463531 156.270737 142.348465 99.775673 111.668503 125.137215 134.542847 136.011475 132.216782 126.707878 80.846840 86.008583 92.471054 98.512650 102.215927 103.439018 103.032127,
 3.759188 4.423197 4.970035 5.159893 4.886018 4.296371 3.682758 3.993501 4.840701 5.578461 5.873699 5.614010 4.961731 4.220567 4.585454 6.135632 7.703337 8.429838 7.887679 6.522704 5.087902 5.335966 7.498027 9.848768 10.957430 9.848768 7.498027 5.335966 5.087902 6.522704 7.887679 8.429838 7.703337 6.135632 4.585454 4.220567 4.961731 5.614010 5.873699 5.578461 4.840701 3.993501 3.682758 4.296371 4.886018 5.159893 4.970035 4.423197 3.759188,
 35.206032 38.973068 43.419807 47.271645 49.283508 48.988800 46.740860 42.218903 50.759926 59.680473 64.919563 64.860329 60.896103 54.638397 50.931164 64.970139 80.026985 87.190170 82.133217 70.969620 59.278324 57.745255 73.206017 90.139915 98.552299 90.139915 73.206017 57.745255 59.278324 70.969620 82.133217 87.190170 80.026985 64.970139 50.931164 54.638397 60.896103 64.860329 64.919563 59.680473 50.759926 42.218903 46.740860 48.988800 49.283508 47.271645 43.419807 38.973068 35.206032,
 100.909142 111.058128 124.949783 132.375397 123.292770 101.014671 75.022041 124.032379 154.650894 187.683273 201.231857 180.173355 137.420914 95.020721 141.238388 197.754211 258.399414 284.391479 251.019714 183.916931 121.741989 140.854675 211.206863 288.455383 325.187286 288.455383 211.206863 140.854675 121.741989 183.916931 251.019714 284.391479 258.399414 197.754211 141.238388 95.020721 137.420914 180.173355 201.231857 187.683273 154.650894 124.032379 75.022041 101.014671 123.292770 132.375397 124.949783 111.058128 100.909142,
 49.988220 51.093998 51.072136 49.528847 45.908737 40.152882 33.468216 60.850708 66.098473 69.453247 69.437569 64.324860 54.799866 44.359329 67.040794 78.333618 88.811523 93.535118 86.616516 71.498047 56.342403 65.130043 81.001984 97.611176 105.784828 97.611176 81.001984 65.130043 56.342403 71.498047 86.616516 93.535118 88.811523 78.333618 67.040794 44.359329 54.799866 64.324860 69.437569 69.453247 66.098473 60.850708 33.468216 40.152882 45.908737 49.528847 51.072136 51.093998 49.988220,
 2.090967 2.901636 3.565685 3.833840 3.589880 2.952358 2.154382 2.066379 3.014426 3.831003 4.174358 3.964996 3.326497 2.495969 2.673545 4.115875 5.574685 6.282013 5.764150 4.416358 3.017646 3.297325 5.193630 7.248707 8.235351 7.248707 5.193630 3.297325 3.017646 4.416358 5.764150 6.282013 5.574685 4.115875 2.673545 2.495969 3.326497 3.964996 4.174358 3.831003 3.014426 2.066379 2.154382 2.952358 3.589880 3.833840 3.565685 2.901636 2.090967,
 6.428805 8.462973 10.844503 12.704842 13.738010 13.885880 12.962508 12.664839 17.511824 21.858223 23.182587 21.623260 18.985949 16.100435 17.261564 26.096701 35.136250 37.954544 32.808224 24.928141 18.280851 18.930748 28.667713 40.192368 46.066956 40.192368 28.667713 18.930748 18.280851 24.928141 32.808224 37.954544 35.136250 26.096701 17.261564 16.100435 18.985949 21.623260 23.182587 21.858223 17.511824 12.664839 12.962508 13.885880 13.738010 12.704842 10.844503 8.462973 6.428805,
 9.555989 18.077564 28.287437 35.566292 36.028107 31.222233 25.598110 24.002918 42.815491 62.396736 72.437790 66.724312 51.188103 36.068439 42.283058 73.479767 105.966934 120.822433 106.981796 76.976501 49.010551 53.195511 88.887863 127.335976 145.579681 127.335976 88.887863 53.195511 49.010551 76.976501 106.981796 120.822433 105.966934 73.479767 42.283058 36.068439 51.188103 66.724312 72.437790 62.396736 42.815491 24.002918 25.598110 31.222233 36.028107 35.566292 28.287437 18.077564 9.555989,
 11.762440 12.564978 13.742436 14.367643 14.066546 12.105667 8.483736 19.570929 22.628370 26.024851 28.447309 27.583704 22.560797 16.285330 25.691319 31.715824 38.962208 44.074318 41.290607 32.349087 23.750374 27.423834 35.934692 46.216198 51.727264 46.216198 35.934692 27.423834 23.750374 32.349087 41.290607 44.074318 38.962208 31.715824 25.691319 16.285330 22.560797 27.583704 28.447309 26.024851 22.628370 19.570929 8.483736 12.105667 14.066546 14.367643 13.742436 12.564978 11.762440,
 0.337647 0.843042 1.276328 1.477702 1.325665 0.762966 -0.054146 0.340336 0.972114 1.616627 1.996921 1.859495 1.142024 0.147805 0.663096 1.674919 2.847023 3.519241 3.201711 2.097012 0.864931 1.118263 2.528698 4.109418 4.845734 4.109418 2.528698 1.118263 0.864931 2.097012 3.201711 3.519241 2.847023 1.674919 0.663096 0.147805 1.142024 1.859495 1.996921 1.616627 0.972114 0.340336 -0.054146 0.762966 1.325665 1.477702 1.276328 0.843042 0.337647,
 -6.709981 -4.685867 -1.652812 0.100261 0.224819 0.673694 2.027383 -3.176477 -0.083928 4.348869 6.959639 6.274180 4.802410 3.986540 1.350623 5.680787 11.701127 15.081923 12.877191 8.695964 5.576326 4.754141 9.300398 15.549153 19.054478 15.549153 9.300398 4.754141 5.576326 8.695964 12.877191 15.081923 11.701127 5.680787 1.350623 3.986540 4.802410 6.274180 6.959639 4.348869 -0.083928 -3.176477 2.027383 0.673694 0.224819 0.100261 -1.652812 -4.685867 -6.709981,
 -5.624928 -3.855118 -3.110602 -5.843431 -8.314428 -5.293428 1.102410 -5.035073 0.269351 7.373327 8.487186 3.629174 1.001884 3.449153 -2.032863 6.992009 21.475151 28.023575 19.724682 8.254216 3.938571 1.725977 10.972324 28.009405 37.805763 28.009405 10.972324 1.725977 3.938571 8.254216 19.724682 28.023575 21.475151 6.992009 -2.032863 3.449153 1.001884 3.629174 8.487186 7.373327 0.269351 -5.035073 1.102410 -5.293428 -8.314428 -5.843431 -3.110602 -3.855118 -5.624928,
 2.823199 2.456578 1.863391 1.043442 0.322918 0.102621 0.442328 3.425910 3.350885 3.406595 3.891213 4.332726 4.452844 4.628864 4.902475 6.064537 8.005133 10.226088 10.437546 8.741558 7.302101 6.906532 9.088325 12.356673 14.360561 12.356673 9.088325 6.906532 7.302101 8.741558 10.437546 10.226088 8.005133 6.064537 4.902475 4.628864 4.452844 4.332726 3.891213 3.406595 3.350885 3.425910 0.442328 0.102621 0.322918 1.043442 1.863391 2.456578 2.823199,

Pairwise cross-correlations of the modulus of all oriented sub-bands at the same scale (size QxQ)
 14.993297 18.411816 21.364075 20.010965,
 18.411816 172.221252 208.258621 39.087238,
 21.364075 208.258621 568.851379 228.677917,
 20.010965 39.087238 228.677917 196.100494,
 10.957431 11.736356 15.010218 10.661576,
 11.736356 98.552307 121.686783 21.150005,
 15.010218 121.686783 325.187317 126.852280,
 10.661576 21.150005 126.852280 105.784836,
 8.235352 7.083010 7.536910 5.659943,
 7.083010 46.066963 49.177238 5.189848,
 7.536910 49.177238 145.579681 54.522247,
 5.659943 5.189848 54.522247 51.727264,
 4.845734 1.281107 -0.229482 2.744324,
 1.281107 19.054480 16.828505 0.367399,
 -0.229482 16.828505 37.805767 7.218387,
 2.744324 0.367399 7.218387 14.360561,

Cross-correlations of the modulus of all oriented sub-bands with all oriented sub-bands at the coarser scale (size QxQ)
 8.054149 9.614496 10.958281 9.667292,
 14.969978 56.738010 58.785587 17.382294,
 23.580509 65.923660 128.061691 66.956322,
 14.769634 12.982759 57.467300 56.793396,
 5.896782 8.364200 8.478094 5.012670,
 10.927164 24.571312 25.168026 -0.786782,
 16.520317 29.057758 65.783737 28.526123,
 8.113909 10.102213 46.575890 36.034683,
 4.117413 3.209707 1.130435 2.732958,
 3.254931 8.526365 3.512451 1.774290,
 4.073664 13.934032 14.795496 9.071287,
 3.140079 6.012275 5.976065 8.362684,

Cross-correlations of the real part of each oriented sub-band with both the real and imaginary part of all phase-doubled oriented sub-bands at the next coarser scale (Q matrices of size 1x2Q, which are computed and stored in a matrix of size Qx2Q)
 -1.051931 -3.379563 -2.420325 -2.729980 0.951038 -0.007087 0.203690 0.546609,
 -2.301383 -29.490759 -11.341505 -4.085240 -0.115701 3.422482 6.387184 0.689643,
 -2.687658 -31.380507 -32.281715 -38.770035 -0.288393 4.350128 10.561156 6.481512,
 -1.877732 -5.061711 -23.595158 -35.032299 0.322722 0.038578 2.250252 6.179138,
 -0.044107 -0.634128 0.008488 0.166532 0.675130 0.191746 -0.113132 0.055220,
 -0.732269 -15.081074 -23.255817 -4.187950 -0.016124 6.678039 10.738235 0.680115,
 -1.076421 -23.109142 -49.220016 -11.433969 -0.381318 10.540949 18.322170 2.210784,
 -0.618140 -4.661652 -13.544199 -3.253622 0.235607 2.020651 2.975804 1.504031,
 0.484467 0.101610 -0.700782 -2.017898 -0.856111 0.561997 -0.109863 -0.472742,
 0.473851 0.391269 14.551344 2.399502 -0.420530 4.048270 -9.054876 -0.930079,
 -0.688776 4.705015 33.503632 -2.836799 -0.445522 0.064393 -24.548222 -4.645712,
 -0.951728 2.528214 6.803238 -10.550673 -0.681985 -1.337680 -9.231435 -4.828737,
