Low-band skewness and kurtosis
 -0.460641 2.171460,
 -0.435760 2.500731,
 -0.315171 2.133650,
 -0.082992 1.755571,
 0.038101 1.630556,

High-band variance
 1078.796997,

Skewness, kurtosis, variance, mean, maximum and minimum of the reconstructed texture
 -0.610590 1.921063 5616.283203 186.957092 255.000000 3.000000,

Auto-correlations of the low-frequency bands at each scale
 885.618713 827.746765 751.477295 675.035278 635.409790 674.649963 808.061340 753.347412 609.950378 548.681152 624.725525 853.276367 1197.822754 1567.501221 1767.229858 1989.841309 2314.115234 2660.813965 2926.681641 3064.349121 3062.189941 3272.909912 3753.959961 4152.811523 4314.271973 4152.811523 3753.959961 3272.909912 3062.189941 3064.349121 2926.681641 2660.813965 2314.115234 1989.841309 1767.229858 1567.501221 1197.822754 853.276367 624.725525 548.681152 609.950378 753.347412 808.061340 674.649963 635.409790 675.035278 751.477295 827.746765 885.618713,
 1053.991455 1053.021606 1011.902710 947.658447 893.101074 880.628479 921.735718 928.180847 795.266663 702.451965 698.087036 795.795837 973.689148 1176.583862 1274.647339 1364.610352 1543.517578 1760.449341 1927.651855 2004.335449 1989.141968 2088.856445 2395.159180 2659.874512 2770.251465 2659.874512 2395.159180 2088.856445 1989.141968 2004.335449 1927.651855 1760.449341 1543.517578 1364.610352 1274.647339 1176.583862 973.689148 795.795837 698.087036 702.451965 795.266663 928.180847 921.735718 880.628479 893.101074 947.658447 1011.902710 1053.021606 1053.991455,
 855.519592 841.026428 827.730835 817.671143 815.566284 830.033875 863.771301 864.682922 817.821411 798.723267 824.195557 892.844482 991.844116 1094.302246 1124.583496 1186.033081 1283.940308 1387.228394 1449.638306 1463.153442 1438.445068 1477.685059 1636.970825 1782.479004 1845.666748 1782.479004 1636.970825 1477.685059 1438.445068 1463.153442 1449.638306 1387.228394 1283.940308 1186.033081 1124.583496 1094.302246 991.844116 892.844482 824.195557 798.723267 817.821411 864.682922 863.771301 830.033875 815.566284 817.671143 827.730835 841.026428 855.519592,
 400.376221 434.354187 460.827057 474.761566 478.064728 477.055420 478.484558 774.199768 769.340454 772.146790 787.254822 807.738098 831.169434 852.414246 1002.775879 1022.635498 1082.115356 1148.732422 1177.906860 1164.694092 1125.645020 1163.979858 1251.558350 1345.542480 1388.902710 1345.542480 1251.558350 1163.979858 1125.645020 1164.694092 1177.906860 1148.732422 1082.115356 1022.635498 1002.775879 852.414246 831.169434 807.738098 787.254822 772.146790 769.340454 774.199768 478.484558 477.055420 478.064728 474.761566 460.827057 434.354187 400.376221,
 -793.221191 -836.033020 -868.552551 -859.213989 -805.599304 -753.389587 -739.279297 -22.363619 -65.647774 -73.465981 -34.754837 22.620115 58.608944 57.367943 735.628967 746.429810 800.923706 861.492065 874.833374 840.783569 795.266296 1064.615356 1125.891724 1211.543823 1254.960205 1211.543823 1125.891724 1064.615356 795.266296 840.783569 874.833374 861.492065 800.923706 746.429810 735.628967 57.367943 58.608944 22.620115 -34.754837 -73.465981 -65.647774 -22.363619 -739.279297 -753.389587 -805.599304 -859.213989 -868.552551 -836.033020 -793.221191,

Auto-correlations of the modulus of each oriented sub-band
 4.743598 5.997095 7.174450 7.875044 7.780643 7.034430 6.095627 5.719063 7.242944 8.506316 9.205328 9.128125 8.244475 6.962874 7.312171 9.801606 11.746253 12.190325 11.251107 9.631221 7.804415 8.090067 11.016418 14.060031 15.477596 14.060031 11.016418 8.090067 7.804415 9.631221 11.251107 12.190325 11.746253 9.801606 7.312171 6.962874 8.244475 9.128125 9.205328 8.506316 7.242944 5.719063 6.095627 7.034430 7.780643 7.875044 7.174450 5.997095 4.743598,
 61.220764 68.205887 77.033302 85.576630 91.897789 94.971497 94.791443 83.051086 100.217133 118.605751 131.939392 136.642548 133.506729 125.143051 115.885674 143.973907 171.927536 187.668274 184.609695 168.042847 146.502518 143.152756 173.973572 202.580170 215.160675 202.580170 173.973572 143.152756 146.502518 168.042847 184.609695 187.668274 171.927536 143.973907 115.885674 125.143051 133.506729 136.642548 131.939392 118.605751 100.217133 83.051086 94.791443 94.971497 91.897789 85.576630 77.033302 68.205887 61.220764,
 63.585064 73.319946 88.978439 101.505379 101.923798 92.384659 79.517982 122.029289 162.373077 207.540436 232.526093 220.262695 183.958374 146.205261 192.127777 269.779358 352.719543 393.522705 360.963318 284.740479 211.056000 231.984360 325.788940 425.668732 472.841980 425.668732 325.788940 231.984360 211.056000 284.740479 360.963318 393.522705 352.719543 269.779358 192.127777 146.205261 183.958374 220.262695 232.526093 207.540436 162.373077 122.029289 79.517982 92.384659 101.923798 101.505379 88.978439 73.319946 63.585064,
 21.561110 21.307867 21.344681 20.911129 18.769478 15.640753 12.836309 34.402573 36.998985 41.213535 43.648010 39.210423 30.651054 23.922331 44.151646 51.634796 63.738564 71.833977 63.743996 47.862747 36.791531 45.143032 56.705807 74.994263 86.167603 74.994263 56.705807 45.143032 36.791531 47.862747 63.743996 71.833977 63.738564 51.634796 44.151646 23.922331 30.651054 39.210423 43.648010 41.213535 36.998985 34.402573 12.836309 15.640753 18.769478 20.911129 21.344681 21.307867 21.561110,
 2.925919 3.691440 4.424472 4.836910 4.750469 4.192389 3.428110 3.160183 4.221713 5.180779 5.629284 5.454755 4.784146 3.891299 4.100359 6.045977 7.836383 8.364481 7.410878 5.798402 4.303107 4.626472 7.033823 9.724233 11.023043 9.724233 7.033823 4.626472 4.303107 5.798402 7.410878 8.364481 7.836383 6.045977 4.100359 3.891299 4.784146 5.454755 5.629284 5.180779 4.221713 3.160183 3.428110 4.192389 4.750469 4.836910 4.424472 3.691440 2.925919,
 25.261526 28.749697 33.051186 36.540951 38.101974 37.624161 35.639519 39.173889 50.144302 61.159058 67.162628 66.044907 59.624603 50.956604 56.461597 76.299934 96.036362 105.036621 98.501221 82.433159 64.878128 67.588676 90.562584 113.562340 124.056366 113.562340 90.562584 67.588676 64.878128 82.433159 98.501221 105.036621 96.036362 76.299934 56.461597 50.956604 59.624603 66.044907 67.162628 61.159058 50.144302 39.173889 35.639519 37.624161 38.101974 36.540951 33.051186 28.749697 25.261526,
 21.150690 30.344761 41.182701 46.769989 42.800911 32.636261 24.022844 39.432381 69.727280 103.433899 120.857529 109.515076 79.128632 49.607452 65.832977 122.154991 183.923264 214.509430 189.745499 130.792816 74.815247 82.331100 151.086792 225.899002 261.074371 225.899002 151.086792 82.331100 74.815247 130.792816 189.745499 214.509430 183.923264 122.154991 65.832977 49.607452 79.128632 109.515076 120.857529 103.433899 69.727280 39.432381 24.022844 32.636261 42.800911 46.769989 41.182701 30.344761 21.150690,
 8.817048 8.345254 7.799129 7.581951 7.378787 6.841021 6.155758 14.564857 15.430682 16.988720 19.192631 19.100201 15.831767 12.247286 20.282434 23.717306 29.622780 35.256577 33.193054 25.366381 19.058249 22.352592 28.462685 37.990246 43.849854 37.990246 28.462685 22.352592 19.058249 25.366381 33.193054 35.256577 29.622780 23.717306 20.282434 12.247286 15.831767 19.100201 19.192631 16.988720 15.430682 14.564857 6.155758 6.841021 7.378787 7.581951 7.799129 8.345254 8.817048,
 1.571078 2.263765 2.852997 3.042124 2.687294 1.940276 1.099857 1.700773 2.523859 3.181144 3.377730 3.005234 2.212898 1.292217 2.017948 3.522432 4.786133 5.138899 4.454280 3.202666 1.898267 2.431574 4.388603 6.307934 7.163489 6.307934 4.388603 2.431574 1.898267 3.202666 4.454280 5.138899 4.786133 3.522432 2.017948 1.292217 2.212898 3.005234 3.377730 3.181144 2.523859 1.700773 1.099857 1.940276 2.687294 3.042124 2.852997 2.263765 1.571078,
 11.588358 14.482336 17.909298 20.973684 22.506985 21.601992 18.622835 17.147043 23.910107 31.410223 36.573532 37.349998 33.920166 27.822515 24.174450 36.640823 49.991314 57.011002 53.651386 43.573853 32.180145 30.287100 45.090424 60.446186 67.579193 60.446186 45.090424 30.287100 32.180145 43.573853 53.651386 57.011002 49.991314 36.640823 24.174450 27.822515 33.920166 37.349998 36.573532 31.410223 23.910107 17.147043 18.622835 21.601992 22.506985 20.973684 17.909298 14.482336 11.588358,
 28.925816 35.359589 43.600433 49.706535 50.894791 45.440384 34.015957 40.295597 55.116817 73.570549 83.618149 78.231575 61.895412 42.732540 52.383320 80.580002 114.065201 130.509430 115.296432 82.509857 51.891491 57.066593 92.951088 134.488861 155.143494 134.488861 92.951088 57.066593 51.891491 82.509857 115.296432 130.509430 114.065201 80.580002 52.383320 42.732540 61.895412 78.231575 83.618149 73.570549 55.116817 40.295597 34.015957 45.440384 50.894791 49.706535 43.600433 35.359589 28.925816,
 5.640162 7.337281 8.900421 9.568190 9.298090 8.469922 7.259480 9.352167 11.732006 14.271123 15.838428 15.308837 12.914749 10.152473 13.221327 17.146511 21.980801 25.207161 23.365910 17.950012 13.036364 14.581688 19.946608 26.726950 30.371334 26.726950 19.946608 14.581688 13.036364 17.950012 23.365910 25.207161 21.980801 17.146511 13.221327 10.152473 12.914749 15.308837 15.838428 14.271123 11.732006 9.352167 7.259480 8.469922 9.298090 9.568190 8.900421 7.337281 5.640162,
 -0.399704 0.889361 1.982092 2.500043 2.285547 1.492216 0.428222 0.685768 2.131440 3.245519 3.632868 3.133653 1.965425 0.533443 2.076676 4.107066 5.677936 6.134624 5.259630 3.490260 1.465697 2.481952 4.921631 7.035746 7.915558 7.035746 4.921631 2.481952 1.465697 3.490260 5.259630 6.134624 5.677936 4.107066 2.076676 0.533443 1.965425 3.133653 3.632868 3.245519 2.131440 0.685768 0.428222 1.492216 2.285547 2.500043 1.982092 0.889361 -0.399704,
 -0.732558 2.758926 5.916960 7.450501 6.996984 5.296831 3.759629 5.162755 10.297392 14.127269 14.839891 12.715388 9.261118 5.874074 9.077744 16.218412 22.256210 23.329918 19.271332 13.282583 7.955562 9.536654 16.657743 24.214495 27.742455 24.214495 16.657743 9.536654 7.955562 13.282583 19.271332 23.329918 22.256210 16.218412 9.077744 5.874074 9.261118 12.715388 14.839891 14.127269 10.297392 5.162755 3.759629 5.296831 6.996984 7.450501 5.916960 2.758926 -0.732558,
 -1.027453 6.028281 12.157504 13.341547 9.840444 5.424377 2.785897 7.901330 17.848745 27.394302 29.920126 24.198601 16.031530 10.427737 15.759379 27.769287 41.366268 46.323090 38.392612 25.793827 16.983530 19.209747 30.689312 45.892036 53.705345 45.892036 30.689312 19.209747 16.983530 25.793827 38.392612 46.323090 41.366268 27.769287 15.759379 10.427737 16.031530 24.198601 29.920126 27.394302 17.848745 7.901330 2.785897 5.424377 9.840444 13.341547 12.157504 6.028281 -1.027453,
 0.536422 2.298370 3.196342 2.351498 1.013451 0.248886 0.088071 2.149354 3.129623 2.977345 2.758453 3.027377 2.801461 1.889484 2.616218 3.065845 4.088371 6.046441 6.567883 4.642927 2.509442 2.404106 3.938124 6.774036 8.640951 6.774036 3.938124 2.404106 2.509442 4.642927 6.567883 6.046441 4.088371 3.065845 2.616218 1.889484 2.801461 3.027377 2.758453 2.977345 3.129623 2.149354 0.088071 0.248886 1.013451 2.351498 3.196342 2.298370 0.536422,

Pairwise cross-correlations of the modulus of all oriented sub-bands at the same scale (size QxQ)
 15.477597 19.859732 10.379656 8.336502,
 19.859732 215.160675 231.724762 28.681273,
 10.379656 231.724762 472.842010 123.184265,
 8.336502 28.681273 123.184265 86.167603,
 11.023043 11.033290 3.729779 6.196249,
 11.033290 124.056366 126.307526 15.713476,
 3.729779 126.307526 261.074402 59.880219,
 6.196249 15.713476 59.880219 43.849854,
 7.163490 5.814805 3.801683 5.269587,
 5.814805 67.579201 73.731796 15.513244,
 3.801683 73.731796 155.143509 43.083824,
 5.269587 15.513244 43.083824 30.371338,
 7.915559 1.191179 0.142999 2.679660,
 1.191179 27.742455 33.185558 4.680897,
 0.142999 33.185558 53.705345 9.381575,
 2.679660 4.680897 9.381575 8.640951,

Cross-correlations of the modulus of all oriented sub-bands with all oriented sub-bands at the coarser scale (size QxQ)
 9.029698 12.454342 2.493298 5.424548,
 13.324662 46.695213 25.102228 1.728577,
 10.413358 37.508972 41.370132 16.007086,
 6.454624 4.339484 8.176624 18.111368,
 5.404666 7.553686 4.920854 6.416378,
 6.222759 24.881596 19.323048 12.649111,
 3.607641 14.294500 13.719637 11.238357,
 4.079765 5.328453 7.217075 9.925330,
 3.909622 4.632026 4.871379 3.107753,
 -0.765367 21.234673 24.166389 0.442226,
 -4.638386 24.619616 34.751690 2.342855,
 1.186376 11.071625 14.353165 6.124952,

Cross-correlations of the real part of each oriented sub-band with both the real and imaginary part of all phase-doubled oriented sub-bands at the next coarser scale (Q matrices of size 1x2Q, which are computed and stored in a matrix of size Qx2Q)
 -1.562737 -3.253344 -1.558645 -1.301496 1.357723 -0.419460 -0.541097 -0.521932,
 -3.468961 -36.097569 -36.575447 -11.811858 0.316389 -13.917649 -7.256670 1.399221,
 -1.954690 -46.911312 -86.051102 -52.608582 -0.123191 -17.644156 -2.354131 2.403297,
 -0.535546 -8.858574 -33.297100 -31.423861 0.616346 -1.989914 2.466374 -0.985376,
 0.542332 -3.162737 -1.554404 -0.369660 0.537374 0.078524 -0.143605 0.250858,
 -1.505725 -28.283272 -20.016119 -4.329569 0.749007 -13.338512 -24.537191 -1.607691,
 -1.263562 -27.055489 -42.414558 -23.437534 0.035986 -19.134840 -41.680412 -1.331217,
 0.232818 -2.635926 -17.543224 -14.719110 0.039901 -2.508161 -7.545275 1.922966,
 0.073238 -1.645759 -0.733342 -0.275277 -0.741612 -1.492615 -1.003079 0.200269,
 -0.677607 -11.137763 -2.368007 0.305115 -0.730856 -20.074993 -13.522324 0.106848,
 -0.581295 -8.277804 -0.924808 -2.774685 -0.513119 -20.174337 -18.699833 -3.069231,
 0.041399 -0.113852 -1.696620 -3.319942 -0.351794 -1.566615 -4.549789 -2.714920,
