Low-band skewness and kurtosis
 -0.611145 2.233699,
 -0.531368 2.254605,
 -0.470985 2.068645,
 -0.575777 2.009253,
 -0.563649 1.902083,

High-band variance
 928.452271,

Skewness, kurtosis, variance, mean, maximum and minimum of the reconstructed texture
 -0.725791 2.053935 5873.444336 190.121216 255.000000 3.000000,

Auto-correlations of the low-frequency bands at each scale
 1829.594727 1801.531006 1782.167725 1773.613403 1784.497070 1824.497803 1891.672852 2013.173462 1837.788940 1703.890991 1651.165161 1692.113403 1811.901489 1970.917114 3210.997070 3248.764893 3292.383301 3320.634033 3302.948242 3243.457275 3162.544434 4101.798828 4401.998535 4646.166016 4744.257324 4646.166016 4401.998535 4101.798828 3162.544434 3243.457275 3302.948242 3320.634033 3292.383301 3248.764893 3210.997070 1970.917114 1811.901489 1692.113403 1651.165161 1703.890991 1837.788940 2013.173462 1891.672852 1824.497803 1784.497070 1773.613403 1782.167725 1801.531006 1829.594727,
 1634.350220 1642.078247 1651.925049 1658.384277 1664.286865 1676.754761 1697.344604 1777.293945 1698.762329 1646.944946 1638.211304 1676.203491 1754.681274 1848.878418 2540.034668 2567.158691 2600.407227 2622.023193 2611.670410 2582.436523 2550.350098 3085.419434 3253.660156 3399.648682 3461.323486 3399.648682 3253.660156 3085.419434 2550.350098 2582.436523 2611.670410 2622.023193 2600.407227 2567.158691 2540.034668 1848.878418 1754.681274 1676.203491 1638.211304 1646.944946 1698.762329 1777.293945 1697.344604 1676.754761 1664.286865 1658.384277 1651.925049 1642.078247 1634.350220,
 1454.888428 1427.499634 1409.244385 1398.841187 1395.802490 1401.520386 1416.123535 1578.236328 1534.062378 1504.852295 1495.536499 1504.919434 1532.597534 1571.919189 2073.055420 2108.138672 2148.894287 2178.093018 2177.283936 2156.017578 2128.934326 2497.998047 2600.900879 2690.881836 2729.561035 2690.881836 2600.900879 2497.998047 2128.934326 2156.017578 2177.283936 2178.093018 2148.894287 2108.138672 2073.055420 1571.919189 1532.597534 1504.919434 1495.536499 1504.852295 1534.062378 1578.236328 1416.123535 1401.520386 1395.802490 1398.841187 1409.244385 1427.499634 1454.888428,
 503.652039 500.019989 487.405273 472.930237 469.783630 478.987762 496.069031 1210.146118 1166.285034 1126.355347 1107.884155 1118.015747 1147.758667 1182.401245 1809.445557 1813.777954 1828.979736 1842.391357 1835.579346 1814.107544 1792.639404 2077.173340 2147.024414 2219.468262 2252.979492 2219.468262 2147.024414 2077.173340 1792.639404 1814.107544 1835.579346 1842.391357 1828.979736 1813.777954 1809.445557 1182.401245 1147.758667 1118.015747 1107.884155 1126.355347 1166.285034 1210.146118 496.069031 478.987762 469.783630 472.930237 487.405273 500.019989 503.652039,
 -1239.450073 -1244.208984 -1253.766357 -1262.394775 -1264.545166 -1259.739746 -1250.898071 -198.535522 -200.689255 -202.462677 -203.587128 -204.944153 -204.756729 -202.182465 1242.519409 1250.340332 1262.177002 1268.827881 1262.337158 1250.012207 1241.626099 1959.640991 1980.844727 2007.379761 2020.456543 2007.379761 1980.844727 1959.640991 1241.626099 1250.012207 1262.337158 1268.827881 1262.177002 1250.340332 1242.519409 -202.182465 -204.756729 -204.944153 -203.587128 -202.462677 -200.689255 -198.535522 -1250.898071 -1259.739746 -1264.545166 -1262.394775 -1253.766357 -1244.208984 -1239.450073,

Auto-correlations of the modulus of each oriented sub-band
 3.340385 4.241095 5.068267 5.469573 5.249057 4.528322 3.647031 3.995267 5.034042 5.950993 6.350766 6.048069 5.230066 4.272813 5.065268 6.610075 7.854301 8.291236 7.762188 6.549784 5.134016 5.572327 7.526954 9.465755 10.331079 9.465755 7.526954 5.572327 5.134016 6.549784 7.762188 8.291236 7.854301 6.610075 5.065268 4.272813 5.230066 6.048069 6.350766 5.950993 5.034042 3.995267 3.647031 4.528322 5.249057 5.469573 5.068267 4.241095 3.340385,
 31.599789 37.576462 44.405716 50.125168 53.368431 55.227859 56.948063 52.181751 62.931538 74.544693 81.834335 82.302444 79.398209 76.491592 75.572128 90.903549 108.025711 116.895988 111.831589 100.684799 90.920456 91.200958 106.517334 124.453339 133.705826 124.453339 106.517334 91.200958 90.920456 100.684799 111.831589 116.895988 108.025711 90.903549 75.572128 76.491592 79.398209 82.302444 81.834335 74.544693 62.931538 52.181751 56.948063 55.227859 53.368431 50.125168 44.405716 37.576462 31.599789,
 136.710968 152.408813 167.313309 174.893509 172.319839 163.737091 153.932831 219.895554 255.011124 288.770233 304.560791 293.035675 264.586426 235.194839 308.613220 368.129974 426.832977 453.757629 429.301056 373.537506 317.578125 351.119659 421.620026 492.558685 525.159119 492.558685 421.620026 351.119659 317.578125 373.537506 429.301056 453.757629 426.832977 368.129974 308.613220 235.194839 264.586426 293.035675 304.560791 288.770233 255.011124 219.895554 153.932831 163.737091 172.319839 174.893509 167.313309 152.408813 136.710968,
 61.887112 61.488678 61.054756 59.755013 57.037888 53.378677 49.714069 82.528954 84.990448 87.330093 87.358025 82.698059 74.549103 66.539162 99.112091 107.438637 116.319466 120.277916 113.485649 99.732094 86.829514 100.904465 114.339607 129.179077 136.557800 129.179077 114.339607 100.904465 86.829514 99.732094 113.485649 120.277916 116.319466 107.438637 99.112091 66.539162 74.549103 82.698059 87.358025 87.330093 84.990448 82.528954 49.714069 53.378677 57.037888 59.755013 61.054756 61.488678 61.887112,
 2.503030 3.025535 3.528293 3.790322 3.687946 3.291875 2.800101 2.897891 3.525618 4.101227 4.362036 4.193995 3.699176 3.125710 3.578593 4.741140 5.822114 6.228074 5.713611 4.621524 3.528295 3.910010 5.484717 7.123634 7.878205 7.123634 5.484717 3.910010 3.528295 4.621524 5.713611 6.228074 5.822114 4.741140 3.578593 3.125710 3.699176 4.193995 4.362036 4.101227 3.525618 2.897891 2.800101 3.291875 3.687946 3.790322 3.528293 3.025535 2.503030,
 9.748545 12.790136 15.491113 17.650002 18.947151 18.959890 18.047123 18.241074 24.872356 31.756727 35.489292 35.023212 32.090427 28.389481 29.073990 39.200150 50.840607 56.467350 52.351036 44.039200 36.397659 36.769897 47.468925 60.244675 66.871811 60.244675 47.468925 36.769897 36.397659 44.039200 52.351036 56.467350 50.840607 39.200150 29.073990 28.389481 32.090427 35.023212 35.489292 31.756727 24.872356 18.241074 18.047123 18.959890 18.947151 17.650002 15.491113 12.790136 9.748545,
 43.915413 53.474033 61.082237 64.461853 61.745125 55.258823 48.843529 84.629105 107.959045 129.426926 138.834351 130.150986 110.597107 91.143341 131.065018 171.073318 210.366013 228.019775 211.066666 173.910049 137.290634 155.301270 201.997391 249.500427 271.546356 249.500427 201.997391 155.301270 137.290634 173.910049 211.066666 228.019775 210.366013 171.073318 131.065018 91.143341 110.597107 130.150986 138.834351 129.426926 107.959045 84.629105 48.843529 55.258823 61.745125 64.461853 61.082237 53.474033 43.915413,
 24.013035 24.117573 23.960609 23.261200 21.636608 19.126995 16.214611 33.851120 35.689384 37.283691 37.958984 35.772850 30.526482 24.685583 41.980671 47.207375 53.205368 56.946980 53.451111 44.396904 35.598087 42.896606 51.518093 61.563599 66.735336 61.563599 51.518093 42.896606 35.598087 44.396904 53.451111 56.946980 53.205368 47.207375 41.980671 24.685583 30.526482 35.772850 37.958984 37.283691 35.689384 33.851120 16.214611 19.126995 21.636608 23.261200 23.960609 24.117573 24.013035,
 1.028812 1.472257 1.895754 2.060232 1.862192 1.431756 1.015357 1.298820 1.885722 2.408651 2.577831 2.287845 1.722564 1.188298 1.899778 2.801916 3.682999 4.004765 3.459928 2.446087 1.560669 2.050593 3.210487 4.542904 5.191672 4.542904 3.210487 2.050593 1.560669 2.446087 3.459928 4.004765 3.682999 2.801916 1.899778 1.188298 1.722564 2.287845 2.577831 2.408651 1.885722 1.298820 1.015357 1.431756 1.862192 2.060232 1.895754 1.472257 1.028812,
 5.604342 6.648418 8.623650 10.017570 9.911137 8.678621 7.042549 10.244664 13.849101 17.879591 19.272871 17.498899 14.731938 12.120666 15.850191 22.044846 29.534971 32.185631 27.812910 21.757355 17.304274 18.985523 25.371181 34.183109 39.083027 34.183109 25.371181 18.985523 17.304274 21.757355 27.812910 32.185631 29.534971 22.044846 15.850191 12.120666 14.731938 17.498899 19.272871 17.879591 13.849101 10.244664 7.042549 8.678621 9.911137 10.017570 8.623650 6.648418 5.604342,
 36.213955 38.960960 42.357059 43.364182 40.292233 33.656662 25.011032 60.812946 72.501122 84.505798 89.636765 84.053192 70.495949 54.846493 91.442848 114.481750 137.104050 146.777130 136.836075 113.591232 88.571053 105.119759 134.458984 162.720276 175.062531 162.720276 134.458984 105.119759 88.571053 113.591232 136.836075 146.777130 137.104050 114.481750 91.442848 54.846493 70.495949 84.053192 89.636765 84.505798 72.501122 60.812946 25.011032 33.656662 40.292233 43.364182 42.357059 38.960960 36.213955,
 6.165987 5.596624 5.875204 6.389733 6.084850 5.075652 4.112847 11.018147 11.919656 13.612799 15.152897 14.937048 12.604650 10.134627 16.350357 19.468657 23.872599 27.418837 26.049368 20.644236 15.912108 18.504784 23.502413 30.305605 34.124493 30.305605 23.502413 18.504784 15.912108 20.644236 26.049368 27.418837 23.872599 19.468657 16.350357 10.134627 12.604650 14.937048 15.152897 13.612799 11.919656 11.018147 4.112847 5.075652 6.084850 6.389733 5.875204 5.596624 6.165987,
 0.449141 0.988417 1.394476 1.460879 1.140329 0.597559 0.028846 0.113747 0.714969 1.193893 1.361123 1.216613 0.887179 0.475769 0.522001 1.310849 2.034684 2.373129 2.171295 1.614402 1.008103 1.275527 2.259143 3.279757 3.747017 3.279757 2.259143 1.275527 1.008103 1.614402 2.171295 2.373129 2.034684 1.310849 0.522001 0.475769 0.887179 1.216613 1.361123 1.193893 0.714969 0.113747 0.028846 0.597559 1.140329 1.460879 1.394476 0.988417 0.449141,
 -1.403855 -0.015368 1.485924 2.504612 2.926279 2.410674 1.149233 2.289869 5.683662 9.123029 10.157137 8.616105 6.032719 3.847931 6.653641 11.367226 16.835098 18.730297 15.583241 10.741863 7.248514 8.772077 13.424345 19.671673 22.918829 19.671673 13.424345 8.772077 7.248514 10.741863 15.583241 18.730297 16.835098 11.367226 6.653641 3.847931 6.032719 8.616105 10.157137 9.123029 5.683662 2.289869 1.149233 2.410674 2.926279 2.504612 1.485924 -0.015368 -1.403855,
 -17.244795 -15.177368 -8.912346 -6.159502 -9.441950 -11.872120 -11.431704 -4.496375 4.308239 18.632868 24.959816 17.651808 8.203604 4.818125 13.996344 28.759541 51.245995 62.688786 51.682678 33.150990 22.526106 26.382095 42.368473 67.364815 81.058121 67.364815 42.368473 26.382095 22.526106 33.150990 51.682678 62.688786 51.245995 28.759541 13.996344 4.818125 8.203604 17.651808 24.959816 18.632868 4.308239 -4.496375 -11.431704 -11.872120 -9.441950 -6.159502 -8.912346 -15.177368 -17.244795,
 -1.074941 -0.986054 -1.805342 -2.798093 -3.364115 -3.519204 -3.453923 4.090172 4.349564 4.106504 3.908542 3.187219 1.508594 -0.066075 7.822134 9.331535 12.007235 14.138013 12.693510 8.376684 4.927227 8.224448 11.594528 16.815092 19.854355 16.815092 11.594528 8.224448 4.927227 8.376684 12.693510 14.138013 12.007235 9.331535 7.822134 -0.066075 1.508594 3.187219 3.908542 4.106504 4.349564 4.090172 -3.453923 -3.519204 -3.364115 -2.798093 -1.805342 -0.986054 -1.074941,

Pairwise cross-correlations of the modulus of all oriented sub-bands at the same scale (size QxQ)
 10.331080 12.009504 13.163718 11.799213,
 12.009504 133.705856 190.489548 43.449436,
 13.163718 190.489548 525.159180 200.479477,
 11.799213 43.449436 200.479477 136.557800,
 7.878205 7.027920 10.190006 7.785004,
 7.027920 66.871811 94.017654 19.757456,
 10.190006 94.017654 271.546387 97.127182,
 7.785004 19.757456 97.127182 66.735336,
 5.191673 2.722387 3.118726 2.615500,
 2.722387 39.083031 60.666790 12.970162,
 3.118726 60.666790 175.062515 57.136116,
 2.615500 12.970162 57.136116 34.124496,
 3.747017 2.725701 0.586594 1.591931,
 2.725701 22.918827 26.477821 12.260426,
 0.586594 26.477821 81.058121 25.787153,
 1.591931 12.260426 25.787153 19.854357,

Cross-correlations of the modulus of all oriented sub-bands with all oriented sub-bands at the coarser scale (size QxQ)
 6.086161 5.610218 4.482570 6.506385,
 10.080376 33.284435 42.423309 13.276446,
 15.737595 33.782284 95.288513 48.600014,
 10.185465 3.689722 34.116024 37.824631,
 3.931236 2.853127 3.686649 3.558401,
 5.597649 12.022802 18.921461 6.429857,
 9.545081 6.418351 26.445984 14.033365,
 4.715172 -3.897729 4.671746 11.760653,
 2.933198 4.241180 1.135755 2.763507,
 2.051525 7.978259 8.630382 3.800653,
 2.988121 12.066254 37.859341 10.671347,
 1.703500 6.150115 20.297316 10.002197,

Cross-correlations of the real part of each oriented sub-band with both the real and imaginary part of all phase-doubled oriented sub-bands at the next coarser scale (Q matrices of size 1x2Q, which are computed and stored in a matrix of size Qx2Q)
 -0.756671 -2.086291 -1.406579 -1.254274 0.759377 0.350876 0.230714 -0.425331,
 -1.684993 -36.715759 -45.355080 -9.261370 0.223758 0.688026 3.142482 1.670712,
 -1.864334 -54.274494 -95.386459 -34.932739 -0.083096 -0.453128 12.318069 6.628932,
 -1.042077 -10.913990 -29.939249 -20.811541 0.420459 0.022279 6.657031 2.313337,
 0.465045 -0.352341 -0.275348 -0.311603 0.744396 -0.057368 0.073898 -0.388137,
 0.043077 -19.634514 -30.259407 -4.490287 0.066956 4.452900 16.590536 2.927586,
 -0.351199 -37.690197 -67.761230 -15.904526 0.066394 10.432977 37.436005 3.098125,
 -0.075359 -9.477320 -19.996054 -8.352099 0.484030 3.233069 10.005942 -2.469383,
 0.144802 -0.526176 -0.480083 -0.795122 0.809297 0.744678 0.001827 -0.410124,
 0.345946 -4.474443 5.096781 0.436576 0.753357 1.946870 2.716945 4.246572,
 0.003624 -2.391496 18.392159 0.800543 0.023676 2.287233 24.846540 15.819558,
 -0.202152 0.597690 5.729505 -1.622759 0.201145 1.849474 15.203746 5.980716,
