Low-band skewness and kurtosis
 -0.492088 2.241259,
 -0.399558 2.355529,
 -0.393399 2.364801,
 -0.253609 2.219627,
 -0.045152 1.678168,

High-band variance
 986.644958,

Skewness, kurtosis, variance, mean, maximum and minimum of the reconstructed texture
 -0.621727 1.967878 5479.179688 187.675293 255.000000 1.000000,

Auto-correlations of the low-frequency bands at each scale
 987.658936 945.820923 887.045776 820.543396 758.905640 725.994385 741.496460 780.118164 685.849426 647.910278 691.646484 825.247192 1043.048096 1307.756104 1909.671997 2114.044678 2374.422363 2634.664795 2843.121094 2994.542236 3083.332031 3584.976807 3907.592529 4167.663086 4272.742188 4167.663086 3907.592529 3584.976807 3083.332031 2994.542236 2843.121094 2634.664795 2374.422363 2114.044678 1909.671997 1307.756104 1043.048096 825.247192 691.646484 647.910278 685.849426 780.118164 741.496460 725.994385 758.905640 820.543396 887.045776 945.820923 987.658936,
 998.929993 994.301636 974.815002 943.102417 905.124573 874.362305 862.393127 800.020813 745.780518 718.087097 730.473633 782.799622 875.807983 997.629333 1391.497070 1497.313599 1647.851074 1804.254639 1918.174805 1986.664917 2019.433105 2379.619629 2568.033936 2729.353760 2797.694824 2729.353760 2568.033936 2379.619629 2019.433105 1986.664917 1918.174805 1804.254639 1647.851074 1497.313599 1391.497070 997.629333 875.807983 782.799622 730.473633 718.087097 745.780518 800.020813 862.393127 874.362305 905.124573 943.102417 974.815002 994.301636 998.929993,
 800.059021 788.635620 788.202271 791.796631 792.356812 795.611572 808.527649 764.965820 749.904297 761.668030 795.698059 838.382996 889.523193 946.195923 1136.007080 1210.352295 1309.623047 1400.049316 1444.198486 1452.130127 1445.429443 1636.322510 1752.221802 1861.551514 1910.670166 1861.551514 1752.221802 1636.322510 1445.429443 1452.130127 1444.198486 1400.049316 1309.623047 1210.352295 1136.007080 946.195923 889.523193 838.382996 795.698059 761.668030 749.904297 764.965820 808.527649 795.611572 792.356812 791.796631 788.202271 788.635620 800.059021,
 433.873322 429.156342 419.314484 418.564026 418.572357 412.246002 408.904816 705.166687 674.320557 662.177612 675.840942 691.869263 708.614502 735.890442 970.732117 992.217896 1055.984619 1127.785034 1152.285156 1140.505493 1123.944824 1229.734497 1305.316406 1396.227661 1442.706299 1396.227661 1305.316406 1229.734497 1123.944824 1140.505493 1152.285156 1127.785034 1055.984619 992.217896 970.732117 735.890442 708.614502 691.869263 675.840942 662.177612 674.320557 705.166687 408.904816 412.246002 418.572357 418.564026 419.314484 429.156342 433.873322,
 -772.341858 -773.136963 -794.362427 -817.319458 -816.739624 -799.784058 -786.717590 9.555241 -18.185574 -41.128723 -44.869392 -22.181074 13.615718 36.992832 751.449463 749.192078 782.368591 820.993530 831.664124 820.935974 804.679321 1083.664185 1120.268188 1182.683350 1216.803589 1182.683350 1120.268188 1083.664185 804.679321 820.935974 831.664124 820.993530 782.368591 749.192078 751.449463 36.992832 13.615718 -22.181074 -44.869392 -41.128723 -18.185574 9.555241 -786.717590 -799.784058 -816.739624 -817.319458 -794.362427 -773.136963 -772.341858,

Auto-correlations of the modulus of each oriented sub-band
 4.804007 6.493014 7.993052 8.695393 8.287639 7.044520 5.576036 5.334546 7.145029 8.745563 9.541940 9.189809 7.906566 6.290020 6.584037 9.039848 11.024620 11.704081 10.868328 9.062111 7.031331 7.189993 10.004875 12.667825 13.819919 12.667825 10.004875 7.189993 7.031331 9.062111 10.868328 11.704081 11.024620 9.039848 6.584037 6.290020 7.906566 9.189809 9.541940 8.745563 7.145029 5.334546 5.576036 7.044520 8.287639 8.695393 7.993052 6.493014 4.804007,
 41.994850 46.213150 50.718819 55.065880 58.842041 61.605865 63.057274 62.769867 74.080742 84.631927 91.778282 94.674622 93.940407 90.479141 91.749916 110.487473 127.384094 136.128067 134.165100 124.853287 112.390862 113.372993 133.163330 150.507111 157.949814 150.507111 133.163330 113.372993 112.390862 124.853287 134.165100 136.128067 127.384094 110.487473 91.749916 90.479141 93.940407 94.674622 91.778282 84.631927 74.080742 62.769867 63.057274 61.605865 58.842041 55.065880 50.718819 46.213150 41.994850,
 85.023651 99.374046 112.159050 118.861748 118.662590 115.452736 111.518585 163.123383 203.121460 239.838181 257.133850 248.561966 225.625763 201.046173 259.756897 327.494812 391.741455 421.076782 398.444397 345.140747 289.553711 316.486420 392.756836 466.670593 500.151978 466.670593 392.756836 316.486420 289.553711 345.140747 398.444397 421.076782 391.741455 327.494812 259.756897 201.046173 225.625763 248.561966 257.133850 239.838181 203.121460 163.123383 111.518585 115.452736 118.662590 118.861748 112.159050 99.374046 85.023651,
 16.588631 17.606903 18.795219 18.589890 16.551315 14.458524 13.507708 26.553890 29.421814 34.475594 37.493015 34.019402 27.298153 23.229317 35.401382 41.387421 53.336426 61.591972 54.859619 41.090996 33.176544 38.206047 46.880188 63.646690 73.885422 63.646690 46.880188 38.206047 33.176544 41.090996 54.859619 61.591972 53.336426 41.387421 35.401382 23.229317 27.298153 34.019402 37.493015 34.475594 29.421814 26.553890 13.507708 14.458524 16.551315 18.589890 18.795219 17.606903 16.588631,
 3.747391 5.119523 6.309660 6.768670 6.254941 5.023349 3.585551 4.197125 5.781427 7.084074 7.543989 6.941020 5.579809 4.027521 4.763954 6.979200 8.884689 9.514685 8.547979 6.593692 4.561102 5.010259 7.607406 10.127735 11.232423 10.127735 7.607406 5.010259 4.561102 6.593692 8.547979 9.514685 8.884689 6.979200 4.763954 4.027521 5.579809 6.941020 7.543989 7.084074 5.781427 4.197125 3.585551 5.023349 6.254941 6.768670 6.309660 5.119523 3.747391,
 18.772760 21.958574 25.604906 28.493008 29.524412 28.020895 24.187670 28.445011 36.793865 45.101608 49.644154 49.173012 44.658756 37.567089 41.401615 55.694843 70.140739 76.663673 72.087563 61.172512 48.817104 50.452011 66.525352 82.869934 90.532455 82.869934 66.525352 50.452011 48.817104 61.172512 72.087563 76.663673 70.140739 55.694843 41.401615 37.567089 44.658756 49.173012 49.644154 45.101608 36.793865 28.445011 24.187670 28.020895 29.524412 28.493008 25.604906 21.958574 18.772760,
 38.748138 48.088905 61.982883 74.641640 80.164413 76.473030 65.369156 81.644554 106.644295 134.632767 153.822510 154.518356 137.888702 112.199974 140.684189 185.261414 229.303879 253.396683 243.209915 206.630798 161.579758 176.697647 231.290222 281.273621 303.150879 281.273621 231.290222 176.697647 161.579758 206.630798 243.209915 253.396683 229.303879 185.261414 140.684189 112.199974 137.888702 154.518356 153.822510 134.632767 106.644295 81.644554 65.369156 76.473030 80.164413 74.641640 61.982883 48.088905 38.748138,
 8.144758 8.849139 10.079217 11.095508 10.938867 9.569137 8.412092 14.569565 16.211039 18.832569 21.542698 21.350033 18.036310 15.020248 21.984436 24.966908 30.409016 35.588940 33.694897 26.896503 21.990711 25.140711 29.796951 37.917439 43.089657 37.917439 29.796951 25.140711 21.990711 26.896503 33.694897 35.588940 30.409016 24.966908 21.984436 15.020248 18.036310 21.350033 21.542698 18.832569 16.211039 14.569565 8.412092 9.569137 10.938867 11.095508 10.079217 8.849139 8.144758,
 2.319972 3.471052 4.283688 4.349672 3.528650 2.230412 1.107218 3.171674 4.731898 5.853101 5.986611 5.002276 3.432821 1.996367 3.706439 5.806439 7.655616 8.224305 7.099507 5.038455 3.068651 3.764225 6.169706 8.608071 9.714455 8.608071 6.169706 3.764225 3.068651 5.038455 7.099507 8.224305 7.655616 5.806439 3.706439 1.996367 3.432821 5.002276 5.986611 5.853101 4.731898 3.171674 1.107218 2.230412 3.528650 4.349672 4.283688 3.471052 2.319972,
 2.552373 3.626592 5.003467 5.916560 6.262102 6.984092 7.766114 10.372795 14.421453 18.499880 20.473217 19.774649 18.377184 16.983822 20.440176 28.070696 35.833630 38.959274 35.583523 29.900366 24.830042 26.400723 34.677193 43.976768 48.719791 43.976768 34.677193 26.400723 24.830042 29.900366 35.583523 38.959274 35.833630 28.070696 20.440176 16.983822 18.377184 19.774649 20.473217 18.499880 14.421453 10.372795 7.766114 6.984092 6.262102 5.916560 5.003467 3.626592 2.552373,
 4.473595 8.939259 15.682823 21.832436 23.356445 22.051720 19.647247 37.749321 49.235443 61.758560 69.441437 66.846252 58.770859 50.091583 74.479553 95.175201 116.399117 127.033737 118.419167 99.735168 81.353607 92.827644 117.190186 142.614014 155.068237 142.614014 117.190186 92.827644 81.353607 99.735168 118.419167 127.033737 116.399117 95.175201 74.479553 50.091583 58.770859 66.846252 69.441437 61.758560 49.235443 37.749321 19.647247 22.051720 23.356445 21.832436 15.682823 8.939259 4.473595,
 4.459299 5.076734 5.804327 6.309735 5.881709 4.789736 3.725051 6.976079 8.295326 10.024272 11.607679 11.427978 9.119333 6.441483 9.226192 11.860858 15.739207 19.219355 18.101650 13.179196 9.042370 10.151547 14.067607 19.947098 23.475594 19.947098 14.067607 10.151547 9.042370 13.179196 18.101650 19.219355 15.739207 11.860858 9.226192 6.441483 9.119333 11.427978 11.607679 10.024272 8.295326 6.976079 3.725051 4.789736 5.881709 6.309735 5.804327 5.076734 4.459299,
 -0.134425 1.627839 3.052536 3.439591 2.676518 1.222890 -0.311012 0.945756 3.059591 4.700511 5.044248 3.954599 2.066113 0.212266 2.346265 5.652952 8.399948 9.179544 7.579679 4.542284 1.475305 2.577593 6.463013 10.066712 11.587720 10.066712 6.463013 2.577593 1.475305 4.542284 7.579679 9.179544 8.399948 5.652952 2.346265 0.212266 2.066113 3.954599 5.044248 4.700511 3.059591 0.945756 -0.311012 1.222890 2.676518 3.439591 3.052536 1.627839 -0.134425,
 2.872818 6.189350 6.684981 6.509028 7.702106 9.513000 9.980764 5.954604 14.527308 18.731258 17.213943 14.246960 13.235829 12.722324 8.391914 19.848572 29.940462 30.922258 23.855215 16.744965 12.745708 10.800598 19.903444 31.808868 37.987991 31.808868 19.903444 10.800598 12.745708 16.744965 23.855215 30.922258 29.940462 19.848572 8.391914 12.722324 13.235829 14.246960 17.213943 18.731258 14.527308 5.954604 9.980764 9.513000 7.702106 6.509028 6.684981 6.189350 2.872818,
 16.495724 19.000309 21.849060 23.744408 22.872894 19.814476 16.457050 24.022673 31.520926 41.172176 47.455429 45.777584 37.639935 28.467703 30.171938 44.744125 62.003391 71.617241 66.474327 50.647354 34.451653 34.433472 53.267151 73.617844 82.754639 73.617844 53.267151 34.433472 34.451653 50.647354 66.474327 71.617241 62.003391 44.744125 30.171938 28.467703 37.639935 45.777584 47.455429 41.172176 31.520926 24.022673 16.457050 19.814476 22.872894 23.744408 21.849060 19.000309 16.495724,
 -0.761786 -0.525452 0.370057 1.077171 1.605830 1.289057 0.532484 0.789724 1.995113 3.539516 5.620026 6.683201 5.151292 3.274530 3.529584 5.362599 8.169527 11.816072 11.712072 8.019444 5.410889 5.588470 7.915550 12.219269 15.252683 12.219269 7.915550 5.588470 5.410889 8.019444 11.712072 11.816072 8.169527 5.362599 3.529584 3.274530 5.151292 6.683201 5.620026 3.539516 1.995113 0.789724 0.532484 1.289057 1.605830 1.077171 0.370057 -0.525452 -0.761786,

Pairwise cross-correlations of the modulus of all oriented sub-bands at the same scale (size QxQ)
 13.819919 12.833485 5.001702 7.620901,
 12.833485 157.949814 224.300964 42.324886,
 5.001702 224.300964 500.152069 132.212357,
 7.620901 42.324886 132.212357 73.885429,
 11.232423 7.787608 4.341249 6.004588,
 7.787608 90.532471 133.580826 29.706734,
 4.341249 133.580826 303.150909 79.364403,
 6.004588 29.706734 79.364403 43.089657,
 9.714455 4.464806 -2.279073 2.729460,
 4.464806 48.719788 67.464996 17.249678,
 -2.279073 67.464996 155.068237 38.129715,
 2.729460 17.249678 38.129715 23.475597,
 11.587721 8.600819 9.691210 6.150770,
 8.600819 37.987995 46.841148 9.853682,
 9.691210 46.841148 82.754654 21.832907,
 6.150770 9.853682 21.832907 15.252684,

Cross-correlations of the modulus of all oriented sub-bands with all oriented sub-bands at the coarser scale (size QxQ)
 9.192521 7.859674 0.768490 4.721003,
 7.868177 21.568258 12.412093 1.233097,
 7.299298 21.892763 41.792088 15.843429,
 7.151565 8.680844 17.427147 16.775190,
 7.337579 6.566042 -1.173689 4.180449,
 4.056683 22.304396 31.816460 10.388821,
 3.483715 32.087734 63.162617 17.600237,
 3.563131 9.875775 11.300163 8.848979,
 7.586471 7.078049 7.477297 4.930541,
 3.016445 10.692150 14.220099 2.586056,
 -3.274993 1.116551 2.474169 -1.054295,
 2.077204 3.514185 6.243705 5.157168,

Cross-correlations of the real part of each oriented sub-band with both the real and imaginary part of all phase-doubled oriented sub-bands at the next coarser scale (Q matrices of size 1x2Q, which are computed and stored in a matrix of size Qx2Q)
 -0.989984 -2.024355 -0.843003 -0.670738 1.548110 0.005610 0.087812 -0.037414,
 -1.759814 -38.219315 -59.724323 -16.791227 0.524708 3.955434 5.775270 -2.562405,
 -1.027926 -62.669067 -135.749619 -52.903229 0.035323 7.456160 0.111292 -10.380449,
 -0.317157 -14.185079 -43.162014 -23.989470 0.597110 1.074396 -4.333869 -4.428949,
 0.033294 -0.806363 0.437378 -0.535212 1.284049 0.169292 0.191995 -0.400748,
 -0.401756 7.740613 21.229918 1.070148 0.205588 5.189015 11.256611 2.311461,
 -0.121060 16.951908 37.897598 0.592656 -0.232910 7.520425 20.103107 4.437635,
 0.135204 3.609066 8.765001 -1.643582 0.522512 1.339842 4.458799 0.078362,
 1.056548 -1.387699 0.019635 -0.060529 2.325026 0.101261 0.023789 -0.672444,
 0.091169 -6.409449 14.623357 2.668764 0.766783 -3.393719 -7.862525 0.927968,
 -0.152390 -0.882225 25.903252 4.164009 -0.030843 -7.777241 -6.840770 4.735888,
 0.386171 1.020093 4.458012 -0.148891 0.906587 -2.024401 2.359944 1.693093,
