Low-band skewness and kurtosis
 -0.537248 2.134696,
 -0.489278 2.263785,
 -0.374551 2.062727,
 -0.370646 1.968290,
 -0.331728 1.759675,

High-band variance
 984.772095,

Skewness, kurtosis, variance, mean, maximum and minimum of the reconstructed texture
 -0.671049 1.962628 5841.974609 188.669495 255.000000 4.000000,

Auto-correlations of the low-frequency bands at each scale
 1636.956909 1620.517090 1586.280273 1548.831787 1533.308838 1567.699707 1659.896118 1589.133301 1494.105225 1451.651855 1501.311890 1655.144775 1889.942139 2141.782959 2620.782471 2767.450928 2987.262207 3218.956055 3386.564941 3464.131592 3449.306396 3892.050293 4237.193848 4530.621094 4651.639648 4530.621094 4237.193848 3892.050293 3449.306396 3464.131592 3386.564941 3218.956055 2987.262207 2767.450928 2620.782471 2141.782959 1889.942139 1655.144775 1501.311890 1451.651855 1494.105225 1589.133301 1659.896118 1567.699707 1533.308838 1548.831787 1586.280273 1620.517090 1636.956909,
 1509.116211 1515.526855 1505.303101 1483.194214 1464.035522 1474.232910 1524.744141 1433.566406 1374.072754 1352.325317 1387.930420 1480.779419 1620.432861 1773.898438 2056.750732 2146.616211 2294.651367 2456.613525 2568.333984 2611.376953 2592.900635 2867.465332 3092.346924 3288.046387 3370.604004 3288.046387 3092.346924 2867.465332 2592.900635 2611.376953 2568.333984 2456.613525 2294.651367 2146.616211 2056.750732 1773.898438 1620.432861 1480.779419 1387.930420 1352.325317 1374.072754 1433.566406 1524.744141 1474.232910 1464.035522 1483.194214 1505.303101 1515.526855 1509.116211,
 1345.856934 1334.364746 1317.984375 1295.941284 1272.819580 1263.347412 1276.277100 1359.262451 1335.544678 1340.901611 1375.267822 1426.977051 1494.027588 1567.681396 1710.942139 1784.403198 1900.971802 2018.699097 2085.010986 2099.548096 2081.408447 2202.287354 2342.067139 2473.498535 2532.054688 2473.498535 2342.067139 2202.287354 2081.408447 2099.548096 2085.010986 2018.699097 1900.971802 1784.403198 1710.942139 1567.681396 1494.027588 1426.977051 1375.267822 1340.901611 1335.544678 1359.262451 1276.277100 1263.347412 1272.819580 1295.941284 1317.984375 1334.364746 1345.856934,
 569.384766 589.967834 609.843262 621.060791 615.729980 605.520569 605.763672 1092.297974 1102.624756 1123.930420 1149.855713 1163.109375 1173.954102 1190.897827 1532.744995 1566.557983 1639.358276 1710.627563 1727.584595 1702.568970 1665.436646 1815.578979 1897.427856 1994.886841 2043.558960 1994.886841 1897.427856 1815.578979 1665.436646 1702.568970 1727.584595 1710.627563 1639.358276 1566.557983 1532.744995 1190.897827 1173.954102 1163.109375 1149.855713 1123.930420 1102.624756 1092.297974 605.763672 605.520569 615.729980 621.060791 609.843262 589.967834 569.384766,
 -1154.793823 -1202.375977 -1247.549316 -1246.777222 -1188.579834 -1126.305908 -1106.502808 -76.271294 -99.505127 -94.532799 -59.101746 -20.779472 -7.046684 -19.755745 1107.830200 1128.756836 1193.728271 1252.997192 1247.869141 1195.704834 1147.998169 1651.220703 1708.236206 1800.001831 1849.333252 1800.001831 1708.236206 1651.220703 1147.998169 1195.704834 1247.869141 1252.997192 1193.728271 1128.756836 1107.830200 -19.755745 -7.046684 -20.779472 -59.101746 -94.532799 -99.505127 -76.271294 -1106.502808 -1126.305908 -1188.579834 -1246.777222 -1247.549316 -1202.375977 -1154.793823,

Auto-correlations of the modulus of each oriented sub-band
 4.119258 5.489225 6.760100 7.448209 7.305485 6.544735 5.611990 4.980264 6.600870 8.055265 8.849112 8.691679 7.720120 6.418963 6.627831 9.067097 11.037670 11.664379 10.820023 9.106260 7.189168 7.446216 10.327604 13.140852 14.388165 13.140852 10.327604 7.446216 7.189168 9.106260 10.820023 11.664379 11.037670 9.067097 6.627831 6.418963 7.720120 8.691679 8.849112 8.055265 6.600870 4.980264 5.611990 6.544735 7.305485 7.448209 6.760100 5.489225 4.119258,
 64.363220 70.843521 77.911064 84.102821 88.450127 90.760406 91.430771 85.601547 99.789589 114.101128 123.129028 124.647316 120.560234 113.660172 111.843781 134.742233 157.463760 169.035400 163.989212 148.609024 130.873566 130.738358 155.927307 180.437256 191.620209 180.437256 155.927307 130.738358 130.873566 148.609024 163.989212 169.035400 157.463760 134.742233 111.843781 113.660172 120.560234 124.647316 123.129028 114.101128 99.789589 85.601547 91.430771 90.760406 88.450127 84.102821 77.911064 70.843521 64.363220,
 159.427551 167.956238 176.372025 180.047729 176.353256 168.685852 160.858917 230.725357 261.309509 291.306152 304.246521 290.841431 262.270874 233.752487 306.705048 364.607330 423.230347 449.605042 422.811035 365.451447 309.547516 342.023376 412.445862 485.478394 519.856445 485.478394 412.445862 342.023376 309.547516 365.451447 422.811035 449.605042 423.230347 364.607330 306.705048 233.752487 262.270874 290.841431 304.246521 291.306152 261.309509 230.725357 160.858917 168.685852 176.353256 180.047729 176.372025 167.956238 159.427551,
 25.583729 25.757105 26.493256 26.388851 24.110535 20.779181 18.270172 40.376831 42.520657 46.581356 49.074760 45.461506 38.216312 32.665955 52.356014 57.948578 68.447586 75.836151 69.354935 56.045631 47.142490 55.166832 64.076523 79.576370 89.114548 79.576370 64.076523 55.166832 47.142490 56.045631 69.354935 75.836151 68.447586 57.948578 52.356014 32.665955 38.216312 45.461506 49.074760 46.581356 42.520657 40.376831 18.270172 20.779181 24.110535 26.388851 26.493256 25.757105 25.583729,
 2.773887 3.879315 4.837483 5.296592 5.058650 4.249599 3.241077 3.283734 4.576596 5.653016 6.121233 5.840728 4.964536 3.841835 4.333814 6.346322 8.088883 8.638390 7.819688 6.237020 4.577345 4.996164 7.360816 9.756632 10.844198 9.756632 7.360816 4.996164 4.577345 6.237020 7.819688 8.638390 8.088883 6.346322 4.333814 3.841835 4.964536 5.840728 6.121233 5.653016 4.576596 3.283734 3.241077 4.249599 5.058650 5.296592 4.837483 3.879315 2.773887,
 39.884789 43.470894 46.695137 49.006603 49.340195 47.405556 43.764153 49.493748 58.074230 66.661354 71.560425 70.316399 64.260818 56.377651 62.048859 77.151573 92.958504 100.547760 94.757347 81.147636 67.157349 69.788223 87.519463 106.461296 115.542725 106.461296 87.519463 69.788223 67.157349 81.147636 94.757347 100.547760 92.958504 77.151573 62.048859 56.377651 64.260818 70.316399 71.560425 66.661354 58.074230 49.493748 43.764153 47.405556 49.340195 49.006603 46.695137 43.470894 39.884789,
 69.023788 76.790627 84.440056 87.875313 83.029579 71.368614 57.500168 97.279060 119.950989 143.256317 154.666321 144.200714 118.103592 89.715645 130.497513 173.535233 217.261520 238.102753 218.787766 173.587784 126.896507 144.957993 199.468124 254.263748 279.523682 254.263748 199.468124 144.957993 126.896507 173.587784 218.787766 238.102753 217.261520 173.535233 130.497513 89.715645 118.103592 144.200714 154.666321 143.256317 119.950989 97.279060 57.500168 71.368614 83.029579 87.875313 84.440056 76.790627 69.023788,
 7.900974 7.481945 7.423938 7.548249 6.804751 5.037626 3.426305 14.542618 14.649561 15.902102 17.576736 16.605841 12.796249 9.432983 20.017115 21.961437 26.747984 31.334694 28.923487 21.715313 16.514555 20.923851 25.439178 33.693615 38.843037 33.693615 25.439178 20.923851 16.514555 21.715313 28.923487 31.334694 26.747984 21.961437 20.017115 9.432983 12.796249 16.605841 17.576736 15.902102 14.649561 14.542618 3.426305 5.037626 6.804751 7.548249 7.423938 7.481945 7.900974,
 2.463002 3.567505 4.514181 4.904383 4.477190 3.398317 2.150796 3.450869 4.911398 6.064766 6.452294 5.880872 4.584634 3.066949 4.395975 6.538563 8.340096 8.872425 7.851971 5.900156 3.865481 4.627735 7.177985 9.663125 10.768034 9.663125 7.177985 4.627735 3.865481 5.900156 7.851971 8.872425 8.340096 6.538563 4.395975 3.066949 4.584634 5.880872 6.452294 6.064766 4.911398 3.450869 2.150796 3.398317 4.477190 4.904383 4.514181 3.567505 2.463002,
 17.353918 18.684807 19.332994 18.563354 17.456289 17.521164 18.443399 24.592829 28.610931 32.563122 33.449791 31.024033 27.992283 25.827314 31.299915 40.363018 50.100735 53.832680 48.877720 39.959278 31.974087 34.305595 45.861610 58.723061 65.041016 58.723061 45.861610 34.305595 31.974087 39.959278 48.877720 53.832680 50.100735 40.363018 31.299915 25.827314 27.992283 31.024033 33.449791 32.563122 28.610931 24.592829 18.443399 17.521164 17.456289 18.563354 19.332994 18.684807 17.353918,
 43.817577 46.487144 48.943848 49.884411 48.031731 44.121292 40.435017 71.782776 79.029808 86.181175 88.688889 82.066429 68.215294 53.823086 95.062614 117.388641 138.817230 147.324341 133.825134 105.272522 76.070808 96.161224 130.319794 164.146698 179.584793 164.146698 130.319794 96.161224 76.070808 105.272522 133.825134 147.324341 138.817230 117.388641 95.062614 53.823086 68.215294 82.066429 88.688889 86.181175 79.029808 71.782776 40.435017 44.121292 48.031731 49.884411 48.943848 46.487144 43.817577,
 1.697187 1.815024 1.526558 0.695138 -0.350714 -0.578673 0.027866 4.670907 4.717323 4.212195 3.868343 3.545573 2.775554 1.909143 7.090576 7.776317 9.303650 11.536982 10.862457 7.308290 4.428937 6.726219 9.172014 13.674050 16.676556 13.674050 9.172014 6.726219 4.428937 7.308290 10.862457 11.536982 9.303650 7.776317 7.090576 1.909143 2.775554 3.545573 3.868343 4.212195 4.717323 4.670907 0.027866 -0.578673 -0.350714 0.695138 1.526558 1.815024 1.697187,
 -0.802274 1.203384 3.077746 3.929219 3.279285 1.448546 -0.664752 0.073448 2.670799 5.030845 6.121763 5.406309 3.271975 0.761604 1.914814 5.503233 8.645076 9.962789 8.844140 5.908339 2.499360 3.183846 7.276978 10.883308 12.353725 10.883308 7.276978 3.183846 2.499360 5.908339 8.844140 9.962789 8.645076 5.503233 1.914814 0.761604 3.271975 5.406309 6.121763 5.030845 2.670799 0.073448 -0.664752 1.448546 3.279285 3.929219 3.077746 1.203384 -0.802274,
 -7.339102 -6.681767 -3.932185 -1.192340 -0.477648 -1.636846 -2.921707 -4.792205 -1.804073 2.597266 5.923252 6.534975 4.600746 1.790294 0.279351 6.834469 14.310200 17.723663 15.029732 9.387665 4.405755 3.825366 11.221289 20.301447 24.867895 20.301447 11.221289 3.825366 4.405755 9.387665 15.029732 17.723663 14.310200 6.834469 0.279351 1.790294 4.600746 6.534975 5.923252 2.597266 -1.804073 -4.792205 -2.921707 -1.636846 -0.477648 -1.192340 -3.932185 -6.681767 -7.339102,
 -18.885115 -15.046309 -9.423594 -6.694382 -8.369390 -11.157316 -13.043093 -4.720673 3.169325 12.478346 16.198097 11.158941 2.923711 -3.449928 11.704369 26.557123 42.500961 48.867771 39.517654 23.078161 8.958820 16.847195 35.329967 55.713154 65.720779 55.713154 35.329967 16.847195 8.958820 23.078161 39.517654 48.867771 42.500961 26.557123 11.704369 -3.449928 2.923711 11.158941 16.198097 12.478346 3.169325 -4.720673 -13.043093 -11.157316 -8.369390 -6.694382 -9.423594 -15.046309 -18.885115,
 -1.858898 -0.112300 0.692091 -0.292959 -1.440419 -1.102134 -0.091479 1.911044 2.135174 1.276012 0.894623 1.705164 2.099619 1.125786 3.431064 2.976863 3.950390 6.402769 7.059359 4.168553 1.121643 2.109488 3.748218 7.806552 10.460947 7.806552 3.748218 2.109488 1.121643 4.168553 7.059359 6.402769 3.950390 2.976863 3.431064 1.125786 2.099619 1.705164 0.894623 1.276012 2.135174 1.911044 -0.091479 -1.102134 -1.440419 -0.292959 0.692091 -0.112300 -1.858898,

Pairwise cross-correlations of the modulus of all oriented sub-bands at the same scale (size QxQ)
 14.388165 19.466753 15.184295 10.229483,
 19.466753 191.620239 237.682739 43.917145,
 15.184295 237.682739 519.856445 152.689850,
 10.229483 43.917145 152.689850 89.114563,
 10.844199 8.819784 4.435794 4.221262,
 8.819784 115.542740 135.426758 16.752926,
 4.435794 135.426758 279.523743 63.568596,
 4.221262 16.752926 63.568596 38.843040,
 10.768034 3.572275 -4.060903 1.583858,
 3.572275 65.041016 84.593727 12.304036,
 -4.060903 84.593727 179.584839 33.085365,
 1.583858 12.304036 33.085365 16.676556,
 12.353727 2.100976 -4.424175 3.553221,
 2.100976 24.867897 27.765415 5.733011,
 -4.424175 27.765415 65.720779 13.265228,
 3.553221 5.733011 13.265228 10.460947,

Cross-correlations of the modulus of all oriented sub-bands with all oriented sub-bands at the coarser scale (size QxQ)
 8.881440 9.957206 3.826768 4.301111,
 14.465221 55.392525 59.754936 12.504807,
 17.216974 66.045029 109.260468 36.040020,
 9.177649 13.254808 31.707685 22.488615,
 6.987778 4.001648 -0.930118 1.882264,
 8.047503 20.727068 11.534279 0.381571,
 6.710219 25.601109 29.515656 2.250819,
 4.094229 1.752211 1.717677 2.916132,
 8.417719 2.478950 -4.428123 3.112193,
 3.510092 13.432261 23.754082 6.476296,
 -0.661930 14.660152 45.274982 11.583055,
 1.402523 2.026834 4.896635 3.946420,

Cross-correlations of the real part of each oriented sub-band with both the real and imaginary part of all phase-doubled oriented sub-bands at the next coarser scale (Q matrices of size 1x2Q, which are computed and stored in a matrix of size Qx2Q)
 -1.077162 -3.412916 -1.320296 -0.947464 1.125807 0.421059 0.275530 -0.168485,
 -2.984601 -28.530081 -32.632957 -13.092122 0.644120 -3.337661 -18.572977 -4.385563,
 -1.830718 -36.743458 -95.655891 -55.343948 0.169737 -12.969526 -46.925163 -10.900229,
 -0.416267 -8.729468 -43.030296 -30.753210 0.364687 -4.394499 -13.760535 -3.288421,
 0.548196 -1.647799 -0.536285 0.033058 0.391496 -0.007056 -0.455456 0.209025,
 -0.716415 -13.870813 0.139699 -2.726954 0.205340 -0.064962 3.875668 1.607591,
 -0.480612 -12.334354 -4.331185 -14.608990 -0.125597 1.213839 10.142827 2.692719,
 0.494935 -1.071543 -5.827671 -8.531944 0.000649 0.366342 2.379071 0.283323,
 -1.413420 -1.155383 0.003617 0.089924 -0.467748 0.366782 0.248005 0.138353,
 -1.209504 3.390921 24.478119 4.644348 0.048352 4.794374 10.664062 0.399452,
 -0.318071 14.193337 56.841026 11.518593 0.565976 5.839072 16.272039 0.808083,
 -0.427275 4.043912 16.497021 3.691682 0.139923 0.647619 3.203440 1.033443,
