Low-band skewness and kurtosis
 -0.506384 2.042457,
 -0.312833 1.960613,
 -0.136272 1.877239,
 -0.011148 1.647233,
 0.037904 1.551428,

High-band variance
 980.735962,

Skewness, kurtosis, variance, mean, maximum and minimum of the reconstructed texture
 -0.642047 1.911350 5916.693359 187.617676 255.000000 1.000000,

Auto-correlations of the low-frequency bands at each scale
 2047.476440 1954.186768 1841.280151 1744.774902 1697.288208 1725.747070 1837.542603 1915.359009 1739.609863 1616.321655 1626.171875 1803.617310 2111.336914 2444.910645 2561.003906 2763.752686 3051.923096 3330.105469 3503.872803 3560.718018 3510.376465 3607.887207 4103.609863 4547.893066 4735.242188 4547.893066 4103.609863 3607.887207 3510.376465 3560.718018 3503.872803 3330.105469 3051.923096 2763.752686 2561.003906 2444.910645 2111.336914 1803.617310 1626.171875 1616.321655 1739.609863 1915.359009 1837.542603 1725.747070 1697.288208 1744.774902 1841.280151 1954.186768 2047.476440,
 2000.589233 2022.819824 2020.022949 2004.482666 1992.355713 2006.104492 2055.490234 2046.254028 1921.696045 1811.732910 1779.057129 1848.493408 2004.980713 2187.405273 2287.797119 2344.973633 2469.945312 2607.231201 2680.270508 2683.716309 2634.852295 2710.127930 2996.208740 3272.158447 3394.408691 3272.158447 2996.208740 2710.127930 2634.852295 2683.716309 2680.270508 2607.231201 2469.945312 2344.973633 2287.797119 2187.405273 2004.980713 1848.493408 1779.057129 1811.732910 1921.696045 2046.254028 2055.490234 2006.104492 1992.355713 2004.482666 2020.022949 2022.819824 2000.589233,
 1607.494751 1590.059326 1578.795898 1581.593262 1596.999023 1623.780762 1659.494263 1817.743286 1802.537354 1799.789307 1827.718262 1884.194092 1957.432373 2024.107300 2071.888184 2143.299072 2241.074707 2328.067139 2360.515137 2348.500732 2316.738770 2320.391113 2454.482422 2594.392578 2659.379883 2594.392578 2454.482422 2320.391113 2316.738770 2348.500732 2360.515137 2328.067139 2241.074707 2143.299072 2071.888184 2024.107300 1957.432373 1884.194092 1827.718262 1799.789307 1802.537354 1817.743286 1659.494263 1623.780762 1596.999023 1581.593262 1578.795898 1590.059326 1607.494751,
 728.535400 749.680298 761.551758 772.574341 776.255859 774.580200 781.288696 1346.369507 1330.481934 1320.276489 1336.571411 1370.714478 1412.451416 1449.983765 1820.209229 1854.888672 1926.052246 2002.993042 2035.218262 2022.545166 1987.937012 2118.096924 2214.813477 2323.918457 2376.320801 2323.918457 2214.813477 2118.096924 1987.937012 2022.545166 2035.218262 2002.993042 1926.052246 1854.888672 1820.209229 1449.983765 1412.451416 1370.714478 1336.571411 1320.276489 1330.481934 1346.369507 781.288696 774.580200 776.255859 772.574341 761.551758 749.680298 728.535400,
 -1420.748657 -1484.499878 -1520.582642 -1494.601562 -1415.576782 -1343.642456 -1326.102661 -59.618725 -98.511604 -82.406021 -14.114180 61.063583 93.064873 68.478874 1328.353638 1350.433594 1423.287109 1499.318604 1518.949463 1477.201904 1412.420532 1944.919800 2015.588745 2106.919922 2151.339844 2106.919922 2015.588745 1944.919800 1412.420532 1477.201904 1518.949463 1499.318604 1423.287109 1350.433594 1328.353638 68.478874 93.064873 61.063583 -14.114180 -82.406021 -98.511604 -59.618725 -1326.102661 -1343.642456 -1415.576782 -1494.601562 -1520.582642 -1484.499878 -1420.748657,

Auto-correlations of the modulus of each oriented sub-band
 8.784629 10.167099 11.291098 11.660585 11.026646 9.663475 8.146047 9.704799 11.512486 12.915028 13.452974 12.837532 11.189849 9.180943 11.121626 14.239408 16.727577 17.342888 15.918884 13.322451 10.515665 11.503463 15.571280 19.766609 21.695038 19.766609 15.571280 11.503463 10.515665 13.322451 15.918884 17.342888 16.727577 14.239408 11.121626 9.180943 11.189849 12.837532 13.452974 12.915028 11.512486 9.704799 8.146047 9.663475 11.026646 11.660585 11.291098 10.167099 8.784629,
 133.891647 139.413071 146.260864 152.470856 156.365356 158.051590 158.137619 150.879105 164.949371 180.664536 191.297821 192.954941 187.971283 179.862961 173.782990 198.450729 224.584045 238.727966 233.016602 214.963058 194.522308 192.140930 220.483841 249.148300 262.497345 249.148300 220.483841 192.140930 194.522308 214.963058 233.016602 238.727966 224.584045 198.450729 173.782990 179.862961 187.971283 192.954941 191.297821 180.664536 164.949371 150.879105 158.137619 158.051590 156.365356 152.470856 146.260864 139.413071 133.891647,
 265.540344 280.032104 294.385681 299.713928 291.736023 278.563477 268.340088 309.477509 348.132050 389.856262 407.356232 385.363464 344.510345 310.129242 349.404785 417.025238 494.390320 530.319458 490.864075 414.380951 349.900696 366.497772 446.531006 541.345154 589.133606 541.345154 446.531006 366.497772 349.900696 414.380951 490.864075 530.319458 494.390320 417.025238 349.404785 310.129242 344.510345 385.363464 407.356232 389.856262 348.132050 309.477509 268.340088 278.563477 291.736023 299.713928 294.385681 280.032104 265.540344,
 73.662308 72.856331 70.578491 66.804459 61.093979 54.650185 48.903786 83.593796 86.972855 90.674957 91.712769 84.346771 71.868271 61.209789 87.790977 97.504311 111.715675 120.745438 110.310692 90.062370 74.663094 84.482231 99.695213 122.004089 135.329407 122.004089 99.695213 84.482231 74.663094 90.062370 110.310692 120.745438 111.715675 97.504311 87.790977 61.209789 71.868271 84.346771 91.712769 90.674957 86.972855 83.593796 48.903786 54.650185 61.093979 66.804459 70.578491 72.856331 73.662308,
 5.316768 6.443399 7.270073 7.538972 7.252800 6.576628 5.734765 6.175178 7.884334 9.158528 9.524711 8.968711 7.791577 6.409768 7.516399 10.325478 12.737741 13.494317 12.197318 9.695923 7.151100 7.966238 11.546871 15.204789 16.873648 15.204789 11.546871 7.966238 7.151100 9.695923 12.197318 13.494317 12.737741 10.325478 7.516399 6.409768 7.791577 8.968711 9.524711 9.158528 7.884334 6.175178 5.734765 6.576628 7.252800 7.538972 7.270073 6.443399 5.316768,
 58.587776 64.819000 71.347839 76.452179 79.159027 79.629837 78.175362 76.372757 87.757828 98.948792 105.168053 104.855408 100.131470 93.097794 94.848091 112.618988 130.650558 138.917068 132.880661 119.236298 104.572029 105.928360 125.541977 145.865555 155.670303 145.865555 125.541977 105.928360 104.572029 119.236298 132.880661 138.917068 130.650558 112.618988 94.848091 93.097794 100.131470 104.855408 105.168053 98.948792 87.757828 76.372757 78.175362 79.629837 79.159027 76.452179 71.347839 64.819000 58.587776,
 96.164383 102.816147 117.112274 130.302582 130.500153 118.764786 104.802917 120.279556 142.318665 174.999237 198.696075 192.705353 165.306000 137.102158 147.853424 187.750519 240.520493 273.059662 254.494614 206.070831 162.124603 166.044006 215.761200 276.470001 307.770508 276.470001 215.761200 166.044006 162.124603 206.070831 254.494614 273.059662 240.520493 187.750519 147.853424 137.102158 165.306000 192.705353 198.696075 174.999237 142.318665 120.279556 104.802917 118.764786 130.500153 130.302582 117.112274 102.816147 96.164383,
 32.882168 33.432098 33.786739 33.859020 31.929701 27.097832 21.572191 39.806992 42.819820 46.544411 49.704216 47.410767 38.988071 30.053291 44.214161 51.020329 60.588154 67.819122 63.359905 50.254673 38.666546 43.930557 54.594933 68.915825 76.850960 68.915825 54.594933 43.930557 38.666546 50.254673 63.359905 67.819122 60.588154 51.020329 44.214161 30.053291 38.988071 47.410767 49.704216 46.544411 42.819820 39.806992 21.572191 27.097832 31.929701 33.859020 33.786739 33.432098 32.882168,
 1.286626 1.863050 2.301867 2.363908 1.963313 1.264812 0.597855 2.081481 2.944640 3.699756 3.901414 3.386025 2.491014 1.635098 3.435266 5.237824 7.006424 7.609716 6.549149 4.651509 3.006346 3.854191 6.283176 9.016394 10.327888 9.016394 6.283176 3.854191 3.006346 4.651509 6.549149 7.609716 7.006424 5.237824 3.435266 1.635098 2.491014 3.386025 3.901414 3.699756 2.944640 2.081481 0.597855 1.264812 1.963313 2.363908 2.301867 1.863050 1.286626,
 4.881216 7.542886 10.856189 14.346880 16.898506 17.508993 15.890238 10.030462 16.375954 23.083075 27.691999 28.603422 25.945854 21.253353 16.935329 27.673574 38.896301 44.711777 41.995644 33.701443 24.460800 22.730068 34.933044 47.546944 53.443172 47.546944 34.933044 22.730068 24.460800 33.701443 41.995644 44.711777 38.896301 27.673574 16.935329 21.253353 25.945854 28.603422 27.691999 23.083075 16.375954 10.030462 15.890238 17.508993 16.898506 14.346880 10.856189 7.542886 4.881216,
 1.565310 5.513103 9.763304 11.056502 9.813202 8.999597 9.095692 8.347458 18.771311 30.308445 34.738060 28.884808 19.599298 12.657984 16.660114 34.327091 55.901642 65.871017 54.268723 33.797611 18.395306 20.919157 41.056526 67.616402 81.779037 67.616402 41.056526 20.919157 18.395306 33.797611 54.268723 65.871017 55.901642 34.327091 16.660114 12.657984 19.599298 28.884808 34.738060 30.308445 18.771311 8.347458 9.095692 8.999597 9.813202 11.056502 9.763304 5.513103 1.565310,
 4.830245 4.372209 3.688394 2.521732 1.468515 1.295645 1.496690 6.145266 7.193708 8.412786 9.087698 8.234641 6.403685 4.638096 8.069432 11.264183 15.664441 18.916666 17.045090 11.974775 7.643234 8.872959 13.786377 20.501244 24.353622 20.501244 13.786377 8.872959 7.643234 11.974775 17.045090 18.916666 15.664441 11.264183 8.069432 4.638096 6.403685 8.234641 9.087698 8.412786 7.193708 6.145266 1.496690 1.295645 1.468515 2.521732 3.688394 4.372209 4.830245,
 0.814017 2.830017 4.501661 5.151544 4.465256 2.751054 0.701250 0.658909 2.457194 3.880362 4.332228 3.598224 2.051965 0.346869 1.101745 3.471316 5.413203 6.059247 5.118068 3.132521 0.982976 1.598032 4.441732 6.986185 8.044264 6.986185 4.441732 1.598032 0.982976 3.132521 5.118068 6.059247 5.413203 3.471316 1.101745 0.346869 2.051965 3.598224 4.332228 3.880362 2.457194 0.658909 0.701250 2.751054 4.465256 5.151544 4.501661 2.830017 0.814017,
 -4.186657 -1.057906 2.261513 3.793943 3.847885 2.949229 1.349876 -1.923279 3.171532 8.562897 10.636661 9.273458 6.337485 2.945684 0.820091 7.756386 15.590067 18.668341 15.103848 9.070604 3.627295 2.909188 10.035983 18.521824 22.868053 18.521824 10.035983 2.909188 3.627295 9.070604 15.103848 18.668341 15.590067 7.756386 0.820091 2.945684 6.337485 9.273458 10.636661 8.562897 3.171532 -1.923279 1.349876 2.949229 3.847885 3.793943 2.261513 -1.057906 -4.186657,
 -7.820717 -2.258121 3.429120 6.126350 4.354248 -0.254888 -6.218954 -7.759706 2.917255 15.077199 20.832932 16.937382 8.369759 -0.180056 -3.453069 11.466501 29.733774 38.755535 31.412725 16.641371 3.925255 2.367172 18.044617 37.453121 47.429413 37.453121 18.044617 2.367172 3.925255 16.641371 31.412725 38.755535 29.733774 11.466501 -3.453069 -0.180056 8.369759 16.937382 20.832932 15.077199 2.917255 -7.759706 -6.218954 -0.254888 4.354248 6.126350 3.429120 -2.258121 -7.820717,
 -0.869712 -0.315413 1.637811 2.634502 1.642939 0.966745 1.354735 1.044649 1.925738 4.005160 5.440862 4.455817 2.905252 2.439928 2.377862 3.748780 6.949695 9.655136 8.003881 4.645573 2.941664 2.921867 4.906616 9.192427 12.125532 9.192427 4.906616 2.921867 2.941664 4.645573 8.003881 9.655136 6.949695 3.748780 2.377862 2.439928 2.905252 4.455817 5.440862 4.005160 1.925738 1.044649 1.354735 0.966745 1.642939 2.634502 1.637811 -0.315413 -0.869712,

Pairwise cross-correlations of the modulus of all oriented sub-bands at the same scale (size QxQ)
 21.695038 27.308344 29.728928 21.960695,
 27.308344 262.497345 306.108551 52.830276,
 29.728928 306.108551 589.133667 175.390732,
 21.960695 52.830276 175.390732 135.329407,
 16.873648 16.668198 14.913042 15.664380,
 16.668198 155.670303 159.151901 17.653711,
 14.913042 159.151901 307.770538 82.867386,
 15.664380 17.653711 82.867386 76.850967,
 10.327890 8.023507 3.493703 7.837038,
 8.023507 53.443176 48.295540 4.801908,
 3.493703 48.295540 81.779037 15.346587,
 7.837038 4.801908 15.346587 24.353622,
 8.044263 2.281735 -2.347990 3.545274,
 2.281735 22.868053 14.947651 -3.499844,
 -2.347990 14.947651 47.429413 7.326737,
 3.545274 -3.499844 7.326737 12.125532,

Cross-correlations of the modulus of all oriented sub-bands with all oriented sub-bands at the coarser scale (size QxQ)
 12.913957 16.328358 12.821752 14.881760,
 21.540571 105.203247 114.465973 23.873178,
 28.891258 115.648308 173.595978 59.657158,
 16.086426 16.627514 49.729500 50.743130,
 8.838226 8.088396 3.227536 8.768210,
 11.668653 28.410240 17.262508 1.735757,
 14.514688 18.964405 27.443581 13.624283,
 10.170847 2.160329 9.901928 20.640654,
 5.621416 2.178032 -0.145932 3.340907,
 4.341755 12.972420 7.568210 4.495525,
 1.421950 6.708308 11.758445 6.718979,
 5.996561 -3.487177 -0.255436 6.230877,

Cross-correlations of the real part of each oriented sub-band with both the real and imaginary part of all phase-doubled oriented sub-bands at the next coarser scale (Q matrices of size 1x2Q, which are computed and stored in a matrix of size Qx2Q)
 -2.585048 -2.856485 -2.239832 -4.079020 1.387878 -0.373382 -0.073371 -0.804410,
 -3.885361 -20.207537 -18.949066 -4.584232 0.753076 -3.782327 0.712020 -0.211811,
 -3.993316 -21.235128 -46.608120 -32.086845 0.567837 -4.089339 7.545255 1.370820,
 -4.101942 -4.185744 -23.964817 -30.585459 0.857096 -0.605695 4.481556 0.067971,
 -0.104910 -1.824006 -0.120880 -2.201794 1.598689 1.328429 0.111902 -0.601462,
 -0.299101 -1.399133 5.992047 -1.547552 1.096234 4.518064 -2.848521 0.118616,
 -1.065969 1.861189 2.220573 -9.563987 -0.005844 0.757282 -6.275114 -2.674025,
 -1.553899 -0.413097 -3.165406 -10.632277 0.309155 -0.405945 -1.696450 -4.011892,
 -0.856889 -2.352604 -0.400547 0.893407 0.279952 0.858401 -0.141771 0.062961,
 -0.929493 -13.079834 -8.881771 -0.902546 0.971162 -2.554837 -10.732075 -0.979119,
 -0.031765 -11.993058 -12.218673 2.213837 0.206432 -8.829880 -18.973652 -1.045388,
 -0.054567 -1.056535 -1.068021 5.229481 -0.334457 -2.192074 -3.948049 0.497644,
