Low-band skewness and kurtosis
 -0.404177 2.130745,
 -0.232296 2.446859,
 0.156384 2.323230,
 0.591000 2.204613,
 0.699852 2.037046,

High-band variance
 1043.579590,

Skewness, kurtosis, variance, mean, maximum and minimum of the reconstructed texture
 -0.552730 1.902113 5205.554199 186.834229 255.000000 4.000000,

Auto-correlations of the low-frequency bands at each scale
 470.903717 409.500946 345.839294 285.365479 230.219498 185.217194 155.761871 17.163742 -35.282852 -44.830276 2.228394 109.172073 272.582947 475.944885 1495.055908 1687.591797 1894.223022 2091.687988 2262.856934 2413.458008 2545.915771 3471.561279 3691.750000 3855.947998 3919.435059 3855.947998 3691.750000 3471.561279 2545.915771 2413.458008 2262.856934 2091.687988 1894.223022 1687.591797 1495.055908 475.944885 272.582947 109.172073 2.228394 -44.830276 -35.282852 17.163742 155.761871 185.217194 230.219498 285.365479 345.839294 409.500946 470.903717,
 633.343750 627.025696 609.515442 583.396912 551.879700 519.458435 489.392090 377.992554 321.623108 284.134918 272.796265 290.634491 340.256653 416.241394 945.808411 1030.173218 1139.744873 1252.407837 1346.569580 1424.182251 1488.999268 2007.728882 2131.170898 2230.129639 2270.664551 2230.129639 2131.170898 2007.728882 1488.999268 1424.182251 1346.569580 1252.407837 1139.744873 1030.173218 945.808411 416.241394 340.256653 290.634491 272.796265 284.134918 321.623108 377.992554 489.392090 519.458435 551.879700 583.396912 609.515442 627.025696 633.343750,
 353.943054 340.255035 322.851990 307.572632 299.387939 299.759247 305.872742 337.544464 321.516541 316.960175 327.661224 352.295807 389.131165 432.832184 779.491577 819.068787 874.827515 930.684265 967.898438 988.877380 1000.959839 1265.398926 1326.431763 1381.799438 1406.381836 1381.799438 1326.431763 1265.398926 1000.959839 988.877380 967.898438 930.684265 874.827515 819.068787 779.491577 432.832184 389.131165 352.295807 327.661224 316.960175 321.516541 337.544464 305.872742 299.759247 299.387939 307.572632 322.851990 340.255035 353.943054,
 205.500656 209.413528 208.979309 201.808197 187.163391 171.508896 160.674698 334.093964 319.475800 308.856720 303.156769 301.800995 310.174530 328.258148 581.091553 595.445740 622.539368 652.842590 673.241638 685.994812 694.292603 874.390320 910.610901 944.568604 960.175903 944.568604 910.610901 874.390320 694.292603 685.994812 673.241638 652.842590 622.539368 595.445740 581.091553 328.258148 310.174530 301.800995 303.156769 308.856720 319.475800 334.093964 160.674698 171.508896 187.163391 201.808197 208.979309 209.413528 205.500656,
 -425.355774 -427.885468 -437.165619 -445.899963 -444.874359 -436.491180 -429.896423 -93.022446 -98.767654 -102.882629 -104.130569 -100.501938 -92.631348 -86.849945 419.779541 421.498596 434.263184 446.450500 447.763733 442.219849 435.485718 708.052734 720.939636 741.222046 752.031433 741.222046 720.939636 708.052734 435.485718 442.219849 447.763733 446.450500 434.263184 421.498596 419.779541 -86.849945 -92.631348 -100.501938 -104.130569 -102.882629 -98.767654 -93.022446 -429.896423 -436.491180 -444.874359 -445.899963 -437.165619 -427.885468 -425.355774,

Auto-correlations of the modulus of each oriented sub-band
 2.303750 3.347557 4.246343 4.621183 4.295092 3.448192 2.459548 2.457446 3.537365 4.472053 4.875337 4.562682 3.714402 2.714202 2.988444 4.324364 5.491409 5.978349 5.540833 4.442863 3.194517 3.433902 4.981215 6.383852 6.970933 6.383852 4.981215 3.433902 3.194517 4.442863 5.540833 5.978349 5.491409 4.324364 2.988444 2.714202 3.714402 4.562682 4.875337 4.472053 3.537365 2.457446 2.459548 3.448192 4.295092 4.621183 4.246343 3.347557 2.303750,
 34.465099 37.362892 40.090675 42.246262 43.758354 44.886436 45.883152 59.099583 66.211380 72.410164 76.217148 77.516472 77.156174 75.943718 91.212448 102.642937 112.480797 117.338310 116.193092 111.254189 104.742981 111.997307 123.593506 133.480713 137.698212 133.480713 123.593506 111.997307 104.742981 111.254189 116.193092 117.338310 112.480797 102.642937 91.212448 75.943718 77.156174 77.516472 76.217148 72.410164 66.211380 59.099583 45.883152 44.886436 43.758354 42.246262 40.090675 37.362892 34.465099,
 154.330719 164.272110 171.854416 175.103180 173.743240 170.678391 168.753021 268.367706 300.128357 324.673279 333.442017 324.024597 304.448242 285.088593 399.734497 458.481781 506.892120 525.470825 505.714325 461.273285 412.834473 466.322876 534.616577 594.458862 619.607727 594.458862 534.616577 466.322876 412.834473 461.273285 505.714325 525.470825 506.892120 458.481781 399.734497 285.088593 304.448242 324.024597 333.442017 324.673279 300.128357 268.367706 168.753021 170.678391 173.743240 175.103180 171.854416 164.272110 154.330719,
 20.868923 22.189180 23.732267 24.398119 23.348223 21.220705 19.749157 31.613567 36.194828 41.489559 43.850964 40.506443 33.428814 27.905548 41.771576 51.035393 62.640030 68.526825 62.226440 48.757179 38.320908 44.696613 56.899338 72.863739 80.999283 72.863739 56.899338 44.696613 38.320908 48.757179 62.226440 68.526825 62.640030 51.035393 41.771576 27.905548 33.428814 40.506443 43.850964 41.489559 36.194828 31.613567 19.749157 21.220705 23.348223 24.398119 23.732267 22.189180 20.868923,
 1.586695 2.237929 2.783789 2.962999 2.681858 2.097262 1.482891 1.769243 2.480350 3.097394 3.313099 3.011407 2.367290 1.695449 2.203671 3.170030 4.051452 4.383011 3.979047 3.115902 2.227761 2.572058 3.719259 4.843339 5.338418 4.843339 3.719259 2.572058 2.227761 3.115902 3.979047 4.383011 4.051452 3.170030 2.203671 1.695449 2.367290 3.011407 3.313099 3.097394 2.480350 1.769243 1.482891 2.097262 2.681858 2.962999 2.783789 2.237929 1.586695,
 7.498618 11.446056 15.228832 18.184795 20.064228 20.849518 20.760662 22.554489 29.808828 36.033611 39.518391 40.324009 39.332596 37.027069 41.033489 51.762932 61.165081 65.267860 63.179073 57.724037 51.115635 53.210083 63.926083 73.713699 78.075226 73.713699 63.926083 53.210083 51.115635 57.724037 63.179073 65.267860 61.165081 51.762932 41.033489 37.027069 39.332596 40.324009 39.518391 36.033611 29.808828 22.554489 20.760662 20.849518 20.064228 18.184795 15.228832 11.446056 7.498618,
 36.886539 54.436058 72.838211 87.668030 95.477753 96.275490 92.344467 103.698334 133.366226 161.528961 180.603378 185.092316 176.061630 158.680389 183.834625 227.756409 266.093109 287.108887 282.916168 257.538879 221.099396 234.810394 283.571289 322.637329 338.323120 322.637329 283.571289 234.810394 221.099396 257.538879 282.916168 287.108887 266.093109 227.756409 183.834625 158.680389 176.061630 185.092316 180.603378 161.528961 133.366226 103.698334 92.344467 96.275490 95.477753 87.668030 72.838211 54.436058 36.886539,
 6.513153 7.450016 8.898435 10.572414 11.453198 10.921207 9.506470 13.090954 14.800941 17.939562 21.586950 22.511572 19.849106 16.437325 20.207523 23.347246 29.372355 35.125923 33.999260 27.636290 22.462627 24.116501 28.976065 37.128075 42.084328 37.128075 28.976065 24.116501 22.462627 27.636290 33.999260 35.125923 29.372355 23.347246 20.207523 16.437325 19.849106 22.511572 21.586950 17.939562 14.800941 13.090954 9.506470 10.921207 11.453198 10.572414 8.898435 7.450016 6.513153,
 0.481109 0.888491 1.326973 1.554713 1.433183 1.018552 0.513009 0.540956 1.024251 1.533746 1.782820 1.624637 1.153211 0.609624 1.073346 1.843984 2.601226 2.880081 2.489058 1.704626 0.946229 1.307566 2.281165 3.315296 3.786965 3.315296 2.281165 1.307566 0.946229 1.704626 2.489058 2.880081 2.601226 1.843984 1.073346 0.609624 1.153211 1.624637 1.782820 1.533746 1.024251 0.540956 0.513009 1.018552 1.433183 1.554713 1.326973 0.888491 0.481109,
 -2.148077 -1.468884 -0.209313 0.690990 1.023491 1.268931 1.616081 1.328150 4.153695 7.541347 9.563357 9.668351 9.002604 8.424849 7.491555 12.709209 18.777765 21.746017 20.031324 16.441101 13.441745 12.963160 18.241917 24.745710 28.097656 24.745710 18.241917 12.963160 13.441745 16.441101 20.031324 21.746017 18.777765 12.709209 7.491555 8.424849 9.002604 9.668351 9.563357 7.541347 4.153695 1.328150 1.616081 1.268931 1.023491 0.690990 -0.209313 -1.468884 -2.148077,
 -13.535265 -13.076494 -11.029222 -7.536244 -3.260672 1.256977 5.330833 5.979279 14.003664 23.204010 31.051495 35.496784 36.607483 35.134148 42.703106 60.190712 76.758453 86.808159 86.597504 78.197105 65.787598 71.158478 91.651535 108.999588 116.248489 108.999588 91.651535 71.158478 65.787598 78.197105 86.597504 86.808159 76.758453 60.190712 42.703106 35.134148 36.607483 35.496784 31.051495 23.204010 14.003664 5.979279 5.330833 1.256977 -3.260672 -7.536244 -11.029222 -13.076494 -13.535265,
 -1.244629 -1.208051 -1.039268 -0.779084 -0.598545 -0.482592 -0.424451 2.312981 2.684747 3.362773 4.240742 4.419806 3.709928 2.958428 7.157191 8.229354 10.168037 12.141361 11.560318 9.131391 7.403959 9.577384 11.369855 14.525083 16.580212 14.525083 11.369855 9.577384 7.403959 9.131391 11.560318 12.141361 10.168037 8.229354 7.157191 2.958428 3.709928 4.419806 4.240742 3.362773 2.684747 2.312981 -0.424451 -0.482592 -0.598545 -0.779084 -1.039268 -1.208051 -1.244629,
 -0.021047 0.184262 0.420470 0.566112 0.486813 0.202035 -0.102647 0.003144 0.365964 0.769477 1.007260 0.929012 0.569510 0.147632 0.130602 0.695618 1.310928 1.612425 1.403092 0.850985 0.281729 0.314329 1.008154 1.756344 2.103268 1.756344 1.008154 0.314329 0.281729 0.850985 1.403092 1.612425 1.310928 0.695618 0.130602 0.147632 0.569510 0.929012 1.007260 0.769477 0.365964 0.003144 -0.102647 0.202035 0.486813 0.566112 0.420470 0.184262 -0.021047,
 -0.215024 2.123642 4.371754 6.215209 7.015018 6.071137 3.702674 2.926796 6.733320 9.638485 11.242559 11.502594 9.963467 6.584658 5.768265 11.549998 16.477985 18.132389 16.378487 12.867707 8.272582 7.858609 13.614464 19.214890 21.924351 19.214890 13.614464 7.858609 8.272582 12.867707 16.378487 18.132389 16.477985 11.549998 5.768265 6.584658 9.963467 11.502594 11.242559 9.638485 6.733320 2.926796 3.702674 6.071137 7.015018 6.215209 4.371754 2.123642 -0.215024,
 -23.839535 -19.429844 -14.803430 -11.005060 -8.904475 -8.274103 -8.782677 0.686587 8.333062 14.996228 18.859619 18.812771 15.677554 10.742547 26.675709 38.680576 48.516987 52.889084 50.079731 41.893978 31.306175 39.030212 52.915642 64.307167 68.933624 64.307167 52.915642 39.030212 31.306175 41.893978 50.079731 52.889084 48.516987 38.680576 26.675709 10.742547 15.677554 18.812771 18.859619 14.996228 8.333062 0.686587 -8.782677 -8.274103 -8.904475 -11.005060 -14.803430 -19.429844 -23.839535,
 -2.593575 -2.875734 -3.036755 -3.548448 -3.784900 -3.101182 -2.433350 -0.127906 -0.421486 -0.496820 -0.175075 0.644944 0.682768 0.147820 2.370560 2.524225 3.574965 5.533595 5.777541 3.868300 2.505948 3.436197 4.426595 6.948401 8.824619 6.948401 4.426595 3.436197 2.505948 3.868300 5.777541 5.533595 3.574965 2.524225 2.370560 0.147820 0.682768 0.644944 -0.175075 -0.496820 -0.421486 -0.127906 -2.433350 -3.101182 -3.784900 -3.548448 -3.036755 -2.875734 -2.593575,

Pairwise cross-correlations of the modulus of all oriented sub-bands at the same scale (size QxQ)
 6.970933 7.558782 3.613563 4.373251,
 7.558782 137.698212 253.888672 60.642071,
 3.613563 253.888672 619.607788 180.592926,
 4.373251 60.642071 180.592926 80.999283,
 5.338418 4.831529 3.707529 2.940054,
 4.831529 78.075226 142.666122 33.387283,
 3.707529 142.666122 338.323181 95.424049,
 2.940054 33.387283 95.424049 42.084328,
 3.786966 2.282107 -2.107312 0.776263,
 2.282107 28.097658 38.935837 9.718418,
 -2.107312 38.935837 116.248497 34.804504,
 0.776263 9.718418 34.804504 16.580212,
 2.103268 2.129498 3.121980 0.395203,
 2.129498 21.924351 31.881798 4.690508,
 3.121980 31.881798 68.933624 17.196533,
 0.395203 4.690508 17.196533 8.824619,

Cross-correlations of the modulus of all oriented sub-bands with all oriented sub-bands at the coarser scale (size QxQ)
 4.196643 3.327972 -0.501420 2.398674,
 7.205187 17.857973 23.971508 6.435385,
 8.503109 32.658283 69.367638 20.429367,
 4.838239 11.522607 24.890965 12.300850,
 2.982831 2.374307 -3.518547 0.201046,
 3.045494 -0.944584 -11.470293 -3.502676,
 2.289209 -7.469901 -11.698046 -3.373724,
 1.771852 -0.187789 0.304582 2.948014,
 1.439376 2.391201 2.863322 0.279533,
 0.967937 0.980256 -4.608958 -1.986872,
 -2.345529 -7.977522 -12.793354 -1.269757,
 -0.448911 -1.604410 -1.122937 1.366340,

Cross-correlations of the real part of each oriented sub-band with both the real and imaginary part of all phase-doubled oriented sub-bands at the next coarser scale (Q matrices of size 1x2Q, which are computed and stored in a matrix of size Qx2Q)
 -0.669526 -0.821370 -0.357769 -0.613842 0.226053 0.065359 0.002494 -0.041107,
 -0.477396 -24.502724 -34.314804 -6.707918 0.099396 -4.253741 -14.774699 -4.032831,
 -0.211226 -43.127575 -65.333733 -18.433216 0.112790 -10.568195 -33.114342 -10.191131,
 -0.409938 -9.486722 -15.731544 -8.710810 0.116617 -2.960424 -8.936918 -3.637053,
 -0.326677 -0.578485 -0.082983 -0.368969 -0.450789 -0.522832 -0.220473 0.212783,
 -0.430734 -15.361639 -27.923618 -9.033824 -0.241677 0.849786 12.589835 4.170016,
 -0.163207 -30.420410 -74.929901 -29.985424 -0.061763 8.329708 32.858200 11.272336,
 -0.141449 -8.555346 -26.616096 -13.528761 -0.237702 3.505869 10.475214 4.759691,
 0.549181 -0.190266 -0.176897 -0.134476 -0.754395 -0.107042 0.077295 0.037873,
 0.240065 -6.294201 -17.483086 -5.966522 -0.074528 -3.224589 2.309974 1.178096,
 -0.126615 -10.854352 -44.477417 -17.382195 0.076949 -4.442798 3.307389 2.074396,
 0.064436 -2.647490 -15.253982 -6.631105 -0.304868 -0.763354 0.205825 0.376221,
