Low-band skewness and kurtosis
 -0.618296 2.286243,
 -0.568838 2.377481,
 -0.493340 2.163133,
 -0.413462 1.919830,
 -0.327037 1.716293,

High-band variance
 928.308777,

Skewness, kurtosis, variance, mean, maximum and minimum of the reconstructed texture
 -0.713329 2.050313 5835.785156 189.654419 255.000000 3.000000,

Auto-correlations of the low-frequency bands at each scale
 1630.160156 1562.399658 1538.037476 1551.407227 1592.236938 1650.208740 1719.436523 2041.190430 1815.045532 1627.584473 1533.283081 1552.168457 1670.494263 1847.054688 3262.941895 3323.803711 3329.332520 3273.183350 3158.703125 3030.462402 2928.298340 3912.365967 4286.013672 4588.052246 4709.245605 4588.052246 4286.013672 3912.365967 2928.298340 3030.462402 3158.703125 3273.183350 3329.332520 3323.803711 3262.941895 1847.054688 1670.494263 1552.168457 1533.283081 1627.584473 1815.045532 2041.190430 1719.436523 1650.208740 1592.236938 1551.407227 1538.037476 1562.399658 1630.160156,
 1499.557861 1489.207886 1505.665283 1533.428589 1555.121582 1564.436401 1566.221924 1721.972412 1566.124878 1453.314209 1417.878540 1463.947021 1574.805054 1713.863281 2444.675293 2484.883545 2501.005371 2484.458740 2437.185059 2395.957764 2384.064941 2894.675049 3131.430908 3334.694824 3419.163086 3334.694824 3131.430908 2894.675049 2384.064941 2395.957764 2437.185059 2484.458740 2501.005371 2484.883545 2444.675293 1713.863281 1574.805054 1463.947021 1417.878540 1453.314209 1566.124878 1721.972412 1566.221924 1564.436401 1555.121582 1533.428589 1505.665283 1489.207886 1499.557861,
 1397.157593 1370.765015 1341.726196 1313.513916 1288.278687 1266.841675 1249.992554 1536.873169 1465.282349 1408.997437 1381.930176 1387.202759 1424.674683 1480.622192 1995.977417 2008.680420 2029.863770 2044.569214 2037.204834 2021.283447 2006.506714 2343.661621 2449.752197 2544.149414 2585.374023 2544.149414 2449.752197 2343.661621 2006.506714 2021.283447 2037.204834 2044.569214 2029.863770 2008.680420 1995.977417 1480.622192 1424.674683 1387.202759 1381.930176 1408.997437 1465.282349 1536.873169 1249.992554 1266.841675 1288.278687 1313.513916 1341.726196 1370.765015 1397.157593,
 625.828064 606.370117 595.188599 593.880432 602.956909 619.177246 638.420593 1161.675781 1126.396118 1090.989868 1064.186523 1052.863892 1059.238403 1078.810547 1747.487793 1753.640259 1746.127197 1723.252075 1687.022217 1649.580933 1620.658691 2001.266235 2059.546387 2107.988525 2128.063477 2107.988525 2059.546387 2001.266235 1620.658691 1649.580933 1687.022217 1723.252075 1746.127197 1753.640259 1747.487793 1078.810547 1059.238403 1052.863892 1064.186523 1090.989868 1126.396118 1161.675781 638.420593 619.177246 602.956909 593.880432 595.188599 606.370117 625.828064,
 -1275.897705 -1283.347778 -1273.395386 -1252.473389 -1228.536011 -1214.831909 -1223.836670 -26.171535 -53.078835 -81.285614 -96.113609 -85.778214 -54.186028 -23.234306 1272.814209 1285.333374 1279.305542 1255.305664 1226.340210 1212.809692 1223.205811 1792.291504 1826.779419 1866.097656 1883.965698 1866.097656 1826.779419 1792.291504 1223.205811 1212.809692 1226.340210 1255.305664 1279.305542 1285.333374 1272.814209 -23.234306 -54.186028 -85.778214 -96.113609 -81.285614 -53.078835 -26.171535 -1223.836670 -1214.831909 -1228.536011 -1252.473389 -1273.395386 -1283.347778 -1275.897705,

Auto-correlations of the modulus of each oriented sub-band
 3.685968 4.805583 5.821065 6.245586 5.820216 4.774874 3.592494 4.396756 5.727842 6.870952 7.252983 6.704671 5.510436 4.159429 5.562266 7.363767 8.871122 9.587063 9.104557 7.491426 5.412105 5.915618 8.390817 10.952127 12.129744 10.952127 8.390817 5.915618 5.412105 7.491426 9.104557 9.587063 8.871122 7.363767 5.562266 4.159429 5.510436 6.704671 7.252983 6.870952 5.727842 4.396756 3.592494 4.774874 5.820216 6.245586 5.821065 4.805583 3.685968,
 36.805756 41.690922 46.666080 50.888649 53.599628 55.394794 56.944153 54.618366 63.586597 72.991508 78.891815 79.199242 77.150780 75.204910 74.530472 87.585350 102.563011 110.519745 105.632515 95.921532 87.997116 88.063797 101.068542 117.154022 125.928040 117.154022 101.068542 88.063797 87.997116 95.921532 105.632515 110.519745 102.563011 87.585350 74.530472 75.204910 77.150780 79.199242 78.891815 72.991508 63.586597 54.618366 56.944153 55.394794 53.599628 50.888649 46.666080 41.690922 36.805756,
 184.525757 192.884811 200.280075 203.294342 198.796097 188.877701 177.864258 245.969711 276.076843 306.169037 320.328583 306.570587 273.960022 239.411331 308.060669 367.741241 428.724884 457.495239 429.886993 367.152863 304.119263 334.308075 409.945496 487.710938 524.090515 487.710938 409.945496 334.308075 304.119263 367.152863 429.886993 457.495239 428.724884 367.741241 308.060669 239.411331 273.960022 306.570587 320.328583 306.169037 276.076843 245.969711 177.864258 188.877701 198.796097 203.294342 200.280075 192.884811 184.525757,
 84.920135 81.788895 77.659492 72.564163 66.587212 60.709194 55.823322 109.881004 112.089439 112.343292 108.698364 99.336639 86.728096 74.872414 125.683136 137.511795 147.731689 150.032120 138.802429 119.546494 100.855911 122.054169 141.417557 160.730255 169.906738 160.730255 141.417557 122.054169 100.855911 119.546494 138.802429 150.032120 147.731689 137.511795 125.683136 74.872414 86.728096 99.336639 108.698364 112.343292 112.089439 109.881004 55.823322 60.709194 66.587212 72.564163 77.659492 81.788895 84.920135,
 2.712721 3.409344 4.005355 4.196811 3.869122 3.192029 2.484503 3.041573 3.765412 4.436816 4.737408 4.472524 3.749346 2.912090 3.478259 4.723602 5.988728 6.624577 6.197889 4.948339 3.574158 3.978776 5.846005 7.776406 8.652246 7.776406 5.846005 3.978776 3.574158 4.948339 6.197889 6.624577 5.988728 4.723602 3.478259 2.912090 3.749346 4.472524 4.737408 4.436816 3.765412 3.041573 2.484503 3.192029 3.869122 4.196811 4.005355 3.409344 2.712721,
 18.026754 22.426760 27.054432 30.764982 33.312729 35.188488 36.855324 30.026840 37.787941 45.268486 49.240952 49.728310 49.118149 48.364716 44.072121 54.716965 65.707115 70.499222 67.080818 60.997673 55.706146 54.220932 64.006187 75.199951 80.931877 75.199951 64.006187 54.220932 55.706146 60.997673 67.080818 70.499222 65.707115 54.716965 44.072121 48.364716 49.118149 49.728310 49.240952 45.268486 37.787941 30.026840 36.855324 35.188488 33.312729 30.764982 27.054432 22.426760 18.026754,
 86.785957 99.646439 114.795624 121.648346 112.916183 97.422852 85.281868 124.703697 154.302505 184.489670 195.764633 177.122604 145.497086 120.032799 161.824799 211.011963 261.722046 282.284821 253.307007 200.748474 155.827393 174.704254 231.409210 293.875183 324.328369 293.875183 231.409210 174.704254 155.827393 200.748474 253.307007 282.284821 261.722046 211.011963 161.824799 120.032799 145.497086 177.122604 195.764633 184.489670 154.302505 124.703697 85.281868 97.422852 112.916183 121.648346 114.795624 99.646439 86.785957,
 53.420387 52.881260 50.202682 45.698776 39.344536 31.766094 24.417740 66.431580 70.209198 71.355286 68.440384 59.917179 47.668549 35.935684 72.332703 83.335999 92.690132 95.077629 85.485542 68.410477 52.045845 66.617760 83.330200 100.292618 108.400787 100.292618 83.330200 66.617760 52.045845 68.410477 85.485542 95.077629 92.690132 83.335999 72.332703 35.935684 47.668549 59.917179 68.440384 71.355286 70.209198 66.431580 24.417740 31.766094 39.344536 45.698776 50.202682 52.881260 53.420387,
 1.381667 1.472323 1.648982 1.789494 1.799672 1.671016 1.476445 2.037225 2.221696 2.314110 2.231608 1.997396 1.708874 1.499213 2.320972 3.024073 3.670400 3.810549 3.273092 2.411531 1.733959 2.146400 3.214377 4.495747 5.117406 4.495747 3.214377 2.146400 1.733959 2.411531 3.273092 3.810549 3.670400 3.024073 2.320972 1.499213 1.708874 1.997396 2.231608 2.314110 2.221696 2.037225 1.476445 1.671016 1.799672 1.789494 1.648982 1.472323 1.381667,
 2.189795 4.068938 5.821824 7.015094 7.706815 7.831401 7.797193 9.351101 13.953809 18.275681 20.055447 19.599655 18.077387 16.201551 17.615767 24.647217 32.137272 35.065727 32.027035 27.041283 22.361597 22.957249 30.003525 38.143997 42.482239 38.143997 30.003525 22.957249 22.361597 27.041283 32.027035 35.065727 32.137272 24.647217 17.615767 16.201551 18.077387 19.599655 20.055447 18.275681 13.953809 9.351101 7.797193 7.831401 7.706815 7.015094 5.821824 4.068938 2.189795,
 38.346352 40.439232 40.595749 36.117985 27.123022 14.928202 2.421757 62.346458 74.675095 85.808174 88.221718 77.299477 56.601654 35.263420 84.317513 109.347519 134.357239 144.843979 130.513123 100.191406 70.288719 89.672745 122.311890 156.069397 171.773483 156.069397 122.311890 89.672745 70.288719 100.191406 130.513123 144.843979 134.357239 109.347519 84.317513 35.263420 56.601654 77.299477 88.221718 85.808174 74.675095 62.346458 2.421757 14.928202 27.123022 36.117985 40.595749 40.439232 38.346352,
 9.394045 9.483314 8.909819 7.640798 5.563965 2.650935 -0.393661 15.089240 16.574268 17.575199 17.803009 15.593742 10.697552 5.863095 18.052193 21.748045 26.412031 29.599361 26.375223 18.606245 12.181126 16.753036 22.720549 30.930000 35.529953 30.930000 22.720549 16.753036 12.181126 18.606245 26.375223 29.599361 26.412031 21.748045 18.052193 5.863095 10.697552 15.593742 17.803009 17.575199 16.574268 15.089240 -0.393661 2.650935 5.563965 7.640798 8.909819 9.483314 9.394045,
 -0.131204 -0.037897 0.131017 0.275160 0.285976 0.158944 -0.015895 -0.110166 -0.024151 0.155744 0.311327 0.326891 0.182172 -0.022683 -0.074190 0.073354 0.419012 0.711969 0.658287 0.329290 0.011908 0.058048 0.395028 0.959094 1.277426 0.959094 0.395028 0.058048 0.011908 0.329290 0.658287 0.711969 0.419012 0.073354 -0.074190 -0.022683 0.182172 0.326891 0.311327 0.155744 -0.024151 -0.110166 -0.015895 0.158944 0.285976 0.275160 0.131017 -0.037897 -0.131204,
 -1.455255 -2.108438 -1.769783 -1.032352 0.106567 0.932745 1.381139 -1.186979 -0.643989 1.166315 2.274704 2.643649 2.882474 2.522106 1.065308 3.124421 6.503857 8.311834 7.101096 5.496189 3.725589 3.374464 6.051722 9.533551 11.817717 9.533551 6.051722 3.374464 3.725589 5.496189 7.101096 8.311834 6.503857 3.124421 1.065308 2.522106 2.882474 2.643649 2.274704 1.166315 -0.643989 -1.186979 1.381139 0.932745 0.106567 -1.032352 -1.769783 -2.108438 -1.455255,
 0.702679 6.976608 15.050110 21.883209 26.049191 27.809101 27.361788 17.379677 28.593596 41.751545 51.191452 52.939587 48.088936 39.838516 33.563515 51.647060 70.570709 81.750473 78.806183 65.053589 47.672356 45.542229 67.226219 87.390678 96.228699 87.390678 67.226219 45.542229 47.672356 65.053589 78.806183 81.750473 70.570709 51.647060 33.563515 39.838516 48.088936 52.939587 51.191452 41.751545 28.593596 17.379677 27.361788 27.809101 26.049191 21.883209 15.050110 6.976608 0.702679,
 0.482878 0.578903 0.082070 -0.265996 -0.223502 0.097985 0.552607 3.764292 4.688189 5.367110 5.813125 5.285926 3.834725 2.250682 5.781799 8.498453 11.574719 13.415194 11.965783 8.195963 4.483736 5.975942 10.137859 14.840885 17.201096 14.840885 10.137859 5.975942 4.483736 8.195963 11.965783 13.415194 11.574719 8.498453 5.781799 2.250682 3.834725 5.285926 5.813125 5.367110 4.688189 3.764292 0.552607 0.097985 -0.223502 -0.265996 0.082070 0.578903 0.482878,

Pairwise cross-correlations of the modulus of all oriented sub-bands at the same scale (size QxQ)
 12.129746 12.210855 15.055786 15.909920,
 12.210855 125.928024 176.585388 39.401749,
 15.055786 176.585388 524.090576 216.294083,
 15.909920 39.401749 216.294083 169.906738,
 8.652249 8.689120 10.964822 9.555492,
 8.689120 80.931885 106.268135 21.229185,
 10.964822 106.268135 324.328430 134.371841,
 9.555492 21.229185 134.371841 108.400795,
 5.117406 2.642164 5.169644 3.418980,
 2.642164 42.482243 62.589268 10.303925,
 5.169644 62.589268 171.773499 50.863194,
 3.418980 10.303925 50.863194 35.529961,
 1.277426 0.096511 0.568386 0.797842,
 0.096511 11.817717 25.212967 6.550924,
 0.568386 25.212967 96.228706 30.517147,
 0.797842 6.550924 30.517147 17.201096,

Cross-correlations of the modulus of all oriented sub-bands with all oriented sub-bands at the coarser scale (size QxQ)
 6.706146 9.702847 8.518434 10.255852,
 10.458971 39.361958 36.980396 5.772365,
 19.559256 37.805904 95.561661 49.110786,
 12.617893 9.843732 54.623772 55.565029,
 3.884030 3.145355 6.003353 4.242888,
 7.303776 22.459717 26.869831 5.169807,
 12.532429 27.765118 75.049927 28.255116,
 6.196342 2.139545 32.149414 24.996490,
 1.147544 1.156764 4.946001 2.226526,
 0.687028 3.940147 10.609565 2.141627,
 0.598366 6.695431 32.310310 6.652406,
 0.469763 1.897630 9.186519 2.137962,

Cross-correlations of the real part of each oriented sub-band with both the real and imaginary part of all phase-doubled oriented sub-bands at the next coarser scale (Q matrices of size 1x2Q, which are computed and stored in a matrix of size Qx2Q)
 -0.936549 -1.673949 -2.462565 -3.165936 0.697249 0.076331 0.135889 0.175856,
 -1.039804 -30.484104 -31.453894 -5.460435 0.163367 3.623713 10.872843 2.487896,
 -3.027253 -42.863503 -78.464096 -46.441853 -0.108447 7.879629 27.352018 8.622875,
 -3.054876 -8.035113 -38.736404 -41.871822 0.190017 2.094231 9.091954 4.695575,
 0.156085 -1.216500 0.219456 0.881707 0.152596 0.350912 0.184391 -0.605384,
 -0.679619 -8.884235 5.320081 0.992286 -0.177632 4.758365 17.584440 5.385535,
 -0.535864 -2.833816 25.344809 11.258544 0.080467 8.066211 44.264603 11.951861,
 0.185011 1.770968 14.320904 11.356006 0.463412 2.177156 15.109554 0.867159,
 0.002296 -0.615168 -0.426830 -0.225531 0.068410 0.045405 -0.206461 -0.542458,
 -0.207702 -9.380653 -2.138720 0.818544 0.005489 -1.235981 2.418298 1.063607,
 -0.331356 -8.191171 2.198347 1.358928 -0.099222 -0.152908 9.582466 0.993984,
 -0.168676 0.092113 1.589381 -0.404380 0.002635 0.814181 3.160378 -1.753426,
