Low-band skewness and kurtosis
 -0.498462 2.250238,
 -0.399819 2.386594,
 -0.253664 2.238248,
 -0.158554 1.704640,
 0.035506 1.502125,

High-band variance
 1024.439209,

Skewness, kurtosis, variance, mean, maximum and minimum of the reconstructed texture
 -0.624125 1.970275 5469.255371 187.889587 255.000000 1.000000,

Auto-correlations of the low-frequency bands at each scale
 978.465637 966.801025 945.113220 918.790649 895.694153 888.416260 903.180359 862.826172 781.259155 738.973083 754.958008 832.779236 967.014282 1132.050415 2143.846680 2275.642578 2438.159668 2596.210449 2711.795898 2784.715820 2823.521973 3682.578613 3931.461426 4131.861328 4212.762695 4131.861328 3931.461426 3682.578613 2823.521973 2784.715820 2711.795898 2596.210449 2438.159668 2275.642578 2143.846680 1132.050415 967.014282 832.779236 754.958008 738.973083 781.259155 862.826172 903.180359 888.416260 895.694153 918.790649 945.113220 966.801025 978.465637,
 904.291199 878.450439 844.206909 812.376465 794.680908 798.146973 821.496399 720.766968 672.506653 651.787659 674.444336 742.629578 847.396179 967.450684 1504.637207 1587.166138 1701.343384 1814.868896 1890.237915 1928.885376 1943.399414 2451.958008 2610.146484 2749.553711 2809.501465 2749.553711 2610.146484 2451.958008 1943.399414 1928.885376 1890.237915 1814.868896 1701.343384 1587.166138 1504.637207 967.450684 847.396179 742.629578 674.444336 651.787659 672.506653 720.766968 821.496399 798.146973 794.680908 812.376465 844.206909 878.450439 904.291199,
 783.727661 769.966064 748.828979 724.192017 702.518677 687.389160 679.734985 735.532654 713.681152 703.027283 709.960510 734.628479 777.451904 834.340881 1174.136475 1222.475586 1291.328979 1359.769897 1402.499146 1425.452393 1442.549805 1705.711426 1792.797852 1874.639526 1911.368652 1874.639526 1792.797852 1705.711426 1442.549805 1425.452393 1402.499146 1359.769897 1291.328979 1222.475586 1174.136475 834.340881 777.451904 734.628479 709.960510 703.027283 713.681152 735.532654 679.734985 687.389160 702.518677 724.192017 748.828979 769.966064 783.727661,
 401.028992 412.655548 415.101013 405.486206 386.305542 365.445892 348.850830 670.263184 635.912170 614.271179 604.759399 605.978943 623.466980 655.868530 994.946960 1007.987488 1040.534790 1074.165771 1091.318726 1100.793579 1110.980103 1285.195068 1341.316284 1395.503418 1420.548584 1395.503418 1341.316284 1285.195068 1110.980103 1100.793579 1091.318726 1074.165771 1040.534790 1007.987488 994.946960 655.868530 623.466980 605.978943 604.759399 614.271179 635.912170 670.263184 348.850830 365.445892 386.305542 405.486206 415.101013 412.655548 401.028992,
 -775.710693 -783.298401 -793.397034 -794.690186 -782.581360 -769.424866 -766.752075 -19.953056 -27.236748 -25.193481 -13.936978 -1.932557 3.289276 0.154869 762.245728 763.134827 779.243408 796.813477 798.281128 788.121399 778.670898 1116.161865 1127.536011 1150.139038 1163.128296 1150.139038 1127.536011 1116.161865 778.670898 788.121399 798.281128 796.813477 779.243408 763.134827 762.245728 0.154869 3.289276 -1.932557 -13.936978 -25.193481 -27.236748 -19.953056 -766.752075 -769.424866 -782.581360 -794.690186 -793.397034 -783.298401 -775.710693,

Auto-correlations of the modulus of each oriented sub-band
 3.496628 5.006758 6.353860 6.973669 6.599351 5.492297 4.191984 3.996128 5.629303 7.078063 7.766741 7.392154 6.192055 4.733405 5.186956 7.360719 9.191953 9.881715 9.137774 7.419703 5.469284 5.849746 8.369170 10.695232 11.684570 10.695232 8.369170 5.849746 5.469284 7.419703 9.137774 9.881715 9.191953 7.360719 5.186956 4.733405 6.192055 7.392154 7.766741 7.078063 5.629303 3.996128 4.191984 5.492297 6.599351 6.973669 6.353860 5.006758 3.496628,
 41.605152 46.269886 50.678284 53.794579 55.255020 55.285648 54.317410 63.003479 72.800888 81.664909 86.280807 85.870232 82.043503 76.704514 87.370232 103.134361 117.683807 124.041039 119.616760 108.852058 96.793739 101.786209 118.993912 135.321548 142.642456 135.321548 118.993912 101.786209 96.793739 108.852058 119.616760 124.041039 117.683807 103.134361 87.370232 76.704514 82.043503 85.870232 86.280807 81.664909 72.800888 63.003479 54.317410 55.285648 55.255020 53.794579 50.678284 46.269886 41.605152,
 118.670135 129.557999 138.881836 142.077271 137.930450 130.395981 123.396744 211.353943 243.874237 272.450439 283.913452 272.139282 245.437378 216.305939 313.092255 373.504150 427.542145 450.276184 427.875702 375.080444 316.618683 360.942657 434.832031 501.916992 530.729309 501.916992 434.832031 360.942657 316.618683 375.080444 427.875702 450.276184 427.542145 373.504150 313.092255 216.305939 245.437378 272.139282 283.913452 272.450439 243.874237 211.353943 123.396744 130.395981 137.930450 142.077271 138.881836 129.557999 118.670135,
 14.788254 14.883394 15.291940 15.250274 13.898086 11.493242 9.187073 28.062490 30.525318 34.274975 36.719257 34.283344 27.612812 20.982386 40.699722 47.865479 57.962849 64.464493 59.427677 46.596542 35.399536 44.053497 55.561134 70.616867 78.668381 70.616867 55.561134 44.053497 35.399536 46.596542 59.427677 64.464493 57.962849 47.865479 40.699722 20.982386 27.612812 34.283344 36.719257 34.274975 30.525318 28.062490 9.187073 11.493242 13.898086 15.250274 15.291940 14.883394 14.788254,
 2.232339 3.244722 4.147305 4.555848 4.264976 3.443970 2.513366 2.681337 3.839059 4.843564 5.290363 4.996246 4.134978 3.109682 3.540340 5.191179 6.592058 7.063698 6.391438 5.030487 3.618437 4.140734 6.213622 8.218596 9.098786 8.218596 6.213622 4.140734 3.618437 5.030487 6.391438 7.063698 6.592058 5.191179 3.540340 3.109682 4.134978 4.996246 5.290363 4.843564 3.839059 2.681337 2.513366 3.443970 4.264976 4.555848 4.147305 3.244722 2.232339,
 22.107384 26.020061 28.939001 30.247200 29.712523 27.565525 24.717987 33.463062 41.052769 47.336857 49.321178 46.539173 41.063892 35.111279 45.631828 57.540737 68.951004 72.988464 67.158630 56.642414 46.651611 51.549698 64.575943 78.447021 85.050842 78.447021 64.575943 51.549698 46.651611 56.642414 67.158630 72.988464 68.951004 57.540737 45.631828 35.111279 41.063892 46.539173 49.321178 47.336857 41.052769 33.463062 24.717987 27.565525 29.712523 30.247200 28.939001 26.020061 22.107384,
 71.164688 79.491760 86.921982 89.948441 83.474503 70.651428 55.997208 118.799637 139.621033 157.277832 163.652313 151.273438 126.312248 98.358429 167.217636 206.344193 240.572403 254.435577 235.910202 196.566360 153.095352 184.547241 234.451691 279.615997 299.842926 279.615997 234.451691 184.547241 153.095352 196.566360 235.910202 254.435577 240.572403 206.344193 167.217636 98.358429 126.312248 151.273438 163.652313 157.277832 139.621033 118.799637 55.997208 70.651428 83.474503 89.948441 86.921982 79.491760 71.164688,
 11.054408 12.607327 13.771635 13.455994 11.260603 7.816843 4.634595 18.486835 20.925974 23.415697 24.627188 22.195845 16.304930 10.723711 24.082462 28.369513 34.554325 38.998299 35.332256 25.956903 18.459484 24.050009 30.820557 40.860035 46.627373 40.860035 30.820557 24.050009 18.459484 25.956903 35.332256 38.998299 34.554325 28.369513 24.082462 10.723711 16.304930 22.195845 24.627188 23.415697 20.925974 18.486835 4.634595 7.816843 11.260603 13.455994 13.771635 12.607327 11.054408,
 0.836969 1.391366 1.860333 2.042269 1.836910 1.362214 0.840646 1.281109 1.882799 2.402882 2.573446 2.266208 1.643395 1.001927 1.843132 2.807474 3.737634 4.118401 3.675836 2.701660 1.706337 2.210877 3.529350 4.866482 5.468524 4.866482 3.529350 2.210877 1.706337 2.701660 3.675836 4.118401 3.737634 2.807474 1.843132 1.001927 1.643395 2.266208 2.573446 2.402882 1.882799 1.281109 0.840646 1.362214 1.836910 2.042269 1.860333 1.391366 0.836969,
 4.312513 4.452186 4.913376 5.369857 5.887782 6.400039 7.060699 8.788984 11.768658 14.840685 16.105215 15.485620 14.286526 13.298752 14.064608 20.743444 28.365162 31.508858 28.010609 22.299833 17.822260 17.915483 25.356823 34.781525 39.842525 34.781525 25.356823 17.915483 17.822260 22.299833 28.010609 31.508858 28.365162 20.743444 14.064608 13.298752 14.286526 15.485620 16.105215 14.840685 11.768658 8.788984 7.060699 6.400039 5.887782 5.369857 4.913376 4.452186 4.312513,
 21.100838 26.728544 32.460175 36.223667 36.374222 33.628151 30.008263 43.783009 58.479580 72.318237 79.935562 77.337677 67.241150 55.761051 68.453850 94.265953 118.607468 130.587372 122.496445 100.885262 77.479652 82.767593 113.149994 142.022064 154.932480 142.022064 113.149994 82.767593 77.479652 100.885262 122.496445 130.587372 118.607468 94.265953 68.453850 55.761051 67.241150 77.337677 79.935562 72.318237 58.479580 43.783009 30.008263 33.628151 36.374222 36.223667 32.460175 26.728544 21.100838,
 1.906556 2.927197 3.896679 5.053638 5.838008 5.466611 4.719509 4.980616 6.224496 7.881723 10.230363 10.986282 8.886518 6.283266 7.881112 10.109805 14.254274 18.563046 17.761000 12.477389 7.999173 8.822585 12.853114 19.389801 23.310108 19.389801 12.853114 8.822585 7.999173 12.477389 17.761000 18.563046 14.254274 10.109805 7.881112 6.283266 8.886518 10.986282 10.230363 7.881723 6.224496 4.980616 4.719509 5.466611 5.838008 5.053638 3.896679 2.927197 1.906556,
 -0.379088 0.138898 0.568186 0.713195 0.549371 0.242439 -0.020394 -0.058634 0.562841 1.108782 1.332126 1.144320 0.720068 0.307386 0.645902 1.519980 2.357761 2.707225 2.314295 1.480987 0.675412 0.988325 2.074635 3.198362 3.713855 3.198362 2.074635 0.988325 0.675412 1.480987 2.314295 2.707225 2.357761 1.519980 0.645902 0.307386 0.720068 1.144320 1.332126 1.108782 0.562841 -0.058634 -0.020394 0.242439 0.549371 0.713195 0.568186 0.138898 -0.379088,
 0.219643 1.598847 2.943458 3.037518 2.096405 0.922862 -0.010018 1.645613 3.961374 6.226426 6.703847 5.777234 4.680562 3.521222 3.840874 7.076930 10.815940 11.985407 10.104344 7.925599 6.122192 6.000711 8.874695 12.735579 14.950064 12.735579 8.874695 6.000711 6.122192 7.925599 10.104344 11.985407 10.815940 7.076930 3.840874 3.521222 4.680562 5.777234 6.703847 6.226426 3.961374 1.645613 -0.010018 0.922862 2.096405 3.037518 2.943458 1.598847 0.219643,
 -5.215408 1.714849 10.335590 15.376425 13.965452 8.221334 2.141485 5.643264 16.757690 30.227957 39.256714 39.000351 31.424805 22.351078 21.662666 37.742043 55.961037 67.191345 64.271103 51.140617 36.924118 36.215916 53.944565 72.449203 81.082100 72.449203 53.944565 36.215916 36.924118 51.140617 64.271103 67.191345 55.961037 37.742043 21.662666 22.351078 31.424805 39.000351 39.256714 30.227957 16.757690 5.643264 2.141485 8.221334 13.965452 15.376425 10.335590 1.714849 -5.215408,
 1.491537 1.898232 1.516981 1.388155 1.480947 0.696169 -0.917301 3.634493 3.648041 3.964676 5.259229 5.485065 3.339520 0.857215 5.119152 5.650948 8.003573 10.923653 10.121190 6.232985 3.504802 5.248260 7.070904 11.291130 14.030870 11.291130 7.070904 5.248260 3.504802 6.232985 10.121190 10.923653 8.003573 5.650948 5.119152 0.857215 3.339520 5.485065 5.259229 3.964676 3.648041 3.634493 -0.917301 0.696169 1.480947 1.388155 1.516981 1.898232 1.491537,

Pairwise cross-correlations of the modulus of all oriented sub-bands at the same scale (size QxQ)
 11.684569 10.814817 5.149658 5.797888,
 10.814817 142.642456 223.279083 48.857033,
 5.149658 223.279083 530.729370 156.529205,
 5.797888 48.857033 156.529205 78.668388,
 9.098786 8.983818 3.646461 5.384161,
 8.983818 85.050850 121.641754 31.118464,
 3.646461 121.641754 299.842926 84.110405,
 5.384161 31.118464 84.110405 46.627380,
 5.468525 0.233512 -0.860492 2.695117,
 0.233512 39.842525 63.867279 13.402958,
 -0.860492 63.867279 154.932495 39.116051,
 2.695117 13.402958 39.116051 23.310112,
 3.713856 -0.237951 2.307274 3.551215,
 -0.237951 14.950066 26.101437 3.967163,
 2.307274 26.101437 81.082100 21.681625,
 3.551215 3.967163 21.681625 14.030870,

Cross-correlations of the modulus of all oriented sub-bands with all oriented sub-bands at the coarser scale (size QxQ)
 7.740191 9.175068 -0.910214 5.333900,
 10.375188 27.911860 23.158230 6.148308,
 11.619832 29.084068 50.110741 18.375763,
 6.215209 10.014589 17.260649 13.055648,
 4.427385 0.590570 -2.025671 3.494715,
 4.486984 7.848921 7.182719 4.155793,
 4.378334 9.782351 15.084923 0.995710,
 2.736631 1.835613 1.345541 4.941512,
 2.292654 0.554861 0.761558 2.159354,
 2.284381 4.513072 19.037069 7.597345,
 3.900569 5.392533 30.599874 10.715959,
 2.292735 0.146722 3.496883 4.244947,

Cross-correlations of the real part of each oriented sub-band with both the real and imaginary part of all phase-doubled oriented sub-bands at the next coarser scale (Q matrices of size 1x2Q, which are computed and stored in a matrix of size Qx2Q)
 -1.242913 -1.869581 -0.678688 -0.667524 1.334477 -0.011420 -0.134918 -0.427353,
 -1.867754 -21.128992 -20.633883 -8.887465 0.495148 2.802922 6.308842 2.072003,
 -1.011633 -28.846878 -60.257229 -37.830093 0.107447 4.690234 15.257708 5.628644,
 -0.524442 -6.181642 -26.617027 -20.750156 0.613321 0.520068 4.654583 1.518086,
 0.099779 -1.486906 -0.652937 -0.602821 0.358380 -0.093484 -0.394455 -0.304886,
 -0.282208 -24.355864 -25.711542 -4.075486 -0.024879 -9.090437 -11.217425 -1.032505,
 -0.268910 -33.316383 -44.790276 -13.209987 -0.135959 -14.170750 -16.935137 -6.654943,
 -0.070328 -5.464549 -10.861277 -7.392576 0.273793 -2.441689 -3.867736 -5.324146,
 -0.233958 -0.339412 -0.082604 -0.220578 0.383012 -0.643306 -0.545195 0.061020,
 -0.460459 5.260729 19.150980 5.093116 0.069888 -26.633854 -51.737526 -10.533321,
 -0.261659 14.256194 47.190777 13.443181 0.067945 -50.491356 -111.256119 -23.676382,
 -0.099551 4.083234 15.024149 4.202622 0.152505 -11.965876 -31.360529 -6.480689,
