Low-band skewness and kurtosis
 -0.522976 2.063654,
 -0.368492 2.003111,
 -0.229453 1.840717,
 -0.048453 1.592511,
 0.046322 1.680831,

High-band variance
 990.837646,

Skewness, kurtosis, variance, mean, maximum and minimum of the reconstructed texture
 -0.664980 1.937447 6032.672363 187.620361 255.000000 2.000000,

Auto-correlations of the low-frequency bands at each scale
 1920.039062 1709.469849 1537.192139 1448.396118 1435.109619 1474.635376 1555.781738 2322.554932 2052.417480 1749.392578 1556.456299 1564.083252 1761.458252 2044.188721 2990.927490 3236.541748 3396.566895 3405.240234 3280.502441 3130.916260 3014.543701 3466.626465 4068.517822 4610.290039 4838.128418 4610.290039 4068.517822 3466.626465 3014.543701 3130.916260 3280.502441 3405.240234 3396.566895 3236.541748 2990.927490 2044.188721 1761.458252 1564.083252 1556.456299 1749.392578 2052.417480 2322.554932 1555.781738 1474.635376 1435.109619 1448.396118 1537.192139 1709.469849 1920.039062,
 1755.258545 1634.312500 1537.102783 1500.511841 1515.095947 1551.337402 1593.588867 1945.263184 1761.545776 1548.486450 1412.542236 1421.805786 1565.272583 1757.858398 2324.091309 2467.505615 2555.418457 2532.892578 2417.042969 2305.761963 2245.613770 2559.944336 2939.440186 3309.659912 3472.177490 3309.659912 2939.440186 2559.944336 2245.613770 2305.761963 2417.042969 2532.892578 2555.418457 2467.505615 2324.091309 1757.858398 1565.272583 1421.805786 1412.542236 1548.486450 1761.545776 1945.263184 1593.588867 1551.337402 1515.095947 1500.511841 1537.102783 1634.312500 1755.258545,
 1559.807007 1502.899414 1443.791504 1412.733032 1406.967529 1406.055908 1403.579712 1734.156250 1666.250977 1560.932739 1487.039551 1492.029419 1566.537842 1651.560791 1950.354736 2034.040649 2086.978027 2074.505371 2004.732910 1937.142700 1894.767822 2051.088135 2249.434082 2455.682617 2549.753906 2455.682617 2249.434082 2051.088135 1894.767822 1937.142700 2004.732910 2074.505371 2086.978027 2034.040649 1950.354736 1651.560791 1566.537842 1492.029419 1487.039551 1560.932739 1666.250977 1734.156250 1403.579712 1406.055908 1406.967529 1412.733032 1443.791504 1502.899414 1559.807007,
 704.611206 663.868225 608.064514 562.160950 545.952698 555.855042 576.909790 1268.924561 1268.581055 1233.001343 1183.353271 1151.883179 1156.085205 1182.276611 1670.465332 1760.584229 1814.511108 1802.048706 1732.051880 1655.772705 1606.446289 1779.546387 1915.697021 2050.680420 2110.297363 2050.680420 1915.697021 1779.546387 1606.446289 1655.772705 1732.051880 1802.048706 1814.511108 1760.584229 1670.465332 1182.276611 1156.085205 1151.883179 1183.353271 1233.001343 1268.581055 1268.924561 576.909790 555.855042 545.952698 562.160950 608.064514 663.868225 704.611206,
 -1086.929199 -1103.018066 -1191.991455 -1294.695557 -1344.559814 -1319.519287 -1240.467529 86.127029 103.286972 50.114799 -43.997692 -105.587914 -96.642944 -40.911797 1172.295044 1243.017334 1305.660034 1301.078369 1238.620728 1178.039062 1147.372192 1613.472900 1713.053223 1840.562744 1901.870117 1840.562744 1713.053223 1613.472900 1147.372192 1178.039062 1238.620728 1301.078369 1305.660034 1243.017334 1172.295044 -40.911797 -96.642944 -105.587914 -43.997692 50.114799 103.286972 86.127029 -1240.467529 -1319.519287 -1344.559814 -1294.695557 -1191.991455 -1103.018066 -1086.929199,

Auto-correlations of the modulus of each oriented sub-band
 10.077271 11.148021 11.932552 12.014226 11.207245 9.753373 8.155334 10.810009 12.362946 13.518522 13.847675 13.057842 11.297123 9.215160 11.387527 14.157875 16.694817 17.899626 16.990917 14.340464 11.175061 11.895243 16.158096 20.633043 22.709461 20.633043 16.158096 11.895243 11.175061 14.340464 16.990917 17.899626 16.694817 14.157875 11.387527 9.215160 11.297123 13.057842 13.847675 13.518522 12.362946 10.810009 8.155334 9.753373 11.207245 12.014226 11.932552 11.148021 10.077271,
 57.871918 62.785748 68.909119 75.767250 82.191910 87.810226 92.499664 80.207916 92.727844 106.452110 116.872910 121.280510 121.882263 120.815552 109.218651 128.967880 150.443634 162.999146 160.026154 149.155014 137.744080 132.797729 152.704041 174.225372 185.039001 174.225372 152.704041 132.797729 137.744080 149.155014 160.026154 162.999146 150.443634 128.967880 109.218651 120.815552 121.882263 121.280510 116.872910 106.452110 92.727844 80.207916 92.499664 87.810226 82.191910 75.767250 68.909119 62.785748 57.871918,
 170.237045 183.000916 200.803253 211.910934 208.595184 197.246521 187.559616 206.920425 242.976089 291.770264 320.475830 304.501953 264.898254 232.312180 248.478226 311.763672 397.381195 445.727966 408.762848 330.337891 268.984833 275.383881 351.114532 452.172882 506.168762 452.172882 351.114532 275.383881 268.984833 330.337891 408.762848 445.727966 397.381195 311.763672 248.478226 232.312180 264.898254 304.501953 320.475830 291.770264 242.976089 206.920425 187.559616 197.246521 208.595184 211.910934 200.803253 183.000916 170.237045,
 143.256592 142.594650 140.148941 134.283020 124.898422 116.108345 110.370697 162.498032 171.977371 179.511765 178.446014 164.595016 146.291000 132.419052 175.033493 197.053925 220.034378 228.848419 210.976913 181.013123 156.598770 173.367920 202.180328 235.861694 253.381393 235.861694 202.180328 173.367920 156.598770 181.013123 210.976913 228.848419 220.034378 197.053925 175.033493 132.419052 146.291000 164.595016 178.446014 179.511765 171.977371 162.498032 110.370697 116.108345 124.898422 134.283020 140.148941 142.594650 143.256592,
 8.417171 9.773993 10.729967 10.760384 9.724878 7.966116 6.114459 8.686542 10.353181 11.529791 11.783442 10.899475 9.051753 6.892101 9.194618 11.952800 14.481839 15.642062 14.592521 11.767209 8.539503 9.616278 13.648952 17.717653 19.562569 17.717653 13.648952 9.616278 8.539503 11.767209 14.592521 15.642062 14.481839 11.952800 9.194618 6.892101 9.051753 10.899475 11.783442 11.529791 10.353181 8.686542 6.114459 7.966116 9.724878 10.760384 10.729967 9.773993 8.417171,
 38.933971 43.260971 47.434509 49.755001 50.756622 51.387245 51.205669 46.347942 55.583248 64.888657 69.304985 68.409775 65.698166 62.368435 57.740372 72.319511 87.890709 94.968277 89.741783 79.670357 70.031693 67.979042 83.129448 99.957672 108.480247 99.957672 83.129448 67.979042 70.031693 79.670357 89.741783 94.968277 87.890709 72.319511 57.740372 62.368435 65.698166 68.409775 69.304985 64.888657 55.583248 46.347942 51.205669 51.387245 50.756622 49.755001 47.434509 43.260971 38.933971,
 104.494736 111.797676 123.952522 132.068512 130.322754 121.488472 111.714661 127.135239 149.218704 182.107010 200.591522 186.184555 154.107895 128.621887 144.769196 187.309509 248.521729 282.000122 251.907043 190.928772 145.450195 151.985382 205.921524 281.446594 321.650818 281.446594 205.921524 151.985382 145.450195 190.928772 251.907043 282.000122 248.521729 187.309509 144.769196 128.621887 154.107895 186.184555 200.591522 182.107010 149.218704 127.135239 111.714661 121.488472 130.322754 132.068512 123.952522 111.797676 104.494736,
 98.998314 99.668190 97.944077 93.144684 85.869781 77.987038 71.424507 109.993835 118.804207 125.324028 124.996613 115.177528 99.534691 85.316589 116.208252 135.877045 155.467224 163.362778 150.412598 124.745087 101.304901 113.310844 139.655396 168.464661 182.473419 168.464661 139.655396 113.310844 101.304901 124.745087 150.412598 163.362778 155.467224 135.877045 116.208252 85.316589 99.534691 115.177528 124.996613 125.324028 118.804207 109.993835 71.424507 77.987038 85.869781 93.144684 97.944077 99.668190 98.998314,
 2.551642 3.546020 4.339060 4.566132 4.092728 3.080415 1.948889 2.475586 3.547295 4.503466 4.987036 4.837400 4.115119 3.102559 2.908366 4.638055 6.583387 7.758100 7.438501 5.924199 4.111959 4.162998 6.865740 9.778679 11.129148 9.778679 6.865740 4.162998 4.111959 5.924199 7.438501 7.758100 6.583387 4.638055 2.908366 3.102559 4.115119 4.837400 4.987036 4.503466 3.547295 2.475586 1.948889 3.080415 4.092728 4.566132 4.339060 3.546020 2.551642,
 10.610929 15.877283 19.960934 21.714457 21.330334 19.483072 17.177975 16.245970 24.262108 31.567822 34.486332 32.817142 28.731571 23.740038 22.973537 33.586498 44.919975 49.630444 45.001137 36.614727 28.257931 27.924789 38.737919 50.949108 57.250549 50.949108 38.737919 27.924789 28.257931 36.614727 45.001137 49.630444 44.919975 33.586498 22.973537 23.740038 28.731571 32.817142 34.486332 31.567822 24.262108 16.245970 17.177975 19.483072 21.330334 21.714457 19.960934 15.877283 10.610929,
 23.192619 37.630493 54.308037 61.706776 56.075951 47.782448 44.161476 32.301811 56.435795 86.492119 99.253456 83.752663 60.654591 47.655182 42.530689 76.780975 122.833801 144.700089 118.578934 76.549896 49.751568 48.770729 84.972000 137.544144 166.772552 137.544144 84.972000 48.770729 49.751568 76.549896 118.578934 144.700089 122.833801 76.780975 42.530689 47.655182 60.654591 83.752663 99.253456 86.492119 56.435795 32.301811 44.161476 47.782448 56.075951 61.706776 54.308037 37.630493 23.192619,
 24.666883 27.960802 30.867064 33.048130 34.184753 33.451614 30.912493 30.953598 37.901009 44.990887 49.837379 49.164082 43.005493 35.683144 37.554001 48.884056 61.923218 69.982712 65.720413 52.570183 40.065056 41.183434 55.373810 71.862595 80.055305 71.862595 55.373810 41.183434 40.065056 52.570183 65.720413 69.982712 61.923218 48.884056 37.554001 35.683144 43.005493 49.164082 49.837379 44.990887 37.901009 30.953598 30.912493 33.451614 34.184753 33.048130 30.867064 27.960802 24.666883,
 0.914716 2.328769 3.320525 3.415317 2.598892 1.256872 -0.170655 0.503190 1.895757 3.019373 3.462871 3.065808 1.963764 0.511369 0.415976 2.338665 4.165213 5.180250 4.781408 3.113870 0.943197 0.807339 3.386971 5.782971 6.824153 5.782971 3.386971 0.807339 0.943197 3.113870 4.781408 5.180250 4.165213 2.338665 0.415976 0.511369 1.963764 3.065808 3.462871 3.019373 1.895757 0.503190 -0.170655 1.256872 2.598892 3.415317 3.320525 2.328769 0.914716,
 1.689093 1.364925 1.319067 0.948123 0.018491 -1.185660 -2.215422 -0.723580 0.741377 2.882088 4.280694 4.529976 4.228531 3.753565 1.374414 5.388128 10.147238 13.017944 12.741278 10.694515 8.311971 6.501719 11.051037 15.986258 18.358742 15.986258 11.051037 6.501719 8.311971 10.694515 12.741278 13.017944 10.147238 5.388128 1.374414 3.753565 4.228531 4.529976 4.280694 2.882088 0.741377 -0.723580 -2.215422 -1.185660 0.018491 0.948123 1.319067 1.364925 1.689093,
 -0.844392 -1.959196 2.142699 5.128661 0.826387 -4.866017 -6.273874 -2.525756 -1.149047 7.977530 15.891437 12.240961 3.721512 0.370183 -0.948634 4.914852 22.428793 35.972000 28.133257 11.600296 4.205351 2.951976 11.791296 33.364811 46.993893 33.364811 11.791296 2.951976 4.205351 11.600296 28.133257 35.972000 22.428793 4.914852 -0.948634 0.370183 3.721512 12.240961 15.891437 7.977530 -1.149047 -2.525756 -6.273874 -4.866017 0.826387 5.128661 2.142699 -1.959196 -0.844392,
 -2.599513 1.533063 4.849979 6.859400 7.185229 5.681157 2.827831 3.498091 9.410617 14.217496 16.680048 15.768111 11.716161 6.194549 11.473048 19.947763 27.236897 30.686232 28.129528 20.867369 12.292237 15.207646 25.165459 34.103249 37.988503 34.103249 25.165459 15.207646 12.292237 20.867369 28.129528 30.686232 27.236897 19.947763 11.473048 6.194549 11.716161 15.768111 16.680048 14.217496 9.410617 3.498091 2.827831 5.681157 7.185229 6.859400 4.849979 1.533063 -2.599513,

Pairwise cross-correlations of the modulus of all oriented sub-bands at the same scale (size QxQ)
 22.709463 14.644512 25.042709 37.500008,
 14.644512 185.039017 203.587418 16.978195,
 25.042709 203.587418 506.168762 209.364136,
 37.500008 16.978195 209.364136 253.381409,
 19.562569 8.535957 21.657997 32.348400,
 8.535957 108.480255 121.067291 7.879474,
 21.657997 121.067291 321.650848 138.382294,
 32.348400 7.879474 138.382294 182.473434,
 11.129148 5.901565 10.644724 13.868472,
 5.901565 57.250553 67.123871 20.519218,
 10.644724 67.123871 166.772552 72.658005,
 13.868472 20.519218 72.658005 80.055313,
 6.824154 4.322791 1.137497 7.538229,
 4.322791 18.358746 17.271492 10.387266,
 1.137497 17.271492 46.993896 21.034960,
 7.538229 10.387266 21.034960 37.988503,

Cross-correlations of the modulus of all oriented sub-bands with all oriented sub-bands at the coarser scale (size QxQ)
 14.636341 7.923396 16.094620 25.695166,
 8.334643 65.049278 67.101273 3.034939,
 20.743645 66.843559 139.655533 72.433754,
 29.241365 2.958030 80.826088 111.623009,
 9.558165 6.701786 10.534151 16.158129,
 5.592709 31.287460 41.673698 8.381935,
 15.218512 34.778728 75.017914 51.655258,
 16.764988 1.590663 23.011505 54.166813,
 5.527514 5.093174 1.348416 7.943880,
 2.733734 8.514348 12.358541 14.730463,
 5.631558 12.767995 26.351070 23.531845,
 6.917231 3.887183 9.468300 22.397575,

Cross-correlations of the real part of each oriented sub-band with both the real and imaginary part of all phase-doubled oriented sub-bands at the next coarser scale (Q matrices of size 1x2Q, which are computed and stored in a matrix of size Qx2Q)
 -3.491545 -4.109972 -5.093020 -7.946715 1.877718 0.252047 0.766384 1.296216,
 -3.145100 -53.184685 -48.001385 -7.147933 0.534666 -1.644491 0.644738 0.690305,
 -5.896950 -60.118729 -87.437988 -43.561440 -1.293895 -3.381267 6.858265 7.243599,
 -8.157052 -7.591460 -36.715805 -46.513573 -0.675970 -0.897914 7.018114 8.617599,
 -1.333799 -1.089376 -1.787391 -5.734790 0.483211 0.125302 0.486104 0.914138,
 -0.495097 -5.140446 8.152895 0.478756 0.258171 1.554088 1.865419 -0.113773,
 -2.835111 0.031312 26.857351 -10.427391 -0.054935 1.204242 12.068839 6.989692,
 -4.861261 1.596060 5.425667 -23.355955 0.225398 -0.137259 10.351682 9.043669,
 0.149491 -0.312413 0.184800 -1.250389 -0.913604 0.652793 0.234447 0.803191,
 0.166389 -5.801230 -4.080787 0.252466 0.140354 4.092658 0.940605 0.809669,
 -0.954560 -6.438082 -2.221646 6.565375 0.058425 3.138365 -2.034967 -0.816749,
 -1.411684 -0.634075 3.254533 3.881873 -1.133852 0.016056 -2.172795 -1.841418,
