Low-band skewness and kurtosis
 -0.616793 2.158465,
 -0.493391 2.108745,
 -0.423237 2.083727,
 -0.405695 1.978693,
 -0.330466 1.759270,

High-band variance
 917.479919,

Skewness, kurtosis, variance, mean, maximum and minimum of the reconstructed texture
 -0.709517 1.978780 6017.495605 190.262634 255.000000 1.000000,

Auto-correlations of the low-frequency bands at each scale
 2238.017090 2222.534180 2214.804199 2212.887451 2217.557617 2236.003906 2273.525391 2303.936523 2165.196045 2065.238281 2032.606079 2075.287109 2184.182373 2331.398926 3422.130615 3467.291992 3518.860596 3556.279297 3555.389893 3522.594727 3472.137939 4352.587891 4611.236328 4818.445312 4901.342285 4818.445312 4611.236328 4352.587891 3472.137939 3522.594727 3555.389893 3556.279297 3518.860596 3467.291992 3422.130615 2331.398926 2184.182373 2075.287109 2032.606079 2065.238281 2165.196045 2303.936523 2273.525391 2236.003906 2217.557617 2212.887451 2214.804199 2222.534180 2238.017090,
 2255.762695 2258.701416 2260.074463 2253.181396 2233.278564 2208.010986 2187.291016 2229.121094 2157.334961 2100.901123 2071.971680 2073.898682 2110.059570 2170.505859 2839.322021 2866.929443 2904.599854 2931.066406 2926.428467 2904.862549 2882.456299 3388.541504 3533.109863 3660.098633 3714.109863 3660.098633 3533.109863 3388.541504 2882.456299 2904.862549 2926.428467 2931.066406 2904.599854 2866.929443 2839.322021 2170.505859 2110.059570 2073.898682 2071.971680 2100.901123 2157.334961 2229.121094 2187.291016 2208.010986 2233.278564 2253.181396 2260.074463 2258.701416 2255.762695,
 1873.388916 1878.884033 1886.084106 1890.708862 1885.241821 1872.809570 1859.579834 2127.461914 2114.452393 2107.451660 2106.026367 2101.299805 2098.841553 2103.111328 2560.412598 2589.419922 2618.468750 2628.374023 2599.076660 2551.194824 2508.785645 2804.048828 2885.541016 2964.381836 3000.880371 2964.381836 2885.541016 2804.048828 2508.785645 2551.194824 2599.076660 2628.374023 2618.468750 2589.419922 2560.412598 2103.111328 2098.841553 2101.299805 2106.026367 2107.451660 2114.452393 2127.461914 1859.579834 1872.809570 1885.241821 1890.708862 1886.084106 1878.884033 1873.388916,
 802.956726 773.113220 747.909424 734.421692 736.799561 749.426941 764.399597 1597.116699 1577.876221 1562.744141 1547.493530 1524.457031 1503.561035 1494.962158 2227.703369 2264.495361 2305.868408 2320.045166 2279.502197 2213.279053 2158.424561 2487.720215 2569.028809 2656.456055 2698.604004 2656.456055 2569.028809 2487.720215 2158.424561 2213.279053 2279.502197 2320.045166 2305.868408 2264.495361 2227.703369 1494.962158 1503.561035 1524.457031 1547.493530 1562.744141 1577.876221 1597.116699 764.399597 749.426941 736.799561 734.421692 747.909424 773.113220 802.956726,
 -1606.221069 -1627.479980 -1641.615356 -1636.261475 -1611.882446 -1587.026855 -1578.942505 -36.642685 -84.273239 -136.763611 -159.761551 -141.580566 -95.780533 -48.388161 1609.447876 1634.863525 1656.653564 1654.008057 1613.557617 1568.868408 1559.002319 2279.390137 2357.124512 2461.712402 2513.612549 2461.712402 2357.124512 2279.390137 1559.002319 1568.868408 1613.557617 1654.008057 1656.653564 1634.863525 1609.447876 -48.388161 -95.780533 -141.580566 -159.761551 -136.763611 -84.273239 -36.642685 -1578.942505 -1587.026855 -1611.882446 -1636.261475 -1641.615356 -1627.479980 -1606.221069,

Auto-correlations of the modulus of each oriented sub-band
 3.674341 4.528841 5.218949 5.443639 5.110117 4.390753 3.537407 4.155599 5.129368 5.943448 6.261794 5.906199 5.038753 4.023018 4.876786 6.297595 7.430007 7.840982 7.357760 6.195076 4.784788 5.163223 6.962370 8.701105 9.466255 8.701105 6.962370 5.163223 4.784788 6.195076 7.357760 7.840982 7.430007 6.297595 4.876786 4.023018 5.038753 5.906199 6.261794 5.943448 5.129368 4.155599 3.537407 4.390753 5.110117 5.443639 5.218949 4.528841 3.674341,
 57.908699 62.288563 67.289864 71.509773 74.180367 75.991768 77.467888 72.033157 81.292572 91.056976 97.103340 97.821548 96.062897 93.957108 90.864845 104.850044 119.787819 127.439812 123.523582 114.464378 105.969597 105.108238 119.150314 134.634705 142.417068 134.634705 119.150314 105.108238 105.969597 114.464378 123.523582 127.439812 119.787819 104.850044 90.864845 93.957108 96.062897 97.821548 97.103340 91.056976 81.292572 72.033157 77.467888 75.991768 74.180367 71.509773 67.289864 62.288563 57.908699,
 289.727722 301.617767 314.776611 324.599304 326.871521 322.302704 314.293579 357.985962 387.557373 416.939270 433.812683 429.439514 408.969849 383.198242 437.316925 489.397034 539.257629 563.902710 548.012390 504.456726 455.098846 480.997467 543.351440 601.647217 627.486145 601.647217 543.351440 480.997467 455.098846 504.456726 548.012390 563.902710 539.257629 489.397034 437.316925 383.198242 408.969849 429.439514 433.812683 416.939270 387.557373 357.985962 314.293579 322.302704 326.871521 324.599304 314.776611 301.617767 289.727722,
 85.298416 86.863602 88.607155 89.503517 88.600487 86.678635 84.462997 98.313652 102.539108 107.130997 109.619400 107.248505 101.839325 96.320717 111.097839 119.469139 129.189194 134.739761 129.932297 119.198753 109.364777 115.993057 127.260963 140.485031 147.467712 140.485031 127.260963 115.993057 109.364777 119.198753 129.932297 134.739761 129.189194 119.469139 111.097839 96.320717 101.839325 107.248505 109.619400 107.130997 102.539108 98.313652 84.462997 86.678635 88.600487 89.503517 88.607155 86.863602 85.298416,
 3.326834 4.005280 4.615485 4.832447 4.497371 3.785113 3.022695 3.648349 4.404447 5.084822 5.341053 4.984669 4.183249 3.291227 4.229289 5.455263 6.630688 7.144211 6.611520 5.337667 3.991081 4.527961 6.166943 7.838779 8.600637 7.838779 6.166943 4.527961 3.991081 5.337667 6.611520 7.144211 6.630688 5.455263 4.229289 3.291227 4.183249 4.984669 5.341053 5.084822 4.404447 3.648349 3.022695 3.785113 4.497371 4.832447 4.615485 4.005280 3.326834,
 20.122393 23.696751 27.817776 31.603310 34.603706 36.506588 37.320160 28.990273 35.893665 43.312607 48.265034 50.003593 49.468349 47.247536 39.683395 49.957161 60.985088 66.761780 64.603027 58.495766 51.603806 48.476482 58.969028 70.135834 75.666901 70.135834 58.969028 48.476482 51.603806 58.495766 64.603027 66.761780 60.985088 49.957161 39.683395 47.247536 49.468349 50.003593 48.265034 43.312607 35.893665 28.990273 37.320160 36.506588 34.603706 31.603310 27.817776 23.696751 20.122393,
 97.948166 110.857407 123.434265 133.366180 139.152374 141.461929 141.143463 152.978256 176.882721 198.887283 212.197632 212.925125 204.001251 190.289780 208.431763 245.934875 279.674011 296.419373 288.276794 262.321045 230.510559 239.329254 281.752502 319.269470 335.303345 319.269470 281.752502 239.329254 230.510559 262.321045 288.276794 296.419373 279.674011 245.934875 208.431763 190.289780 204.001251 212.925125 212.197632 198.887283 176.882721 152.978256 141.143463 141.461929 139.152374 133.366180 123.434265 110.857407 97.948166,
 35.763760 35.333305 35.066357 34.799362 33.677906 31.638933 29.706236 45.131729 45.898434 47.126400 48.085361 46.279026 41.746479 37.346733 52.435020 56.274048 61.530346 65.108612 61.882206 53.905724 46.866646 53.184750 60.152191 69.026817 73.816040 69.026817 60.152191 53.184750 46.866646 53.905724 61.882206 65.108612 61.530346 56.274048 52.435020 37.346733 41.746479 46.279026 48.085361 47.126400 45.898434 45.131729 29.706236 31.638933 33.677906 34.799362 35.066357 35.333305 35.763760,
 1.641408 2.504678 3.409475 3.881093 3.604036 2.758789 1.843057 1.932540 2.997588 4.115795 4.699358 4.348554 3.316769 2.210997 2.437445 3.957156 5.553847 6.344976 5.746829 4.243688 2.715894 2.877447 4.699505 6.619857 7.510245 6.619857 4.699505 2.877447 2.715894 4.243688 5.746829 6.344976 5.553847 3.957156 2.437445 2.210997 3.316769 4.348554 4.699358 4.115795 2.997588 1.932540 1.843057 2.758789 3.604036 3.881093 3.409475 2.504678 1.641408,
 -0.653246 0.098493 1.297935 1.788064 1.633231 1.215704 0.330838 1.388923 3.239499 5.887297 6.749437 5.771326 4.672040 3.418600 4.858562 7.926352 12.979357 14.899348 11.823509 8.666357 6.759405 7.431422 10.304609 15.909832 19.691963 15.909832 10.304609 7.431422 6.759405 8.666357 11.823509 14.899348 12.979357 7.926352 4.858562 3.418600 4.672040 5.771326 6.749437 5.887297 3.239499 1.388923 0.330838 1.215704 1.633231 1.788064 1.297935 0.098493 -0.653246,
 14.278015 12.027418 8.928344 5.437584 1.997162 -1.206945 -4.031471 33.511620 38.299480 41.063301 39.795460 33.992882 25.163658 15.820185 57.029457 71.322037 82.735352 85.699799 77.842957 62.666576 45.826302 64.666039 84.495483 101.904938 109.250999 101.904938 84.495483 64.666039 45.826302 62.666576 77.842957 85.699799 82.735352 71.322037 57.029457 15.820185 25.163658 33.992882 39.795460 41.063301 38.299480 33.511620 -4.031471 -1.206945 1.997162 5.437584 8.928344 12.027418 14.278015,
 9.997204 9.149261 8.359052 8.075567 7.769410 6.918685 6.041786 13.433455 14.108647 15.109267 16.321541 15.917790 13.225902 10.119283 16.345221 19.139473 23.078716 26.465782 25.045319 19.488178 14.329345 16.765766 21.653318 28.105728 31.776777 28.105728 21.653318 16.765766 14.329345 19.488178 25.045319 26.465782 23.078716 19.139473 16.345221 10.119283 13.225902 15.917790 16.321541 15.109267 14.108647 13.433455 6.041786 6.918685 7.769410 8.075567 8.359052 9.149261 9.997204,
 -0.157493 1.576584 3.094362 3.762861 3.267009 1.857305 0.150106 0.129622 1.878671 3.426179 4.082602 3.501278 1.953138 0.118249 1.597882 4.112961 6.307830 7.175356 6.214145 3.875806 1.200815 2.273910 5.474257 8.311720 9.476341 8.311720 5.474257 2.273910 1.200815 3.875806 6.214145 7.175356 6.307830 4.112961 1.597882 0.118249 1.953138 3.501278 4.082602 3.426179 1.878671 0.129622 0.150106 1.857305 3.267009 3.762861 3.094362 1.576584 -0.157493,
 -1.561459 -1.081425 -0.046046 0.388371 0.116110 -0.497916 -1.366397 0.182524 1.776536 3.186800 2.944379 1.656461 0.624150 -0.176005 1.922541 4.732246 8.297808 8.511761 5.314349 2.542947 1.478747 2.434207 4.604152 9.237006 12.091751 9.237006 4.604152 2.434207 1.478747 2.542947 5.314349 8.511761 8.297808 4.732246 1.922541 -0.176005 0.624150 1.656461 2.944379 3.186800 1.776536 0.182524 -1.366397 -0.497916 0.116110 0.388371 -0.046046 -1.081425 -1.561459,
 -12.138063 -12.853312 -10.681063 -6.665040 -3.053179 -1.510374 -1.958343 -2.758133 -0.806033 4.419421 10.711136 14.204594 13.797430 11.426037 10.477105 16.414219 25.683535 33.334873 33.660721 27.906147 21.604519 20.967602 29.276478 39.504250 44.746544 39.504250 29.276478 20.967602 21.604519 27.906147 33.660721 33.334873 25.683535 16.414219 10.477105 11.426037 13.797430 14.204594 10.711136 4.419421 -0.806033 -2.758133 -1.958343 -1.510374 -3.053179 -6.665040 -10.681063 -12.853312 -12.138063,
 0.622457 0.445976 0.733995 1.114326 1.388226 1.484713 0.966190 1.490890 1.590770 3.027359 5.477416 7.136379 6.384539 3.834355 2.850830 4.830246 9.202768 13.672241 14.083780 9.916853 5.049957 4.400027 8.950082 15.271829 18.561081 15.271829 8.950082 4.400027 5.049957 9.916853 14.083780 13.672241 9.202768 4.830246 2.850830 3.834355 6.384539 7.136379 5.477416 3.027359 1.590770 1.490890 0.966190 1.484713 1.388226 1.114326 0.733995 0.445976 0.622457,

Pairwise cross-correlations of the modulus of all oriented sub-bands at the same scale (size QxQ)
 9.466256 11.303731 15.383383 12.504115,
 11.303731 142.417084 231.709641 60.897461,
 15.383383 231.709641 627.486267 244.968735,
 12.504115 60.897461 244.968735 147.467712,
 8.600637 5.875507 7.886628 7.741633,
 5.875507 75.666901 122.791092 25.411032,
 7.886628 122.791092 335.303375 118.346458,
 7.741633 25.411032 118.346458 73.816048,
 7.510245 1.176667 3.240494 4.753217,
 1.176667 19.691967 30.061188 5.993703,
 3.240494 30.061188 109.251022 43.394928,
 4.753217 5.993703 43.394928 31.776779,
 9.476340 3.065678 -0.151435 6.349634,
 3.065678 12.091749 11.172291 5.673862,
 -0.151435 11.172291 44.746544 15.217749,
 6.349634 5.673862 15.217749 18.561085,

Cross-correlations of the modulus of all oriented sub-bands with all oriented sub-bands at the coarser scale (size QxQ)
 6.483593 5.399179 5.635176 7.486935,
 9.975876 49.540585 79.715912 27.244293,
 18.911198 73.386261 189.614700 91.527458,
 11.885764 17.706135 71.132584 52.047649,
 5.753024 1.453821 3.050831 4.385258,
 3.407403 15.339318 22.985285 5.130755,
 5.257657 20.830072 62.915642 26.969801,
 5.579287 3.219508 25.771212 20.419666,
 5.318532 4.115323 3.888101 5.189580,
 -1.264561 2.067049 3.554765 -0.443435,
 0.174357 0.954931 15.456703 5.068671,
 3.507128 1.461472 9.103248 8.504724,

Cross-correlations of the real part of each oriented sub-band with both the real and imaginary part of all phase-doubled oriented sub-bands at the next coarser scale (Q matrices of size 1x2Q, which are computed and stored in a matrix of size Qx2Q)
 -0.514823 -1.602037 -0.987188 -0.666684 0.099712 0.097442 -0.117984 -0.020825,
 -1.354204 -18.484066 -18.624063 -5.812437 0.159095 0.809571 -2.706444 -2.443056,
 -1.327376 -21.286690 -38.044556 -21.420012 0.046934 0.838878 -14.614738 -9.059611,
 -0.570109 -2.985106 -13.157824 -11.835232 -0.031003 -0.347317 -8.481454 -4.088523,
 -0.180343 -0.874496 -0.516233 -0.366819 -0.880942 -0.133112 0.131755 0.159575,
 -0.439546 -14.775373 -14.921456 -2.825968 -0.469727 -1.488679 -4.719127 -1.607977,
 -0.413283 -22.706680 -32.589111 -7.618790 0.041464 -4.071966 -11.920212 -2.819885,
 -0.162862 -5.344573 -10.299736 -3.168157 -0.207529 -1.603710 -3.021214 0.286033,
 -0.259133 -0.428737 -0.606396 -0.925530 -1.108607 0.221063 0.152595 -0.595269,
 -0.226398 -9.867787 -17.233532 -3.090156 -0.549250 2.755332 2.870002 0.175905,
 -0.177749 -17.978437 -46.916176 -13.108857 -0.024556 4.073169 6.578848 1.173181,
 -0.286015 -5.034985 -18.565327 -9.646435 -0.243498 0.720040 3.021307 -0.267128,
