Low-band skewness and kurtosis
 -0.669592 2.364810,
 -0.631476 2.376190,
 -0.375004 2.006199,
 -0.268508 1.811332,
 -0.032040 1.518549,

High-band variance
 859.475586,

Skewness, kurtosis, variance, mean, maximum and minimum of the reconstructed texture
 -0.752298 2.095685 5785.783691 191.842346 255.000000 1.000000,

Auto-correlations of the low-frequency bands at each scale
 1498.174561 1475.103149 1454.038086 1437.135986 1423.563721 1414.451294 1408.851074 1370.823486 1341.763306 1328.733765 1333.779541 1354.546021 1393.006226 1447.739014 2998.161377 3055.272949 3114.162109 3165.326172 3199.030273 3223.757324 3248.441162 4565.989746 4646.453125 4708.244141 4733.492676 4708.244141 4646.453125 4565.989746 3248.441162 3223.757324 3199.030273 3165.326172 3114.162109 3055.272949 2998.161377 1447.739014 1393.006226 1354.546021 1333.779541 1328.733765 1341.763306 1370.823486 1408.851074 1414.451294 1423.563721 1437.135986 1454.038086 1475.103149 1498.174561,
 1097.987427 1087.843872 1076.983032 1067.715942 1060.861938 1055.928833 1050.854370 1149.978149 1127.449707 1113.118042 1111.275024 1123.227661 1149.092773 1185.670532 2272.671387 2306.889648 2343.513428 2374.436523 2393.251221 2406.348633 2421.195801 3273.774902 3332.270020 3380.563721 3400.653320 3380.563721 3332.270020 3273.774902 2421.195801 2406.348633 2393.251221 2374.436523 2343.513428 2306.889648 2272.671387 1185.670532 1149.092773 1123.227661 1111.275024 1113.118042 1127.449707 1149.978149 1050.854370 1055.928833 1060.861938 1067.715942 1076.983032 1087.843872 1097.987427,
 1223.763794 1222.801392 1220.764404 1217.008911 1212.596436 1208.729370 1203.652954 1024.972046 1004.508423 990.239136 981.203857 976.378662 977.693726 983.894836 1725.614136 1735.412476 1752.761353 1768.204590 1773.738159 1775.475220 1779.580200 2454.126953 2482.988037 2511.472412 2524.726562 2511.472412 2482.988037 2454.126953 1779.580200 1775.475220 1773.738159 1768.204590 1752.761353 1735.412476 1725.614136 983.894836 977.693726 976.378662 981.203857 990.239136 1004.508423 1024.972046 1203.652954 1208.729370 1212.596436 1217.008911 1220.764404 1222.801392 1223.763794,
 574.903503 576.424805 578.395142 581.741943 586.016235 589.479736 592.831360 1042.016602 1036.624756 1034.567505 1038.095459 1045.334106 1053.809814 1062.655029 1544.143066 1543.035889 1545.433838 1548.371948 1545.534424 1538.908203 1533.701172 1796.529907 1809.869629 1825.070801 1832.682129 1825.070801 1809.869629 1796.529907 1533.701172 1538.908203 1545.534424 1548.371948 1545.433838 1543.035889 1544.143066 1062.655029 1053.809814 1045.334106 1038.095459 1034.567505 1036.624756 1042.016602 592.831360 589.479736 586.016235 581.741943 578.395142 576.424805 574.903503,
 -1155.230591 -1153.656006 -1153.987671 -1156.287354 -1160.146606 -1162.818359 -1162.042603 -5.520012 -9.914680 -13.175470 -13.806858 -12.926550 -10.378547 -6.439872 1153.826782 1152.011475 1155.233521 1160.433105 1162.380249 1161.412109 1159.966919 1655.750488 1660.656250 1668.424805 1672.578491 1668.424805 1660.656250 1655.750488 1159.966919 1161.412109 1162.380249 1160.433105 1155.233521 1152.011475 1153.826782 -6.439872 -10.378547 -12.926550 -13.806858 -13.175470 -9.914680 -5.520012 -1162.042603 -1162.818359 -1160.146606 -1156.287354 -1153.987671 -1153.656006 -1155.230591,

Auto-correlations of the modulus of each oriented sub-band
 2.391985 3.479146 4.400211 4.775904 4.424537 3.520663 2.439428 2.527195 3.673664 4.645797 5.036767 4.652863 3.686771 2.542504 2.771281 4.070947 5.190341 5.639984 5.180859 4.054153 2.751283 2.955323 4.410717 5.690003 6.214271 5.690003 4.410717 2.955323 2.751283 4.054153 5.180859 5.639984 5.190341 4.070947 2.771281 2.542504 3.686771 4.652863 5.036767 4.645797 3.673664 2.527195 2.439428 3.520663 4.424537 4.775904 4.400211 3.479146 2.391985,
 36.062847 37.094711 37.730076 37.936718 37.833294 37.488365 37.002628 55.658993 58.212242 59.920349 60.087059 59.126663 57.786011 56.297428 76.603020 80.904877 84.439102 85.310806 83.285324 80.150238 76.856682 86.194336 90.926422 95.327042 97.393852 95.327042 90.926422 86.194336 76.856682 80.150238 83.285324 85.310806 84.439102 80.904877 76.603020 56.297428 57.786011 59.126663 60.087059 59.920349 58.212242 55.658993 37.002628 37.488365 37.833294 37.936718 37.730076 37.094711 36.062847,
 209.231247 213.515457 217.561218 219.617889 218.414856 215.218826 211.907791 339.900024 352.291565 361.796753 365.372742 361.104919 351.331604 339.418945 479.744385 503.370544 521.026001 527.603638 519.992310 501.837830 478.473389 543.174805 572.726257 595.279724 604.267151 595.279724 572.726257 543.174805 478.473389 501.837830 519.992310 527.603638 521.026001 503.370544 479.744385 339.418945 351.331604 361.104919 365.372742 361.796753 352.291565 339.900024 211.907791 215.218826 218.414856 219.617889 217.561218 213.515457 209.231247,
 28.413513 29.720718 30.706978 31.200562 31.019218 29.920906 28.126774 44.235039 46.929775 49.190315 50.577271 50.253738 47.776974 44.214211 61.255116 66.016922 70.250298 72.710182 71.556831 67.062637 61.474369 69.159622 75.379379 80.895386 83.351410 80.895386 75.379379 69.159622 61.474369 67.062637 71.556831 72.710182 70.250298 66.016922 61.255116 44.214211 47.776974 50.253738 50.577271 49.190315 46.929775 44.235039 28.126774 29.920906 31.019218 31.200562 30.706978 29.720718 28.413513,
 1.061067 1.564670 1.992663 2.147860 1.942543 1.477694 0.954784 1.120674 1.680413 2.181646 2.403101 2.229020 1.753954 1.197219 1.399306 2.113134 2.766827 3.062212 2.837885 2.228619 1.529848 1.684671 2.532294 3.303741 3.626255 3.303741 2.532294 1.684671 1.529848 2.228619 2.837885 3.062212 2.766827 2.113134 1.399306 1.197219 1.753954 2.229020 2.403101 2.181646 1.680413 1.120674 0.954784 1.477694 1.942543 2.147860 1.992663 1.564670 1.061067,
 17.128149 18.853836 20.529718 21.474545 22.097246 22.912903 23.863180 30.270601 33.815327 37.439671 39.517204 40.022182 40.121113 40.220718 48.023193 53.188313 58.518036 61.324059 60.472809 58.075504 55.686707 59.480526 64.450684 69.608948 72.129585 69.608948 64.450684 59.480526 55.686707 58.075504 60.472809 61.324059 58.518036 53.188313 48.023193 40.220718 40.121113 40.022182 39.517204 37.439671 33.815327 30.270601 23.863180 22.912903 22.097246 21.474545 20.529718 18.853836 17.128149,
 98.629761 103.199417 108.500999 112.748695 114.655830 116.046814 118.649094 186.245743 199.524750 211.583191 218.844482 219.442657 216.342285 212.360641 293.030457 316.257629 335.621094 345.109344 341.127563 328.205688 311.546082 350.339783 376.511169 397.565765 406.339294 397.565765 376.511169 350.339783 311.546082 328.205688 341.127563 345.109344 335.621094 316.257629 293.030457 212.360641 216.342285 219.442657 218.844482 211.583191 199.524750 186.245743 118.649094 116.046814 114.655830 112.748695 108.500999 103.199417 98.629761,
 15.528613 15.903971 16.411083 17.019516 17.460964 17.496374 17.298235 25.525600 27.062660 28.970463 30.463299 30.478527 29.009716 27.253380 37.248592 40.655205 44.698601 47.163818 45.925941 42.010674 38.184383 42.957474 47.597347 52.863571 55.423264 52.863571 47.597347 42.957474 38.184383 42.010674 45.925941 47.163818 44.698601 40.655205 37.248592 27.253380 29.009716 30.478527 30.463299 28.970463 27.062660 25.525600 17.298235 17.496374 17.460964 17.019516 16.411083 15.903971 15.528613,
 1.144428 1.259257 1.296265 1.245983 1.111264 0.914407 0.689996 1.381674 1.568385 1.640770 1.583468 1.412243 1.164477 0.881409 1.637127 2.092517 2.437847 2.503861 2.248204 1.797236 1.318914 1.680788 2.308853 2.889012 3.142090 2.889012 2.308853 1.680788 1.318914 1.797236 2.248204 2.503861 2.437847 2.092517 1.637127 0.881409 1.164477 1.412243 1.583468 1.640770 1.568385 1.381674 0.689996 0.914407 1.111264 1.245983 1.296265 1.259257 1.144428,
 5.192128 5.852520 6.739375 7.533205 7.964643 8.177817 8.673903 15.242431 17.078827 18.759163 19.560278 19.511673 19.284004 19.360909 25.415735 28.694536 31.950403 32.998779 31.411673 29.286886 27.986044 30.546539 33.571701 37.496437 39.557922 37.496437 33.571701 30.546539 27.986044 29.286886 31.411673 32.998779 31.950403 28.694536 25.415735 19.360909 19.284004 19.511673 19.560278 18.759163 17.078827 15.242431 8.673903 8.177817 7.964643 7.533205 6.739375 5.852520 5.192128,
 21.627651 23.982801 29.551874 37.237137 44.853127 50.662582 54.532215 100.625267 110.303818 121.706230 132.439423 139.464432 141.360901 140.054413 187.365845 203.689316 219.111847 229.680725 231.616241 225.486588 215.542847 236.714890 253.720642 267.610443 273.395172 267.610443 253.720642 236.714890 215.542847 225.486588 231.616241 229.680725 219.111847 203.689316 187.365845 140.054413 141.360901 139.464432 132.439423 121.706230 110.303818 100.625267 54.532215 50.662582 44.853127 37.237137 29.551874 23.982801 21.627651,
 4.598857 4.117641 3.875779 4.183662 4.884713 5.719032 6.276454 13.776294 14.211319 15.294004 16.750467 17.460421 17.004978 16.057751 23.555990 25.420160 28.214247 30.748333 30.314562 27.562590 25.103319 28.461283 31.197758 35.098282 37.397476 35.098282 31.197758 28.461283 25.103319 27.562590 30.314562 30.748333 28.214247 25.420160 23.555990 16.057751 17.004978 17.460421 16.750467 15.294004 14.211319 13.776294 6.276454 5.719032 4.884713 4.183662 3.875779 4.117641 4.598857,
 -0.007095 0.086018 0.183079 0.256986 0.295716 0.304307 0.288569 0.074195 0.220210 0.337083 0.389133 0.385964 0.364647 0.341400 0.266149 0.508953 0.719539 0.785075 0.688662 0.525461 0.395116 0.421518 0.690248 0.998205 1.144008 0.998205 0.690248 0.421518 0.395116 0.525461 0.688662 0.785075 0.719539 0.508953 0.266149 0.341400 0.364647 0.385964 0.389133 0.337083 0.220210 0.074195 0.288569 0.304307 0.295716 0.256986 0.183079 0.086018 -0.007095,
 1.047106 1.003661 1.426003 1.562593 1.274080 0.969237 0.708187 3.272239 3.392811 4.297139 4.589234 3.754402 2.899153 2.371280 6.382048 6.851807 8.671080 9.397269 7.680563 6.056254 5.507167 7.725049 8.250081 10.577045 12.360663 10.577045 8.250081 7.725049 5.507167 6.056254 7.680563 9.397269 8.671080 6.851807 6.382048 2.371280 2.899153 3.754402 4.589234 4.297139 3.392811 3.272239 0.708187 0.969237 1.274080 1.562593 1.426003 1.003661 1.047106,
 1.077497 1.524702 2.657603 3.953968 4.506452 4.599512 5.130746 17.992859 19.157587 20.677681 21.579563 20.800877 19.099051 17.878010 42.662621 45.476078 48.216846 49.316071 47.499729 43.975513 40.663979 55.334064 59.542606 63.632202 65.505844 63.632202 59.542606 55.334064 40.663979 43.975513 47.499729 49.316071 48.216846 45.476078 42.662621 17.878010 19.099051 20.800877 21.579563 20.677681 19.157587 17.992859 5.130746 4.599512 4.506452 3.953968 2.657603 1.524702 1.077497,
 0.347395 0.708317 1.054929 1.694032 2.074019 1.766999 1.342941 3.028862 3.688443 4.367365 5.175907 5.117928 4.140436 3.289148 6.263521 7.309715 8.602867 9.798909 9.262903 7.578030 6.258960 7.886594 9.263891 11.185690 12.379389 11.185690 9.263891 7.886594 6.258960 7.578030 9.262903 9.798909 8.602867 7.309715 6.263521 3.289148 4.140436 5.117928 5.175907 4.367365 3.688443 3.028862 1.342941 1.766999 2.074019 1.694032 1.054929 0.708317 0.347395,

Pairwise cross-correlations of the modulus of all oriented sub-bands at the same scale (size QxQ)
 6.214272 3.577254 1.145390 3.935174,
 3.577254 97.393867 224.657318 72.380417,
 1.145390 224.657318 604.267273 204.110031,
 3.935174 72.380417 204.110031 83.351425,
 3.626255 5.382243 7.976262 5.383096,
 5.382243 72.129593 157.466202 51.421288,
 7.976262 157.466202 406.339355 134.709991,
 5.383096 51.421288 134.709991 55.423267,
 3.142091 2.346779 2.416390 2.233944,
 2.346779 39.557926 95.558281 31.038757,
 2.416390 95.558281 273.395203 92.882309,
 2.233944 31.038757 92.882309 37.397476,
 1.144008 1.117414 2.569984 1.289588,
 1.117414 12.360662 24.877243 7.740396,
 2.569984 24.877243 65.505852 24.412739,
 1.289588 7.740396 24.412739 12.379391,

Cross-correlations of the modulus of all oriented sub-bands with all oriented sub-bands at the coarser scale (size QxQ)
 3.772647 3.761574 1.436410 4.059345,
 3.433790 27.681343 60.062653 22.230240,
 4.515001 63.953499 155.331406 53.747318,
 3.268600 23.171207 53.281048 21.497787,
 2.242779 1.181956 -0.963470 1.326064,
 5.332626 9.818640 12.233707 5.554055,
 11.013549 20.248669 34.697037 14.062639,
 5.492607 7.515193 10.446147 6.767173,
 1.205400 1.418347 4.466246 2.961045,
 1.285278 5.637120 16.331348 5.684254,
 2.039594 11.785372 33.639217 11.543535,
 0.990857 3.364264 12.101528 6.339281,

Cross-correlations of the real part of each oriented sub-band with both the real and imaginary part of all phase-doubled oriented sub-bands at the next coarser scale (Q matrices of size 1x2Q, which are computed and stored in a matrix of size Qx2Q)
 -0.859622 -0.194420 -0.075075 -0.376037 0.323416 0.082634 0.133774 0.020955,
 -0.353768 -6.595686 -7.736440 -2.393079 0.141078 3.816862 7.179906 1.003495,
 -0.063784 -10.214725 -15.728230 -10.029497 0.025224 7.391861 14.451250 2.441725,
 -0.486019 -1.694072 -5.109026 -6.064653 0.200071 1.735786 3.888599 1.188861,
 0.045906 0.174396 0.094886 -0.027457 -0.278571 -0.024935 0.115768 0.035810,
 0.126075 -13.036123 -38.992744 -14.412338 -0.031327 5.553914 11.546436 3.688632,
 0.056801 -37.218117 -105.818863 -40.422302 -0.002467 11.307232 26.387863 8.716388,
 -0.028167 -12.904876 -35.539520 -14.298115 -0.226662 2.762637 7.772316 2.765833,
 0.037824 0.026295 -0.048010 0.068549 -0.403664 -0.127865 0.104614 0.187309,
 0.099714 -12.496902 -40.121109 -13.306969 -0.149333 -4.420635 -5.556005 -0.797668,
 0.026629 -32.841454 -112.082634 -38.250240 -0.081177 -7.112143 -4.830463 1.976202,
 -0.021838 -11.057301 -39.981655 -14.014344 -0.286108 -0.994274 2.355817 2.727271,
