Low-band skewness and kurtosis
 -0.508537 2.196745,
 -0.406974 2.198138,
 -0.314384 1.979951,
 -0.173155 1.766781,
 -0.084051 1.657809,

High-band variance
 1023.470581,

Skewness, kurtosis, variance, mean, maximum and minimum of the reconstructed texture
 -0.637697 1.940650 5535.024902 189.026001 255.000000 9.000000,

Auto-correlations of the low-frequency bands at each scale
 1329.416260 1309.808228 1288.409180 1263.461426 1230.713135 1198.585327 1175.835205 937.576355 887.459839 870.068726 892.422302 952.971802 1055.652588 1193.412109 2255.875244 2378.911621 2513.383301 2636.516113 2729.422363 2803.770508 2869.914795 3886.440430 4070.324951 4212.357910 4268.979492 4212.357910 4070.324951 3886.440430 2869.914795 2803.770508 2729.422363 2636.516113 2513.383301 2378.911621 2255.875244 1193.412109 1055.652588 952.971802 892.422302 870.068726 887.459839 937.576355 1175.835205 1198.585327 1230.713135 1263.461426 1288.409180 1309.808228 1329.416260,
 1199.290283 1180.899170 1163.210815 1145.718872 1127.055542 1113.556396 1111.030762 1025.193481 1010.524902 1017.735352 1043.352539 1081.070068 1136.621582 1210.294556 1742.601562 1819.630981 1914.975830 2000.394043 2051.018799 2080.270508 2103.255371 2589.367188 2698.207275 2793.120117 2834.509766 2793.120117 2698.207275 2589.367188 2103.255371 2080.270508 2051.018799 2000.394043 1914.975830 1819.630981 1742.601562 1210.294556 1136.621582 1081.070068 1043.352539 1017.735352 1010.524902 1025.193481 1111.030762 1113.556396 1127.055542 1145.718872 1163.210815 1180.899170 1199.290283,
 1094.216919 1109.693237 1120.529907 1124.680420 1123.927856 1123.711792 1124.824341 1206.893066 1183.568604 1167.816650 1159.969727 1156.727783 1166.001465 1189.532715 1489.568848 1519.954956 1570.018555 1616.418091 1632.718506 1632.200317 1631.469971 1869.199951 1942.468994 2014.759644 2048.908447 2014.759644 1942.468994 1869.199951 1631.469971 1632.200317 1632.718506 1616.418091 1570.018555 1519.954956 1489.568848 1189.532715 1166.001465 1156.727783 1159.969727 1167.816650 1183.568604 1206.893066 1124.824341 1123.711792 1123.927856 1124.680420 1120.529907 1109.693237 1094.216919,
 521.143066 501.383606 483.715607 476.718414 484.265289 499.585144 511.496185 908.156128 892.391602 887.010132 893.048828 910.900269 939.993896 971.934937 1277.812012 1311.757446 1357.058350 1391.258057 1399.106689 1394.515991 1391.287109 1543.423828 1602.561401 1662.896362 1690.990845 1662.896362 1602.561401 1543.423828 1391.287109 1394.515991 1399.106689 1391.258057 1357.058350 1311.757446 1277.812012 971.934937 939.993896 910.900269 893.048828 887.010132 892.391602 908.156128 511.496185 499.585144 484.265289 476.718414 483.715607 501.383606 521.143066,
 -989.052979 -993.289490 -1004.234741 -1009.541199 -1003.305054 -995.405457 -992.616943 -37.659958 -55.657234 -69.063934 -66.411583 -51.498352 -36.289276 -27.338671 977.675659 972.994385 988.361328 1011.344177 1019.780029 1013.152222 1003.392700 1430.014038 1452.771973 1489.130859 1508.505249 1489.130859 1452.771973 1430.014038 1003.392700 1013.152222 1019.780029 1011.344177 988.361328 972.994385 977.675659 -27.338671 -36.289276 -51.498352 -66.411583 -69.063934 -55.657234 -37.659958 -992.616943 -995.405457 -1003.305054 -1009.541199 -1004.234741 -993.289490 -989.052979,

Auto-correlations of the modulus of each oriented sub-band
 3.972315 5.485149 6.753161 7.262473 6.783025 5.565982 4.122122 4.314339 5.909948 7.253745 7.799120 7.289353 5.991177 4.460835 4.848033 6.681880 8.228685 8.841432 8.222328 6.707265 4.949361 5.212211 7.236471 9.015956 9.747923 9.015956 7.236471 5.212211 4.949361 6.707265 8.222328 8.841432 8.228685 6.681880 4.848033 4.460835 5.991177 7.289353 7.799120 7.253745 5.909948 4.314339 4.122122 5.565982 6.783025 7.262473 6.753161 5.485149 3.972315,
 38.208179 41.037525 43.709942 45.925720 47.763721 49.191570 50.016666 57.823860 64.578232 70.402786 73.630821 74.445068 73.780212 72.127357 83.202087 93.903526 103.263748 107.464943 105.546860 100.159203 93.496918 99.021652 110.064224 119.841324 124.145927 119.841324 110.064224 99.021652 93.496918 100.159203 105.546860 107.464943 103.263748 93.903526 83.202087 72.127357 73.780212 74.445068 73.630821 70.402786 64.578232 57.823860 50.016666 49.191570 47.763721 45.925720 43.709942 41.037525 38.208179,
 155.125198 166.582932 177.407776 183.720245 183.944519 180.603165 176.790207 261.583527 292.002991 317.761719 329.054138 321.857422 302.483459 280.433319 384.324524 438.080963 483.570221 502.363403 485.278961 443.377655 395.116516 444.340027 508.025024 563.110229 586.143433 563.110229 508.025024 444.340027 395.116516 443.377655 485.278961 502.363403 483.570221 438.080963 384.324524 280.433319 302.483459 321.857422 329.054138 317.761719 292.002991 261.583527 176.790207 180.603165 183.944519 183.720245 177.407776 166.582932 155.125198,
 22.715412 23.664410 24.930199 25.407883 24.486759 22.771606 21.210430 35.242165 38.659473 42.715633 44.888222 42.965183 37.745838 32.450600 47.871899 55.327194 64.502548 69.746643 65.669937 55.049553 45.309849 52.267941 62.940952 75.909569 82.381264 75.909569 62.940952 52.267941 45.309849 55.049553 65.669937 69.746643 64.502548 55.327194 47.871899 32.450600 37.745838 42.965183 44.888222 42.715633 38.659473 35.242165 21.210430 22.771606 24.486759 25.407883 24.930199 23.664410 22.715412,
 3.352109 4.543275 5.587392 6.026325 5.650763 4.687127 3.580272 3.680582 5.005441 6.161964 6.642841 6.231244 5.193099 4.019469 4.399898 6.128695 7.659974 8.264936 7.629655 6.171648 4.590601 4.919532 6.898899 8.739125 9.524779 8.739125 6.898899 4.919532 4.590601 6.171648 7.629655 8.264936 7.659974 6.128695 4.399898 4.019469 5.193099 6.231244 6.642841 6.161964 5.005441 3.680582 3.580272 4.687127 5.650763 6.026325 5.587392 4.543275 3.352109,
 14.974277 16.024693 17.007988 17.651274 18.031403 18.394283 18.930731 25.645252 29.001471 31.817757 32.742477 32.040905 30.840399 29.649361 38.393250 45.232571 51.615780 53.559967 50.393017 45.611729 41.345741 45.470058 52.861324 60.973831 64.978592 60.973831 52.861324 45.470058 41.345741 45.611729 50.393017 53.559967 51.615780 45.232571 38.393250 29.649361 30.840399 32.040905 32.742477 31.817757 29.001471 25.645252 18.930731 18.394283 18.031403 17.651274 17.007988 16.024693 14.974277,
 58.598457 61.177116 62.920681 62.922203 60.947056 58.339211 56.413177 110.657089 122.295525 131.530014 134.721985 129.834824 119.375175 107.462631 169.282211 196.305786 218.594910 227.666077 218.449219 195.758667 168.442398 197.414825 232.970551 262.769226 275.112732 262.769226 232.970551 197.414825 168.442398 195.758667 218.449219 227.666077 218.594910 196.305786 169.282211 107.462631 119.375175 129.834824 134.721985 131.530014 122.295525 110.657089 56.413177 58.339211 60.947056 62.922203 62.920681 61.177116 58.598457,
 8.738473 8.941478 9.473777 9.421310 8.541867 7.428123 6.412719 14.552192 15.406332 16.919369 18.149260 17.321728 14.495340 11.745427 20.180901 22.346270 26.499931 30.184643 28.189930 22.296457 17.972874 21.712219 25.607971 32.465473 36.749130 32.465473 25.607971 21.712219 17.972874 22.296457 28.189930 30.184643 26.499931 22.346270 20.180901 11.745427 14.495340 17.321728 18.149260 16.919369 15.406332 14.552192 6.412719 7.428123 8.541867 9.421310 9.473777 8.941478 8.738473,
 2.201105 2.972579 3.652925 3.890777 3.536091 2.786681 1.995634 3.206403 4.227263 5.092948 5.353647 4.793873 3.676986 2.511518 4.157906 5.742137 7.096944 7.530349 6.720180 5.090204 3.389867 4.210093 6.241631 8.138457 8.946296 8.138457 6.241631 4.210093 3.389867 5.090204 6.720180 7.530349 7.096944 5.742137 4.157906 2.511518 3.676986 4.793873 5.353647 5.092948 4.227263 3.206403 1.995634 2.786681 3.536091 3.890777 3.652925 2.972579 2.201105,
 16.596670 17.384312 17.931704 17.921719 17.428835 16.905472 16.639971 20.203852 22.801067 24.691599 24.835075 23.858892 22.766674 21.494200 23.811430 29.229334 34.523827 35.532482 32.146111 28.187433 25.212397 25.699577 31.168833 38.210903 42.082516 38.210903 31.168833 25.699577 25.212397 28.187433 32.146111 35.532482 34.523827 29.229334 23.811430 21.494200 22.766674 23.858892 24.835075 24.691599 22.801067 20.203852 16.639971 16.905472 17.428835 17.921719 17.931704 17.384312 16.596670,
 48.883751 48.362122 47.659698 46.916088 45.714317 44.135361 42.231628 64.418510 71.033195 77.964188 82.835403 82.899063 78.267952 71.191109 87.706360 104.393745 120.246513 129.314362 126.649590 114.239342 98.093857 104.625740 126.117393 144.941650 152.911560 144.941650 126.117393 104.625740 98.093857 114.239342 126.649590 129.314362 120.246513 104.393745 87.706360 71.191109 78.267952 82.899063 82.835403 77.964188 71.033195 64.418510 42.231628 44.135361 45.714317 46.916088 47.659698 48.362122 48.883751,
 5.974554 7.085530 8.222754 8.755482 8.817060 8.055050 6.770418 9.294287 10.747272 12.261783 13.989239 14.547858 12.279768 9.621006 12.422397 14.490939 17.877251 21.843958 21.205620 16.084372 12.180041 13.427694 16.674526 22.554104 26.384682 22.554104 16.674526 13.427694 12.180041 16.084372 21.205620 21.843958 17.877251 14.490939 12.422397 9.621006 12.279768 14.547858 13.989239 12.261783 10.747272 9.294287 6.770418 8.055050 8.817060 8.755482 8.222754 7.085530 5.974554,
 0.108056 0.480343 0.959421 1.361686 1.414034 1.036281 0.422594 0.350874 0.772549 1.315301 1.710901 1.644146 1.114805 0.426017 1.281146 2.126132 3.045910 3.496626 3.049061 1.947784 0.831019 1.537562 2.879210 4.303255 4.950274 4.303255 2.879210 1.537562 0.831019 1.947784 3.049061 3.496626 3.045910 2.126132 1.281146 0.426017 1.114805 1.644146 1.710901 1.315301 0.772549 0.350874 0.422594 1.036281 1.414034 1.361686 0.959421 0.480343 0.108056,
 -0.549760 0.379267 1.115457 1.084360 0.146578 -1.041273 -1.658669 5.726849 7.084884 8.132181 7.970971 6.487573 4.571446 3.416126 11.286554 13.571967 15.867547 16.180548 14.071776 11.215360 9.233400 12.688944 15.268294 18.613945 20.341587 18.613945 15.268294 12.688944 9.233400 11.215360 14.071776 16.180548 15.867547 13.571967 11.286554 3.416126 4.571446 6.487573 7.970971 8.132181 7.084884 5.726849 -1.658669 -1.041273 0.146578 1.084360 1.115457 0.379267 -0.549760,
 -0.505221 -2.034255 -4.138822 -5.715958 -6.961450 -7.312358 -6.352421 7.336076 11.180008 13.469546 13.163387 9.944812 6.029465 2.671233 13.769126 23.122578 31.937222 35.134666 29.155869 19.362709 10.550580 14.908130 26.537308 39.102951 45.665222 39.102951 26.537308 14.908130 10.550580 19.362709 29.155869 35.134666 31.937222 23.122578 13.769126 2.671233 6.029465 9.944812 13.163387 13.469546 11.180008 7.336076 -6.352421 -7.312358 -6.961450 -5.715958 -4.138822 -2.034255 -0.505221,
 -2.081573 -1.220249 0.211197 1.691946 2.314285 1.917441 1.130705 -1.804463 0.036396 2.692828 5.334461 6.365754 5.371964 3.442487 0.180692 3.172600 7.265158 10.607328 10.625906 7.667949 4.181606 2.734979 6.616550 11.142818 13.381667 11.142818 6.616550 2.734979 4.181606 7.667949 10.625906 10.607328 7.265158 3.172600 0.180692 3.442487 5.371964 6.365754 5.334461 2.692828 0.036396 -1.804463 1.130705 1.917441 2.314285 1.691946 0.211197 -1.220249 -2.081573,

Pairwise cross-correlations of the modulus of all oriented sub-bands at the same scale (size QxQ)
 9.747923 7.238735 4.901895 5.694057,
 7.238735 124.145950 234.961334 62.096096,
 4.901895 234.961334 586.143433 182.302567,
 5.694057 62.096096 182.302567 82.381271,
 9.524779 6.262493 5.624284 5.114129,
 6.262493 64.978600 112.786774 27.748577,
 5.624284 112.786774 275.112762 78.603058,
 5.114129 27.748577 78.603058 36.749134,
 8.946297 6.964069 7.421123 5.127059,
 6.964069 42.082520 66.553589 16.602222,
 7.421123 66.553589 152.911560 46.810043,
 5.127059 16.602222 46.810043 26.384684,
 4.950274 5.156235 0.072011 5.569067,
 5.156235 20.341587 15.930102 7.652413,
 0.072011 15.930102 45.665226 9.563782,
 5.569067 7.652413 9.563782 13.381667,

Cross-correlations of the modulus of all oriented sub-bands with all oriented sub-bands at the coarser scale (size QxQ)
 7.418733 5.476714 2.042082 4.006079,
 9.276864 23.395763 27.024067 8.989829,
 12.643218 31.418049 50.874950 17.593670,
 6.790493 10.306093 16.806601 9.060513,
 6.834833 6.743494 9.954508 6.797424,
 5.435141 21.533438 34.356461 8.475752,
 8.160316 36.111462 53.450012 6.660114,
 4.982077 13.195356 16.789438 5.625942,
 5.382173 5.539822 -0.823515 6.294618,
 4.993431 7.838131 6.722842 5.633331,
 5.974344 12.971933 23.502548 11.778228,
 2.979374 5.615169 8.934278 7.310672,

Cross-correlations of the real part of each oriented sub-band with both the real and imaginary part of all phase-doubled oriented sub-bands at the next coarser scale (Q matrices of size 1x2Q, which are computed and stored in a matrix of size Qx2Q)
 -1.022926 -0.801184 -0.597683 -0.801631 1.716145 0.362920 0.013206 -0.224597,
 -0.633919 -22.084082 -31.805180 -8.949479 0.636809 2.275131 6.240891 2.079153,
 -0.259246 -39.966045 -73.323509 -29.056341 0.015292 4.179883 15.145355 5.284221,
 -0.472946 -9.798557 -24.125294 -13.708483 0.644493 1.228071 4.445911 1.197082,
 -0.943573 -0.332778 -0.217469 -0.893357 0.953001 0.297523 -0.136110 -0.095284,
 -0.500541 2.263424 6.989148 3.547381 0.480256 -3.369507 -11.286285 -3.385792,
 -0.180501 4.044210 16.591848 4.313779 -0.068835 -8.381053 -27.222769 -7.728755,
 -0.480614 0.800012 3.532041 -2.874160 0.080951 -2.285055 -8.669121 -2.487475,
 -0.599279 -0.429558 -0.101933 -0.762809 1.420117 0.823311 0.447253 -0.109480,
 -0.106801 4.911198 16.791887 4.288751 0.700832 9.524702 16.708427 2.168182,
 0.046283 10.514448 38.783928 10.137840 0.103165 15.251829 26.794611 2.855668,
 -0.354177 2.493048 11.531974 2.424665 0.599375 3.065878 3.733444 0.000863,
