Low-band skewness and kurtosis
 -0.702666 2.421164,
 -0.709917 2.706382,
 -0.727954 2.790003,
 -0.563299 2.401063,
 -0.291722 1.822111,

High-band variance
 846.377258,

Skewness, kurtosis, variance, mean, maximum and minimum of the reconstructed texture
 -0.763166 2.125426 5944.990723 190.645386 255.000000 1.000000,

Auto-correlations of the low-frequency bands at each scale
 1948.278442 1843.529053 1771.252075 1729.256958 1704.616333 1690.711182 1687.154175 2236.909668 1989.537476 1776.310791 1656.445801 1655.375977 1763.629028 1937.026367 3336.900879 3425.331055 3470.149170 3452.749023 3372.456299 3275.813965 3199.703613 4083.469727 4470.730957 4787.319336 4915.194824 4787.319336 4470.730957 4083.469727 3199.703613 3275.813965 3372.456299 3452.749023 3470.149170 3425.331055 3336.900879 1937.026367 1763.629028 1655.375977 1656.445801 1776.310791 1989.537476 2236.909668 1687.154175 1690.711182 1704.616333 1729.256958 1771.252075 1843.529053 1948.278442,
 1534.810547 1490.679565 1472.113403 1470.600098 1474.309448 1475.457642 1470.833740 1968.581055 1825.388550 1697.319458 1614.054077 1589.611450 1625.792114 1699.309082 2719.048584 2753.308105 2749.067871 2690.596191 2580.639160 2469.666992 2393.652588 3032.220459 3269.495605 3473.489014 3559.240723 3473.489014 3269.495605 3032.220459 2393.652588 2469.666992 2580.639160 2690.596191 2749.067871 2753.308105 2719.048584 1699.309082 1625.792114 1589.611450 1614.054077 1697.319458 1825.388550 1968.581055 1470.833740 1475.457642 1474.309448 1470.600098 1472.113403 1490.679565 1534.810547,
 1154.756714 1100.889160 1060.156738 1037.134277 1032.334717 1044.111084 1064.042114 1465.471191 1358.393066 1256.660767 1179.338989 1143.222046 1160.966064 1218.996826 2151.455322 2181.172852 2182.065674 2133.701172 2038.221558 1940.765137 1872.145020 2434.046875 2612.062988 2766.313477 2831.626465 2766.313477 2612.062988 2434.046875 1872.145020 1940.765137 2038.221558 2133.701172 2182.065674 2181.172852 2151.455322 1218.996826 1160.966064 1143.222046 1179.338989 1256.660767 1358.393066 1465.471191 1064.042114 1044.111084 1032.334717 1037.134277 1060.156738 1100.889160 1154.756714,
 577.474670 565.176392 570.753296 581.137878 584.687866 581.802734 577.253967 1196.752197 1120.068726 1053.270630 1014.410950 1007.591431 1028.559692 1058.447021 1716.978149 1729.345703 1717.058105 1670.135376 1596.081299 1534.169189 1506.239380 1871.671997 1982.162109 2091.380615 2140.416992 2091.380615 1982.162109 1871.671997 1506.239380 1534.169189 1596.081299 1670.135376 1717.058105 1729.345703 1716.978149 1058.447021 1028.559692 1007.591431 1014.410950 1053.270630 1120.068726 1196.752197 577.253967 581.802734 584.687866 581.137878 570.753296 565.176392 577.474670,
 -1168.046875 -1181.831421 -1203.161621 -1213.695068 -1203.412354 -1185.601685 -1173.488037 -33.972214 -44.033379 -64.759125 -83.600098 -93.282364 -88.629036 -69.050903 1200.509766 1223.767212 1234.142212 1218.710693 1175.589478 1138.348999 1137.867432 1706.666504 1745.263428 1800.262085 1828.519409 1800.262085 1745.263428 1706.666504 1137.867432 1138.348999 1175.589478 1218.710693 1234.142212 1223.767212 1200.509766 -69.050903 -88.629036 -93.282364 -83.600098 -64.759125 -44.033379 -33.972214 -1173.488037 -1185.601685 -1203.412354 -1213.695068 -1203.161621 -1181.831421 -1168.046875,

Auto-correlations of the modulus of each oriented sub-band
 5.482574 6.827707 7.972227 8.419713 7.921546 6.693404 5.237715 6.078032 7.577568 8.836824 9.302540 8.759485 7.472214 5.953128 6.930000 8.950015 10.730373 11.593640 11.045361 9.294509 7.122051 7.490989 10.263100 13.010288 14.239817 13.010288 10.263100 7.490989 7.122051 9.294509 11.045361 11.593640 10.730373 8.950015 6.930000 5.953128 7.472214 8.759485 9.302540 8.836824 7.577568 6.078032 5.237715 6.693404 7.921546 8.419713 7.972227 6.827707 5.482574,
 50.203857 54.909775 60.701553 66.031013 69.227051 70.635986 71.310287 71.992752 80.315582 90.482475 97.749069 98.730110 96.363541 93.898544 95.503311 107.758621 122.907509 131.794678 127.680779 118.029404 110.053665 110.921745 123.468536 139.304688 147.904480 139.304688 123.468536 110.921745 110.053665 118.029404 127.680779 131.794678 122.907509 107.758621 95.503311 93.898544 96.363541 98.730110 97.749069 90.482475 80.315582 71.992752 71.310287 70.635986 69.227051 66.031013 60.701553 54.909775 50.203857,
 195.721161 213.828522 229.821838 236.213684 228.993835 214.362640 200.315613 267.618805 306.504852 344.310455 360.567688 342.795441 305.670135 270.417999 335.804169 400.696350 467.876648 498.447601 466.670349 399.716492 336.880646 364.983337 442.050232 524.479736 563.743958 524.479736 442.050232 364.983337 336.880646 399.716492 466.670349 498.447601 467.876648 400.696350 335.804169 270.417999 305.670135 342.795441 360.567688 344.310455 306.504852 267.618805 200.315613 214.362640 228.993835 236.213684 229.821838 213.828522 195.721161,
 87.588135 87.558105 85.911438 81.583755 74.345734 66.183456 59.282196 107.751892 113.381599 117.280708 115.584274 105.934990 92.360832 80.535187 121.571236 135.122665 148.445923 152.834167 141.652771 122.019066 104.473015 120.807610 139.743896 160.448395 170.572495 160.448395 139.743896 120.807610 104.473015 122.019066 141.652771 152.834167 148.445923 135.122665 121.571236 80.535187 92.360832 105.934990 115.584274 117.280708 113.381599 107.751892 59.282196 66.183456 74.345734 81.583755 85.911438 87.558105 87.588135,
 4.033149 4.987997 5.826959 6.130447 5.687337 4.705338 3.619258 4.760525 5.997335 7.014839 7.389172 6.952304 5.879934 4.568954 5.648949 7.462708 9.111791 9.865613 9.243785 7.540277 5.560392 6.214334 8.670054 11.073181 12.148031 11.073181 8.670054 6.214334 5.560392 7.540277 9.243785 9.865613 9.111791 7.462708 5.648949 4.568954 5.879934 6.952304 7.389172 7.014839 5.997335 4.760525 3.619258 4.705338 5.687337 6.130447 5.826959 4.987997 4.033149,
 12.224906 13.163941 13.434300 12.939214 12.764575 13.189921 13.416152 16.739935 21.353109 25.387413 26.241535 24.861664 23.476027 22.146868 24.515062 33.223740 42.346931 45.577576 41.365463 35.150986 29.887854 30.624149 39.705902 50.373352 55.897392 50.373352 39.705902 30.624149 29.887854 35.150986 41.365463 45.577576 42.346931 33.223740 24.515062 22.146868 23.476027 24.861664 26.241535 25.387413 21.353109 16.739935 13.416152 13.189921 12.764575 12.939214 13.434300 13.163941 12.224906,
 62.190075 66.301109 72.936325 78.566483 80.259186 78.671547 73.572533 78.441864 102.036720 129.638290 146.634369 143.427994 125.803734 104.092163 108.664116 156.204681 208.404785 236.163086 220.377533 176.364777 130.703156 132.860687 191.268829 252.897583 281.671753 252.897583 191.268829 132.860687 130.703156 176.364777 220.377533 236.163086 208.404785 156.204681 108.664116 104.092163 125.803734 143.427994 146.634369 129.638290 102.036720 78.441864 73.572533 78.671547 80.259186 78.566483 72.936325 66.301109 62.190075,
 45.831673 46.317051 45.977844 44.430721 41.269928 36.828648 32.113480 58.577583 63.451786 67.270500 68.475998 64.866859 56.670071 47.261986 70.678772 81.404663 91.803665 97.167244 91.847855 78.155121 63.657017 73.367554 88.662094 104.245941 111.626183 104.245941 88.662094 73.367554 63.657017 78.155121 91.847855 97.167244 91.803665 81.404663 70.678772 47.261986 56.670071 64.866859 68.475998 67.270500 63.451786 58.577583 32.113480 36.828648 41.269928 44.430721 45.977844 46.317051 45.831673,
 2.617240 3.260326 3.745923 3.870969 3.618771 3.107058 2.478313 2.793326 3.679105 4.498821 4.979348 4.864903 4.160232 3.164138 3.614491 5.103476 6.706510 7.651876 7.197047 5.648520 3.939817 4.231959 6.296594 8.524585 9.591452 8.524585 6.296594 4.231959 3.939817 5.648520 7.197047 7.651876 6.706510 5.103476 3.614491 3.164138 4.160232 4.864903 4.979348 4.498821 3.679105 2.793326 2.478313 3.107058 3.618771 3.870969 3.745923 3.260326 2.617240,
 6.038286 7.694417 9.506346 11.198007 12.729805 13.369470 12.685593 8.268493 12.727832 17.273018 19.819515 20.134609 18.859930 15.924241 12.742061 19.954964 27.709223 31.447868 29.185057 24.183357 18.419518 17.259933 24.986868 33.312893 37.587029 33.312893 24.986868 17.259933 18.419518 24.183357 29.185057 31.447868 27.709223 19.954964 12.742061 15.924241 18.859930 20.134609 19.819515 17.273018 12.727832 8.268493 12.685593 13.369470 12.729805 11.198007 9.506346 7.694417 6.038286,
 63.807053 63.394535 63.963596 66.816925 71.675072 76.492340 78.856384 79.301178 99.397179 117.564003 127.120178 125.936028 116.874611 103.685501 100.514923 141.901642 180.311752 197.911926 186.260513 154.956421 119.436676 117.454514 166.032944 211.962753 232.119354 211.962753 166.032944 117.454514 119.436676 154.956421 186.260513 197.911926 180.311752 141.901642 100.514923 103.685501 116.874611 125.936028 127.120178 117.564003 99.397179 79.301178 78.856384 76.492340 71.675072 66.816925 63.963596 63.394535 63.807053,
 30.948952 33.056545 33.706707 32.453030 29.160789 24.880230 21.403412 39.493057 44.911503 49.087025 49.467445 44.603497 36.893253 30.180830 46.487972 56.720535 66.995712 71.001381 64.283524 51.562828 40.324329 47.260345 60.407417 75.015045 82.065994 75.015045 60.407417 47.260345 40.324329 51.562828 64.283524 71.001381 66.995712 56.720535 46.487972 30.180830 36.893253 44.603497 49.467445 49.087025 44.911503 39.493057 21.403412 24.880230 29.160789 32.453030 33.706707 33.056545 30.948952,
 0.500447 1.917680 3.257516 3.927230 3.568903 2.411675 1.028183 0.621663 1.812062 2.943073 3.495408 3.154143 2.122489 0.897765 0.925354 2.390926 3.777738 4.429153 3.938491 2.634912 1.190503 1.551582 3.555101 5.481203 6.339038 5.481203 3.555101 1.551582 1.190503 2.634912 3.938491 4.429153 3.777738 2.390926 0.925354 0.897765 2.122489 3.154143 3.495408 2.943073 1.812062 0.621663 1.028183 2.411675 3.568903 3.927230 3.257516 1.917680 0.500447,
 4.666079 2.326453 -1.467650 -4.204992 -4.584753 -3.399448 -2.139582 8.352493 9.452237 7.638077 3.588678 0.048292 -1.294433 -0.946854 7.848955 12.522694 15.732032 14.079762 8.590146 3.675188 1.408732 4.748038 9.608367 16.040068 19.453083 16.040068 9.608367 4.748038 1.408732 3.675188 8.590146 14.079762 15.732032 12.522694 7.848955 -0.946854 -1.294433 0.048292 3.588678 7.638077 9.452237 8.352493 -2.139582 -3.399448 -4.584753 -4.204992 -1.467650 2.326453 4.666079,
 5.431968 6.901442 14.960210 23.702557 21.162819 5.120249 -13.728515 28.955015 40.303799 58.424332 71.869370 65.060974 41.292278 17.378439 52.034122 76.292152 107.471214 126.095856 113.250938 79.920387 49.627728 62.919296 95.015350 133.223801 152.134247 133.223801 95.015350 62.919296 49.627728 79.920387 113.250938 126.095856 107.471214 76.292152 52.034122 17.378439 41.292278 65.060974 71.869370 58.424332 40.303799 28.955015 -13.728515 5.120249 21.162819 23.702557 14.960210 6.901442 5.431968,
 8.721262 9.968087 10.506428 10.195133 8.216373 4.489563 0.889294 19.193392 22.577763 25.063837 26.265375 24.441370 19.325504 13.682409 28.348976 34.821537 41.576546 45.830059 43.296921 34.926495 26.011600 31.526529 40.952930 51.012833 55.826385 51.012833 40.952930 31.526529 26.011600 34.926495 43.296921 45.830059 41.576546 34.821537 28.348976 13.682409 19.325504 24.441370 26.265375 25.063837 22.577763 19.193392 0.889294 4.489563 8.216373 10.195133 10.506428 9.968087 8.721262,

Pairwise cross-correlations of the modulus of all oriented sub-bands at the same scale (size QxQ)
 14.239815 12.218346 13.614871 18.321449,
 12.218346 147.904510 213.289825 46.010693,
 13.614871 213.289825 563.743958 214.680634,
 18.321449 46.010693 214.680634 170.572525,
 12.148032 7.544481 11.199005 13.491305,
 7.544481 55.897392 84.129280 24.541935,
 11.199005 84.129280 281.671783 131.426453,
 13.491305 24.541935 131.426453 111.626205,
 9.591454 4.277195 3.930739 9.263220,
 4.277195 37.587029 65.735474 15.396207,
 3.930739 65.735474 232.119370 96.245338,
 9.263220 15.396207 96.245338 82.066010,
 6.339038 2.817895 2.319047 3.557323,
 2.817895 19.453083 31.286411 14.663919,
 2.319047 31.286411 152.134277 79.387474,
 3.557323 14.663919 79.387474 55.826385,

Cross-correlations of the modulus of all oriented sub-bands with all oriented sub-bands at the coarser scale (size QxQ)
 9.388167 6.597312 5.935430 11.527487,
 10.617159 34.974632 38.883202 12.238091,
 17.807688 48.248817 99.739044 53.235668,
 16.545122 12.680809 47.619072 56.756794,
 7.346324 4.124810 6.119273 10.246624,
 5.823809 11.760965 20.280476 10.351752,
 11.782650 29.648962 88.275406 52.579098,
 10.265467 13.941213 53.562782 44.985046,
 5.649055 5.278570 8.736451 8.097034,
 3.621404 9.801734 20.963760 9.892636,
 2.611743 18.305443 63.740761 38.843109,
 5.479231 9.364719 39.136360 28.681910,

Cross-correlations of the real part of each oriented sub-band with both the real and imaginary part of all phase-doubled oriented sub-bands at the next coarser scale (Q matrices of size 1x2Q, which are computed and stored in a matrix of size Qx2Q)
 -1.351564 -1.260996 -1.338817 -1.964366 0.168974 0.261691 0.100815 0.024749,
 -0.951247 -28.768343 -31.477921 -5.702354 0.069131 2.619614 -3.376791 -0.326843,
 -1.618227 -44.715488 -66.471092 -34.353241 -0.006771 1.954822 -6.848593 1.119355,
 -1.986301 -8.736352 -24.052792 -28.085745 -0.027611 -0.278298 -0.979846 1.648979,
 -0.810065 -0.237163 -0.902103 -2.760893 -0.447886 0.332454 0.809774 0.335077,
 -0.381325 -1.244156 -1.544474 -4.461259 0.084490 5.525414 -9.560088 -5.075213,
 -1.187942 -2.557834 -11.704853 -20.606888 0.268647 1.205467 -40.536293 -15.844180,
 -1.854865 -0.763792 -10.529013 -17.752491 -0.203786 -2.492667 -16.367733 -4.284503,
 -0.853583 0.020027 -0.126184 -1.674246 0.224460 0.639185 0.248508 0.058128,
 -0.483718 8.734991 9.867159 1.191841 0.348155 1.564383 8.473807 2.421920,
 -0.293840 12.023102 25.608862 -2.750302 0.309214 -0.131375 26.508875 8.658758,
 -0.454840 1.460427 9.658980 -8.375724 0.134776 0.191046 11.636568 4.357787,
