Low-band skewness and kurtosis
 -0.596699 2.219466,
 -0.575660 2.328068,
 -0.452765 2.075072,
 -0.423295 1.786312,
 -0.404199 1.721308,

High-band variance
 939.410522,

Skewness, kurtosis, variance, mean, maximum and minimum of the reconstructed texture
 -0.706278 2.007438 5759.031250 191.000732 255.000000 6.000000,

Auto-correlations of the low-frequency bands at each scale
 1318.062378 1294.684570 1272.813721 1251.464722 1227.645264 1204.490234 1183.473267 1012.378113 1007.397400 1012.156982 1025.230835 1042.521240 1068.019165 1103.137573 2738.262939 2802.010010 2869.039551 2931.165771 2979.776855 3022.977295 3068.311279 4504.726562 4548.732910 4585.166992 4601.095215 4585.166992 4548.732910 4504.726562 3068.311279 3022.977295 2979.776855 2931.165771 2869.039551 2802.010010 2738.262939 1103.137573 1068.019165 1042.521240 1025.230835 1012.156982 1007.397400 1012.378113 1183.473267 1204.490234 1227.645264 1251.464722 1272.813721 1294.684570 1318.062378,
 1726.062622 1718.296875 1711.609009 1707.854614 1706.585327 1707.134033 1707.823853 1248.788330 1243.417480 1242.430420 1247.477173 1257.189697 1271.603271 1289.271973 2033.271484 2067.631592 2103.589600 2134.077881 2152.624268 2165.137451 2178.547363 3059.066406 3092.512695 3122.553223 3135.872070 3122.553223 3092.512695 3059.066406 2178.547363 2165.137451 2152.624268 2134.077881 2103.589600 2067.631592 2033.271484 1289.271973 1271.603271 1257.189697 1247.477173 1242.430420 1243.417480 1248.788330 1707.823853 1707.134033 1706.585327 1707.854614 1711.609009 1718.296875 1726.062622,
 1328.069214 1320.989868 1310.834106 1300.202759 1290.181519 1281.231079 1274.429321 1443.475952 1433.515991 1426.808838 1424.173096 1424.228516 1427.917603 1435.955933 1847.642090 1866.758667 1891.043701 1912.126587 1922.357178 1926.473755 1930.984619 2222.976074 2249.072021 2274.715820 2286.504639 2274.715820 2249.072021 2222.976074 1930.984619 1926.473755 1922.357178 1912.126587 1891.043701 1866.758667 1847.642090 1435.955933 1427.917603 1424.228516 1424.173096 1426.808838 1433.515991 1443.475952 1274.429321 1281.231079 1290.181519 1300.202759 1310.834106 1320.989868 1328.069214,
 610.419800 607.371399 602.009583 597.448242 595.718933 595.264465 594.154175 1090.368652 1085.928467 1079.722290 1075.028198 1074.743042 1078.843262 1084.366943 1625.891235 1636.270996 1647.492554 1653.009277 1649.592407 1643.040527 1638.836304 1935.425659 1953.586426 1973.934814 1983.615234 1973.934814 1953.586426 1935.425659 1638.836304 1643.040527 1649.592407 1653.009277 1647.492554 1636.270996 1625.891235 1084.366943 1078.843262 1074.743042 1075.028198 1079.722290 1085.928467 1090.368652 594.154175 595.264465 595.718933 597.448242 602.009583 607.371399 610.419800,
 -1214.181396 -1209.205566 -1208.404663 -1211.384521 -1212.485962 -1211.884766 -1213.808594 -59.550236 -55.703072 -52.424767 -54.758617 -58.957191 -59.270119 -57.941509 1207.872314 1209.050049 1217.301025 1220.172119 1213.026611 1207.949463 1210.680664 1781.780029 1780.893555 1791.219604 1798.866699 1791.219604 1780.893555 1781.780029 1210.680664 1207.949463 1213.026611 1220.172119 1217.301025 1209.050049 1207.872314 -57.941509 -59.270119 -58.957191 -54.758617 -52.424767 -55.703072 -59.550236 -1213.808594 -1211.884766 -1212.485962 -1211.384521 -1208.404663 -1209.205566 -1214.181396,

Auto-correlations of the modulus of each oriented sub-band
 2.386335 3.381669 4.219927 4.554061 4.219407 3.381629 2.387220 2.539943 3.608484 4.508015 4.862307 4.494337 3.590157 2.526504 2.782018 4.012037 5.064449 5.484640 5.052567 3.996025 2.770373 2.927541 4.268434 5.432518 5.906243 5.432518 4.268434 2.927541 2.770373 3.996025 5.052567 5.484640 5.064449 4.012037 2.782018 2.526504 3.590157 4.494337 4.862307 4.508015 3.608484 2.539943 2.387220 3.381629 4.219407 4.554061 4.219927 3.381669 2.386335,
 27.874598 28.670261 29.130693 29.296240 29.269205 28.999054 28.562170 50.197086 51.870640 52.994473 53.168049 52.825619 52.313465 51.563885 76.273491 78.811165 81.007072 81.577530 80.543770 79.111961 77.611855 89.137070 91.592323 94.058502 95.287773 94.058502 91.592323 89.137070 77.611855 79.111961 80.543770 81.577530 81.007072 78.811165 76.273491 51.563885 52.313465 52.825619 53.168049 52.994473 51.870640 50.197086 28.562170 28.999054 29.269205 29.296240 29.130693 28.670261 27.874598,
 179.672409 182.773453 185.223190 186.118774 184.690994 181.787308 178.698563 333.124786 340.465515 345.627167 347.111755 343.968170 337.627014 330.049469 515.384277 529.323120 539.197510 542.514038 537.756104 526.973145 512.970215 600.972778 618.634155 631.633057 636.713135 631.633057 618.634155 600.972778 512.970215 526.973145 537.756104 542.514038 539.197510 529.323120 515.384277 330.049469 337.627014 343.968170 347.111755 345.627167 340.465515 333.124786 178.698563 181.787308 184.690994 186.118774 185.223190 182.773453 179.672409,
 20.433750 21.193851 21.696457 21.689892 21.284096 20.671207 19.833355 37.804527 39.295860 40.405300 40.885162 40.475712 38.947166 36.855492 58.607662 61.391407 63.777126 65.167908 64.308395 61.353230 57.867451 68.175156 72.009644 75.521637 77.182457 75.521637 72.009644 68.175156 57.867451 61.353230 64.308395 65.167908 63.777126 61.391407 58.607662 36.855492 38.947166 40.475712 40.885162 40.405300 39.295860 37.804527 19.833355 20.671207 21.284096 21.689892 21.696457 21.193851 20.433750,
 1.237451 1.891217 2.446647 2.663417 2.432574 1.873795 1.230176 1.315425 2.007000 2.591988 2.817311 2.568101 1.973722 1.292816 1.539878 2.379661 3.105338 3.395283 3.096002 2.368732 1.538847 1.721711 2.673986 3.511312 3.853461 3.511312 2.673986 1.721711 1.538847 2.368732 3.096002 3.395283 3.105338 2.379661 1.539878 1.292816 1.973722 2.568101 2.817311 2.591988 2.007000 1.315425 1.230176 1.873795 2.432574 2.663417 2.446647 1.891217 1.237451,
 21.901638 22.042406 21.719217 20.960999 20.020712 19.039362 18.075539 31.558210 32.984402 33.640858 33.015240 31.689814 30.387394 29.248041 43.455841 46.073265 48.236710 48.382149 46.574165 44.345680 42.485657 48.946472 51.672951 54.612610 56.057835 54.612610 51.672951 48.946472 42.485657 44.345680 46.574165 48.382149 48.236710 46.073265 43.455841 29.248041 30.387394 31.689814 33.015240 33.640858 32.984402 31.558210 18.075539 19.039362 20.020712 20.960999 21.719217 22.042406 21.901638,
 160.477371 160.697372 160.652435 159.690048 157.124298 153.194138 148.606827 227.365204 232.691116 236.927444 238.733704 237.038132 232.404892 226.125763 308.527039 318.850098 326.994354 330.710327 328.368805 321.234741 311.515320 349.132324 361.351044 370.710693 374.456482 370.710693 361.351044 349.132324 311.515320 321.234741 328.368805 330.710327 326.994354 318.850098 308.527039 226.125763 232.404892 237.038132 238.733704 236.927444 232.691116 227.365204 148.606827 153.194138 157.124298 159.690048 160.652435 160.697372 160.477371,
 20.976400 21.358988 21.895332 22.543102 22.993587 22.846117 22.138521 28.032167 29.084898 30.443624 31.756506 32.227695 31.326113 29.807253 36.286499 38.233677 40.674904 42.638702 42.436440 40.197720 37.754402 40.687733 43.362434 46.437920 48.025620 46.437920 43.362434 40.687733 37.754402 40.197720 42.436440 42.638702 40.674904 38.233677 36.286499 29.807253 31.326113 32.227695 31.756506 30.443624 29.084898 28.032167 22.138521 22.846117 22.993587 22.543102 21.895332 21.358988 20.976400,
 0.657364 1.054128 1.400839 1.552018 1.440918 1.134071 0.779999 0.760862 1.212018 1.632876 1.853646 1.782264 1.474072 1.077976 1.156390 1.779488 2.342148 2.602708 2.443521 1.968231 1.394402 1.501697 2.229964 2.872007 3.135724 2.872007 2.229964 1.501697 1.394402 1.968231 2.443521 2.602708 2.342148 1.779488 1.156390 1.077976 1.474072 1.782264 1.853646 1.632876 1.212018 0.760862 0.779999 1.134071 1.440918 1.552018 1.400839 1.054128 0.657364,
 2.994111 3.148465 3.123955 3.152749 3.386655 3.701697 3.906688 5.910449 6.583313 6.749682 6.326717 5.845984 5.739738 5.861751 9.036365 10.561305 11.738437 11.575502 10.268447 9.032344 8.386523 10.016346 11.626493 13.587566 14.581003 13.587566 11.626493 10.016346 8.386523 9.032344 10.268447 11.575502 11.738437 10.561305 9.036365 5.861751 5.739738 5.845984 6.326717 6.749682 6.583313 5.910449 3.906688 3.701697 3.386655 3.152749 3.123955 3.148465 2.994111,
 7.957665 10.267887 13.908327 17.225437 17.883783 17.016743 16.146843 22.594345 26.306496 31.070515 34.763794 34.651569 32.332165 29.918831 44.713455 50.605469 56.930580 60.888344 59.308372 54.569595 49.544083 58.062923 64.848663 71.489044 74.753616 71.489044 64.848663 58.062923 49.544083 54.569595 59.308372 60.888344 56.930580 50.605469 44.713455 29.918831 32.332165 34.651569 34.763794 31.070515 26.306496 22.594345 16.146843 17.016743 17.883783 17.225437 13.908327 10.267887 7.957665,
 1.139685 1.411218 2.003653 2.484908 2.489882 2.167778 1.825651 2.628216 3.017350 3.975124 5.024380 5.255187 4.475425 3.491479 4.855457 5.698699 7.585520 9.345412 9.115511 7.189238 5.513814 6.267798 7.834336 10.426380 11.867539 10.426380 7.834336 6.267798 5.513814 7.189238 9.115511 9.345412 7.585520 5.698699 4.855457 3.491479 4.475425 5.255187 5.024380 3.975124 3.017350 2.628216 1.825651 2.167778 2.489882 2.484908 2.003653 1.411218 1.139685,
 0.170831 0.382479 0.660801 0.813052 0.710789 0.441787 0.204527 0.185733 0.326448 0.544797 0.669927 0.590874 0.392136 0.231288 0.268115 0.475059 0.775714 0.936228 0.776728 0.459132 0.239390 0.394419 0.724863 1.184085 1.425991 1.184085 0.724863 0.394419 0.239390 0.459132 0.776728 0.936228 0.775714 0.475059 0.268115 0.231288 0.392136 0.590874 0.669927 0.544797 0.326448 0.185733 0.204527 0.441787 0.710789 0.813052 0.660801 0.382479 0.170831,
 0.063793 0.638631 0.538337 -0.560023 -1.974729 -2.864813 -3.335885 2.714046 4.149432 5.272611 4.715125 2.812729 1.060624 -0.061340 5.146500 7.223388 9.593766 10.115154 7.943803 5.341759 3.520366 5.628790 7.858665 10.837666 12.575150 10.837666 7.858665 5.628790 3.520366 5.341759 7.943803 10.115154 9.593766 7.223388 5.146500 -0.061340 1.060624 2.812729 4.715125 5.272611 4.149432 2.714046 -3.335885 -2.864813 -1.974729 -0.560023 0.538337 0.638631 0.063793,
 -15.250484 -14.579906 -14.607866 -15.760250 -17.893431 -20.301937 -22.224827 8.518369 11.544963 13.826427 14.158892 12.074768 8.425014 4.689778 32.739101 37.958755 42.368851 43.940830 41.658905 36.649231 31.110470 42.637157 48.900318 54.394096 56.649162 54.394096 48.900318 42.637157 31.110470 36.649231 41.658905 43.940830 42.368851 37.958755 32.739101 4.689778 8.425014 12.074768 14.158892 13.826427 11.544963 8.518369 -22.224827 -20.301937 -17.893431 -15.760250 -14.607866 -14.579906 -15.250484,
 -1.058968 -0.802013 -0.317191 0.219951 0.195078 -0.574789 -1.407137 0.505383 1.315813 2.745499 4.137075 4.089126 2.576524 1.097854 2.399560 3.818816 6.317725 8.368693 7.702790 5.116265 3.107496 3.535836 5.496069 8.621138 10.410215 8.621138 5.496069 3.535836 3.107496 5.116265 7.702790 8.368693 6.317725 3.818816 2.399560 1.097854 2.576524 4.089126 4.137075 2.745499 1.315813 0.505383 -1.407137 -0.574789 0.195078 0.219951 -0.317191 -0.802013 -1.058968,

Pairwise cross-correlations of the modulus of all oriented sub-bands at the same scale (size QxQ)
 5.906243 2.372109 -0.956585 2.143765,
 2.372109 95.287758 237.045410 77.375542,
 -0.956585 237.045410 636.713135 211.599640,
 2.143765 77.375542 211.599640 77.182472,
 3.853461 2.566619 -0.632825 1.380625,
 2.566619 56.057842 136.552094 46.378708,
 -0.632825 136.552094 374.456512 126.621094,
 1.380625 46.378708 126.621094 48.025620,
 3.135725 2.624545 1.774456 2.801423,
 2.624545 14.581003 28.117249 9.238073,
 1.774456 28.117249 74.753616 21.846230,
 2.801423 9.238073 21.846230 11.867538,
 1.425991 0.692520 0.894863 1.632371,
 0.692520 12.575151 23.401146 6.836242,
 0.894863 23.401146 56.649158 18.209999,
 1.632371 6.836242 18.209999 10.410215,

Cross-correlations of the modulus of all oriented sub-bands with all oriented sub-bands at the coarser scale (size QxQ)
 4.127039 2.522635 -2.565317 1.162312,
 2.372870 18.470518 44.896183 16.705648,
 1.639959 49.195969 135.341385 48.573933,
 1.940936 18.539181 48.243408 18.685820,
 2.515640 1.360173 -2.172142 1.987197,
 2.643909 1.437341 -1.747816 1.398180,
 2.672868 1.419774 -0.119062 -0.678720,
 1.880341 0.782989 -1.328183 1.058005,
 1.618608 1.442834 2.304060 2.453718,
 1.383872 3.088590 5.085337 2.061249,
 0.794202 5.147417 9.406731 0.655454,
 1.417727 1.455722 3.728424 2.940245,

Cross-correlations of the real part of each oriented sub-band with both the real and imaginary part of all phase-doubled oriented sub-bands at the next coarser scale (Q matrices of size 1x2Q, which are computed and stored in a matrix of size Qx2Q)
 -0.848863 -0.135867 -0.082430 -0.174722 0.651314 0.053318 -0.047410 -0.135491,
 -0.391444 -6.599998 -18.306583 -7.027777 0.315390 1.877135 4.603800 1.007883,
 -0.046272 -14.186685 -45.953564 -19.603561 0.033254 5.520448 14.224012 2.493575,
 -0.375660 -4.015871 -15.100794 -7.316047 0.264613 1.993222 5.123223 0.459295,
 -0.237370 -0.205853 -0.022361 -0.166158 0.064408 0.117902 0.031925 -0.056081,
 -0.146456 -1.642394 3.954173 1.216642 0.020437 10.383094 31.460403 10.200747,
 0.043286 -0.842604 11.380197 3.152421 0.087587 28.059790 86.715744 28.469137,
 -0.070473 0.390704 3.928087 0.696457 0.091965 9.601444 30.195347 9.797897,
 -0.238816 -0.010335 0.124794 -0.103387 -0.240058 0.083113 0.132562 0.036424,
 -0.162265 4.015866 3.736255 -0.306556 -0.275318 8.789291 19.759872 5.566268,
 0.057010 6.190965 6.031720 0.364888 -0.089881 18.696524 51.280468 15.286406,
 -0.065361 0.859673 1.488956 0.697971 -0.003203 5.259877 17.596344 5.709566,
