Low-band skewness and kurtosis
 -0.675059 2.230946,
 -0.587472 2.235913,
 -0.535948 2.147717,
 -0.396045 1.813078,
 -0.444384 1.826888,

High-band variance
 889.148682,

Skewness, kurtosis, variance, mean, maximum and minimum of the reconstructed texture
 -0.772942 2.090816 6199.461426 190.653015 255.000000 1.000000,

Auto-correlations of the low-frequency bands at each scale
 2360.033936 2233.320557 2173.212891 2179.750732 2234.956543 2326.333252 2445.107666 2809.274902 2558.110352 2321.205322 2210.688965 2277.606689 2496.854492 2775.085449 3506.661621 3687.314209 3806.507568 3828.049561 3749.076416 3636.690674 3540.095215 3948.643555 4466.915039 4926.595703 5118.271484 4926.595703 4466.915039 3948.643555 3540.095215 3636.690674 3749.076416 3828.049561 3806.507568 3687.314209 3506.661621 2775.085449 2496.854492 2277.606689 2210.688965 2321.205322 2558.110352 2809.274902 2445.107666 2326.333252 2234.956543 2179.750732 2173.212891 2233.320557 2360.033936,
 2186.993896 2120.943359 2083.218994 2072.209961 2080.904541 2109.571289 2161.279053 2404.057617 2261.806885 2153.051758 2134.278320 2215.392578 2366.877686 2526.530273 2809.454590 2923.677002 3031.899170 3097.682617 3097.331299 3063.427490 3018.946777 3168.183594 3476.240967 3760.607422 3882.885986 3760.607422 3476.240967 3168.183594 3018.946777 3063.427490 3097.331299 3097.682617 3031.899170 2923.677002 2809.454590 2526.530273 2366.877686 2215.392578 2134.278320 2153.051758 2261.806885 2404.057617 2161.279053 2109.571289 2080.904541 2072.209961 2083.218994 2120.943359 2186.993896,
 1918.570190 1884.410522 1853.141602 1832.955566 1831.942871 1854.068481 1893.412720 2181.692871 2074.795166 1983.011108 1949.164673 1989.549438 2087.871826 2199.124023 2481.655273 2524.326904 2582.673828 2629.792480 2634.995117 2605.643799 2557.554199 2690.091797 2892.798340 3080.354980 3161.052979 3080.354980 2892.798340 2690.091797 2557.554199 2605.643799 2634.995117 2629.792480 2582.673828 2524.326904 2481.655273 2199.124023 2087.871826 1989.549438 1949.164673 1983.011108 2074.795166 2181.692871 1893.412720 1854.068481 1831.942871 1832.955566 1853.141602 1884.410522 1918.570190,
 813.348816 802.707703 792.654297 777.481567 758.155029 743.160706 737.700623 1649.135132 1624.934937 1594.804688 1579.141724 1586.358398 1607.307983 1621.321899 2240.014893 2261.011230 2286.669678 2302.896729 2294.310791 2267.012207 2232.093994 2452.899902 2533.497314 2621.727783 2662.453369 2621.727783 2533.497314 2452.899902 2232.093994 2267.012207 2294.310791 2302.896729 2286.669678 2261.011230 2240.014893 1621.321899 1607.307983 1586.358398 1579.141724 1594.804688 1624.934937 1649.135132 737.700623 743.160706 758.155029 777.481567 792.654297 802.707703 813.348816,
 -1578.930054 -1595.532715 -1631.716064 -1663.640869 -1666.684082 -1641.349365 -1608.906616 -97.690849 -94.875229 -114.746323 -146.813583 -168.890091 -166.098373 -144.468811 1608.437378 1644.854370 1672.478394 1668.890869 1632.201050 1591.491577 1573.119995 2367.803467 2420.630859 2485.283936 2516.010986 2485.283936 2420.630859 2367.803467 1573.119995 1591.491577 1632.201050 1668.890869 1672.478394 1644.854370 1608.437378 -144.468811 -166.098373 -168.890091 -146.813583 -114.746323 -94.875229 -97.690849 -1608.906616 -1641.349365 -1666.684082 -1663.640869 -1631.716064 -1595.532715 -1578.930054,

Auto-correlations of the modulus of each oriented sub-band
 7.697998 9.205000 10.508655 11.021910 10.458650 9.108004 7.548160 8.525484 10.340902 11.784328 12.281008 11.665189 10.180704 8.378752 9.773562 12.464914 14.770721 15.875301 15.149456 12.838400 10.010991 10.546463 14.252845 18.086454 19.868793 18.086454 14.252845 10.546463 10.010991 12.838400 15.149456 15.875301 14.770721 12.464914 9.773562 8.378752 10.180704 11.665189 12.281008 11.784328 10.340902 8.525484 7.548160 9.108004 10.458650 11.021910 10.508655 9.205000 7.697998,
 66.054451 73.788643 82.706009 91.207474 98.327652 104.571480 109.898293 89.355766 103.533119 118.774490 129.735687 134.016296 135.057785 134.856445 118.056641 137.919281 159.345383 171.652679 168.360855 158.134369 147.980072 141.272400 160.149063 180.846832 191.449982 180.846832 160.149063 141.272400 147.980072 158.134369 168.360855 171.652679 159.345383 137.919281 118.056641 134.856445 135.057785 134.016296 129.735687 118.774490 103.533119 89.355766 109.898293 104.571480 98.327652 91.207474 82.706009 73.788643 66.054451,
 239.965683 252.712540 268.048004 275.652405 269.329193 257.372620 250.048630 281.841675 314.828156 357.163239 380.460114 364.710663 329.272186 301.233826 325.649170 382.815247 456.898804 497.213379 464.842102 396.669006 342.384399 351.457336 419.269043 506.681274 552.385620 506.681274 419.269043 351.457336 342.384399 396.669006 464.842102 497.213379 456.898804 382.815247 325.649170 301.233826 329.272186 364.710663 380.460114 357.163239 314.828156 281.841675 250.048630 257.372620 269.329193 275.652405 268.048004 252.712540 239.965683,
 164.377472 161.300735 156.474548 150.097366 142.388885 135.464371 130.466309 186.811768 191.025726 192.518829 188.577240 176.502899 161.277557 149.209717 198.200729 213.748062 228.553650 233.083511 218.035645 193.488968 172.967239 192.429504 215.348419 241.334503 254.763046 241.334503 215.348419 192.429504 172.967239 193.488968 218.035645 233.083511 228.553650 213.748062 198.200729 149.209717 161.277557 176.502899 188.577240 192.518829 191.025726 186.811768 130.466309 135.464371 142.388885 150.097366 156.474548 161.300735 164.377472,
 5.149762 6.122554 7.021152 7.342385 6.851186 5.827556 4.793612 5.518313 6.756077 7.835165 8.207396 7.681203 6.568343 5.408458 6.366552 8.516232 10.671518 11.670600 10.872103 8.865645 6.735087 7.292765 10.340763 13.542397 15.022829 13.542397 10.340763 7.292765 6.735087 8.865645 10.872103 11.670600 10.671518 8.516232 6.366552 5.408458 6.568343 7.681203 8.207396 7.835165 6.756077 5.518313 4.793612 5.827556 6.851186 7.342385 7.021152 6.122554 5.149762,
 34.363571 38.477249 43.042530 47.252007 50.880657 54.062561 56.469322 47.097191 56.903915 66.378296 72.304558 74.191940 73.714676 71.641304 64.535400 80.196930 95.392220 102.688599 99.506706 90.991974 81.239212 78.520859 94.571793 110.459602 117.955307 110.459602 94.571793 78.520859 81.239212 90.991974 99.506706 102.688599 95.392220 80.196930 64.535400 71.641304 73.714676 74.191940 72.304558 66.378296 56.903915 47.097191 56.469322 54.062561 50.880657 47.252007 43.042530 38.477249 34.363571,
 100.277847 109.679520 117.027016 115.909340 107.078087 97.471527 91.028122 118.845123 145.245209 173.783203 182.180466 163.515533 135.933167 116.137070 139.687576 183.227676 235.707626 258.059937 228.565628 178.172226 140.422806 150.191116 199.065826 261.893311 294.527527 261.893311 199.065826 150.191116 140.422806 178.172226 228.565628 258.059937 235.707626 183.227676 139.687576 116.137070 135.933167 163.515533 182.180466 173.783203 145.245209 118.845123 91.028122 97.471527 107.078087 115.909340 117.027016 109.679520 100.277847,
 63.442249 64.634659 62.723194 58.285431 52.782284 46.895550 40.889889 75.372589 82.197311 85.073212 82.438774 73.909164 61.903976 50.806534 79.349434 93.639420 106.075119 109.699966 99.034225 79.964066 62.900780 74.046051 92.839401 113.112289 122.964096 113.112289 92.839401 74.046051 62.900780 79.964066 99.034225 109.699966 106.075119 93.639420 79.349434 50.806534 61.903976 73.909164 82.438774 85.073212 82.197311 75.372589 40.889889 46.895550 52.782284 58.285431 62.723194 64.634659 63.442249,
 2.304610 2.887385 3.417996 3.693342 3.516486 2.924813 2.155204 2.152248 2.896511 3.508620 3.828514 3.728463 3.191303 2.402162 2.394792 3.768874 5.130539 5.739539 5.189087 3.868396 2.490932 2.934434 4.965374 7.263256 8.377504 7.263256 4.965374 2.934434 2.490932 3.868396 5.189087 5.739539 5.130539 3.768874 2.394792 2.402162 3.191303 3.728463 3.828514 3.508620 2.896511 2.152248 2.155204 2.924813 3.516486 3.693342 3.417996 2.887385 2.304610,
 9.012129 12.014879 15.411453 17.368916 17.656921 17.118176 16.080866 20.489597 26.248386 32.647160 36.171230 35.624767 32.736820 28.616608 32.845638 42.311470 52.299400 57.243168 54.175095 46.737755 38.309177 40.071625 51.040344 62.040047 67.277374 62.040047 51.040344 40.071625 38.309177 46.737755 54.175095 57.243168 52.299400 42.311470 32.845638 28.616608 32.736820 35.624767 36.171230 32.647160 26.248386 20.489597 16.080866 17.118176 17.656921 17.368916 15.411453 12.014879 9.012129,
 37.346603 43.186737 51.259438 55.062111 48.385773 38.911873 34.047867 61.704659 74.304291 91.402580 98.819412 85.563469 65.510666 53.015007 82.564232 104.807266 135.467087 150.298950 130.302475 97.410416 75.093010 88.057304 115.291565 153.865997 175.220215 153.865997 115.291565 88.057304 75.093010 97.410416 130.302475 150.298950 135.467087 104.807266 82.564232 53.015007 65.510666 85.563469 98.819412 91.402580 74.304291 61.704659 34.047867 38.911873 48.385773 55.062111 51.259438 43.186737 37.346603,
 20.367775 23.914042 26.981964 28.305435 26.856953 23.408625 19.674789 29.602100 34.829285 39.568386 41.694649 39.094120 32.729645 25.964046 38.108692 45.869175 53.807133 57.884361 53.886562 44.146030 34.599522 40.162437 50.044765 60.725105 65.867645 60.725105 50.044765 40.162437 34.599522 44.146030 53.886562 57.884361 53.807133 45.869175 38.108692 25.964046 32.729645 39.094120 41.694649 39.568386 34.829285 29.602100 19.674789 23.408625 26.856953 28.305435 26.981964 23.914042 20.367775,
 0.026440 0.552216 1.125620 1.465746 1.371759 0.916674 0.409559 0.033152 0.710315 1.317409 1.560307 1.370888 0.924857 0.472070 0.146245 1.112804 2.025957 2.302783 1.794056 0.931497 0.211347 0.532217 1.778312 3.141737 3.773008 3.141737 1.778312 0.532217 0.211347 0.931497 1.794056 2.302783 2.025957 1.112804 0.146245 0.472070 0.924857 1.370888 1.560307 1.317409 0.710315 0.033152 0.409559 0.916674 1.371759 1.465746 1.125620 0.552216 0.026440,
 -1.489913 0.383569 2.655202 4.234866 4.009390 1.662449 -2.400473 1.895903 6.231952 10.882625 13.872187 13.609094 10.293624 5.038566 8.427820 15.725328 22.882645 26.727917 25.178692 19.544775 12.231600 13.518476 22.129829 30.129431 33.709602 30.129431 22.129829 13.518476 12.231600 19.544775 25.178692 26.727917 22.882645 15.725328 8.427820 5.038566 10.293624 13.609094 13.872187 10.882625 6.231952 1.895903 -2.400473 1.662449 4.009390 4.234866 2.655202 0.383569 -1.489913,
 -2.849252 -0.801621 6.970490 15.674923 12.147327 1.839705 -5.502244 1.091748 6.785999 19.620146 30.528217 21.986074 7.153791 -1.548266 4.702476 15.936977 35.962147 50.397785 35.893032 14.390171 2.327948 5.048058 19.083729 43.451427 60.414516 43.451427 19.083729 5.048058 2.327948 14.390171 35.893032 50.397785 35.962147 15.936977 4.702476 -1.548266 7.153791 21.986074 30.528217 19.620146 6.785999 1.091748 -5.502244 1.839705 12.147327 15.674923 6.970490 -0.801621 -2.849252,
 -1.829970 -1.790161 -1.483186 -0.615006 0.106279 -0.138695 -1.490803 0.617186 2.487077 4.532498 5.998158 5.295071 2.294667 -1.370922 2.290178 6.569553 11.503801 14.442587 12.154945 6.133663 0.422525 2.213343 8.185211 15.239394 18.857485 15.239394 8.185211 2.213343 0.422525 6.133663 12.154945 14.442587 11.503801 6.569553 2.290178 -1.370922 2.294667 5.295071 5.998158 4.532498 2.487077 0.617186 -1.490803 -0.138695 0.106279 -0.615006 -1.483186 -1.790161 -1.829970,

Pairwise cross-correlations of the modulus of all oriented sub-bands at the same scale (size QxQ)
 19.868795 22.725403 35.314098 30.972605,
 22.725403 191.450012 219.311783 35.868954,
 35.314098 219.311783 552.385437 254.817871,
 30.972605 35.868954 254.817871 254.763016,
 15.022829 12.681849 18.335550 19.383093,
 12.681849 117.955330 123.110062 12.109796,
 18.335550 123.110062 294.527527 116.449158,
 19.383093 12.109796 116.449158 122.964088,
 8.377504 7.221169 7.066661 10.555149,
 7.221169 67.277374 65.516243 10.301680,
 7.066661 65.516243 175.220245 66.327759,
 10.555149 10.301680 66.327759 65.867653,
 3.773008 4.154750 -0.312752 0.879854,
 4.154750 33.709602 28.572853 6.882438,
 -0.312752 28.572853 60.414520 16.685207,
 0.879854 6.882438 16.685207 18.857483,

Cross-correlations of the modulus of all oriented sub-bands with all oriented sub-bands at the coarser scale (size QxQ)
 12.023791 13.567252 15.661561 16.956976,
 15.942675 87.875916 83.301041 12.314295,
 28.264059 85.559776 163.387024 91.328651,
 21.430952 6.380115 77.850601 96.200760,
 7.389837 10.077993 11.397747 12.571588,
 8.351669 39.735699 26.651100 -0.790055,
 14.232177 40.054142 76.765350 37.896255,
 10.832250 9.067695 46.366283 48.895939,
 3.483001 5.136464 -1.072178 2.253742,
 1.713094 14.727153 10.751745 -2.125653,
 2.345732 16.750038 30.548918 5.272255,
 5.037008 9.015188 11.231289 12.056665,

Cross-correlations of the real part of each oriented sub-band with both the real and imaginary part of all phase-doubled oriented sub-bands at the next coarser scale (Q matrices of size 1x2Q, which are computed and stored in a matrix of size Qx2Q)
 -1.483457 -4.192378 -2.775555 -2.046368 1.582083 0.286866 -1.361775 -2.095690,
 -3.606552 -45.709858 -31.543177 -3.644928 0.563019 2.731201 3.670027 -0.687850,
 -4.092445 -46.356735 -40.227032 -20.039991 0.286908 6.375120 -6.534550 -21.779913,
 -2.668645 -4.370574 -10.415937 -17.135555 0.958975 1.530118 -14.448062 -23.798910,
 -0.984190 -3.397678 -1.198257 -0.784573 0.589558 0.350025 -0.190062 0.944015,
 -2.260612 -23.391600 -9.384697 -0.584704 0.398122 -1.803071 -1.584682 1.093416,
 -1.080972 -18.357992 -12.944841 -4.187034 0.003360 -1.296025 0.359354 4.321816,
 -0.315972 -0.491019 -5.271737 -3.714174 -0.118923 0.644323 0.146508 5.123752,
 -1.873569 -1.335179 -0.781890 -1.624209 -0.154132 0.944774 0.300552 -0.586054,
 -1.334531 -6.469766 -6.018725 -1.201194 -0.369826 12.940290 7.972468 -1.085710,
 -0.569005 -4.494198 -10.087210 -7.873161 0.498190 11.397974 3.807992 -4.275440,
 -1.224638 -0.315047 -4.493669 -9.479668 0.242850 0.194681 -3.952823 -3.182611,
