Low-band skewness and kurtosis
 -0.703595 2.305618,
 -0.671563 2.371384,
 -0.625012 2.074722,
 -0.531439 1.833832,
 -0.518043 1.728981,

High-band variance
 845.128052,

Skewness, kurtosis, variance, mean, maximum and minimum of the reconstructed texture
 -0.787466 2.126388 6071.332520 191.852661 255.000000 1.000000,

Auto-correlations of the low-frequency bands at each scale
 2246.617920 2229.927979 2240.369873 2270.280029 2304.932373 2338.207275 2369.361084 2453.433105 2313.486572 2198.587891 2141.761230 2153.972168 2228.159912 2337.461426 3759.626465 3770.460449 3748.946045 3688.207520 3591.920166 3490.922363 3409.229004 4528.159668 4764.978027 4957.144531 5034.277344 4957.144531 4764.978027 4528.159668 3409.229004 3490.922363 3591.920166 3688.207520 3748.946045 3770.460449 3759.626465 2337.461426 2228.159912 2153.972168 2141.761230 2198.587891 2313.486572 2453.433105 2369.361084 2338.207275 2304.932373 2270.280029 2240.369873 2229.927979 2246.617920,
 2145.321289 2110.751465 2091.207031 2088.463867 2097.790039 2112.368652 2127.986816 2277.051270 2181.385254 2101.346924 2059.336182 2062.525635 2106.577637 2174.205078 3032.768799 3051.629150 3057.280762 3037.179199 2986.778809 2931.091553 2889.830811 3524.608887 3672.636719 3800.673340 3854.675781 3800.673340 3672.636719 3524.608887 2889.830811 2931.091553 2986.778809 3037.179199 3057.280762 3051.629150 3032.768799 2174.205078 2106.577637 2062.525635 2059.336182 2101.346924 2181.385254 2277.051270 2127.986816 2112.368652 2097.790039 2088.463867 2091.207031 2110.751465 2145.321289,
 1958.476807 1945.541992 1941.556396 1945.114990 1951.224121 1956.842041 1959.440430 2189.878418 2129.424805 2078.052490 2047.950562 2042.784912 2062.213867 2096.042480 2639.289307 2642.143066 2637.466553 2617.960938 2580.673096 2542.613770 2516.486084 2904.349609 2990.659912 3067.174805 3099.967529 3067.174805 2990.659912 2904.349609 2516.486084 2542.613770 2580.673096 2617.960938 2637.466553 2642.143066 2639.289307 2096.042480 2062.213867 2042.784912 2047.950562 2078.052490 2129.424805 2189.878418 1959.440430 1956.842041 1951.224121 1945.114990 1941.556396 1945.541992 1958.476807,
 796.749084 797.035583 796.949036 795.205933 791.448547 784.050964 772.488342 1649.739746 1630.720215 1610.854980 1594.987671 1588.339355 1593.805420 1607.438477 2338.951416 2345.828857 2345.906494 2332.792480 2307.198486 2284.066162 2274.229248 2601.436035 2644.713379 2686.898193 2705.753174 2686.898193 2644.713379 2601.436035 2274.229248 2284.066162 2307.198486 2332.792480 2345.906494 2345.828857 2338.951416 1607.438477 1593.805420 1588.339355 1594.987671 1610.854980 1630.720215 1649.739746 772.488342 784.050964 791.448547 795.205933 796.949036 797.035583 796.749084,
 -1669.764404 -1679.795776 -1684.119995 -1678.584351 -1668.041382 -1660.791138 -1659.233643 -141.109299 -153.798508 -169.959457 -180.324493 -183.857742 -178.432816 -162.443130 1683.810425 1693.088379 1695.065430 1684.309204 1659.220947 1639.134766 1643.062622 2510.906250 2529.151855 2558.154297 2573.523926 2558.154297 2529.151855 2510.906250 1643.062622 1639.134766 1659.220947 1684.309204 1695.065430 1693.088379 1683.810425 -162.443130 -178.432816 -183.857742 -180.324493 -169.959457 -153.798508 -141.109299 -1659.233643 -1660.791138 -1668.041382 -1678.584351 -1684.119995 -1679.795776 -1669.764404,

Auto-correlations of the modulus of each oriented sub-band
 3.297876 4.073881 4.690565 4.884058 4.525962 3.744464 2.837175 3.708156 4.598832 5.361590 5.628279 5.227404 4.334942 3.304430 4.319648 5.611666 6.694219 7.153608 6.742829 5.598669 4.175686 4.582240 6.280408 7.890640 8.589893 7.890640 6.280408 4.582240 4.175686 5.598669 6.742829 7.153608 6.694219 5.611666 4.319648 3.304430 4.334942 5.227404 5.628279 5.361590 4.598832 3.708156 2.837175 3.744464 4.525962 4.884058 4.690565 4.073881 3.297876,
 29.174868 31.247093 34.222359 37.117218 39.070091 40.334808 41.409687 44.341068 49.918179 56.429657 60.502670 60.523293 58.597248 56.547344 61.327919 71.055534 82.159042 87.724213 83.835037 75.971169 69.073524 71.420166 81.994621 94.470993 100.950104 94.470993 81.994621 71.420166 69.073524 75.971169 83.835037 87.724213 82.159042 71.055534 61.327919 56.547344 58.597248 60.523293 60.502670 56.429657 49.918179 44.341068 41.409687 40.334808 39.070091 37.117218 34.222359 31.247093 29.174868,
 187.393982 193.658707 202.118851 207.519424 205.856705 199.301041 192.165985 272.591675 298.459656 324.577942 337.159668 327.115723 301.286194 272.549316 359.402008 411.523346 461.638947 484.200073 462.910004 412.385773 357.689545 396.466888 462.745544 525.790588 553.831543 525.790588 462.745544 396.466888 357.689545 412.385773 462.910004 484.200073 461.638947 411.523346 359.402008 272.549316 301.286194 327.115723 337.159668 324.577942 298.459656 272.591675 192.165985 199.301041 205.856705 207.519424 202.118851 193.658707 187.393982,
 65.122635 63.591595 61.712738 58.522476 53.744385 48.378445 43.511105 85.649513 88.928017 91.175529 89.916168 83.519386 73.692421 63.761360 101.434074 111.675514 121.085320 124.223999 116.717171 102.136559 87.256050 102.717445 118.178238 133.441452 140.498795 133.441452 118.178238 102.717445 87.256050 102.136559 116.717171 124.223999 121.085320 111.675514 101.434074 63.761360 73.692421 83.519386 89.916168 91.175529 88.928017 85.649513 43.511105 48.378445 53.744385 58.522476 61.712738 63.591595 65.122635,
 2.380583 2.949579 3.448259 3.624436 3.377859 2.829275 2.205369 2.650753 3.285184 3.804074 3.994137 3.768231 3.198430 2.497871 3.194566 4.165656 5.070551 5.496931 5.162889 4.230997 3.169260 3.606492 4.957517 6.294574 6.893152 6.294574 4.957517 3.606492 3.169260 4.230997 5.162889 5.496931 5.070551 4.165656 3.194566 2.497871 3.198430 3.768231 3.994137 3.804074 3.285184 2.650753 2.205369 2.829275 3.377859 3.624436 3.448259 2.949579 2.380583,
 12.755419 14.207904 15.732287 16.579672 16.800776 16.946905 17.268211 21.560604 26.023018 30.194761 31.432590 29.851679 27.642342 25.810314 31.045416 38.282631 46.042217 48.721230 44.577526 38.532753 33.728039 36.151314 43.486713 52.477715 57.236084 52.477715 43.486713 36.151314 33.728039 38.532753 44.577526 48.721230 46.042217 38.282631 31.045416 25.810314 27.642342 29.851679 31.432590 30.194761 26.023018 21.560604 17.268211 16.946905 16.800776 16.579672 15.732287 14.207904 12.755419,
 62.434479 68.163620 76.797668 84.217773 86.763458 84.577591 79.706711 103.895508 125.208649 146.550964 157.768814 152.137146 134.368378 114.148804 150.889664 190.590118 228.763947 245.872375 230.163239 193.045013 154.150497 172.753983 220.928116 267.825012 288.844727 267.825012 220.928116 172.753983 154.150497 193.045013 230.163239 245.872375 228.763947 190.590118 150.889664 114.148804 134.368378 152.137146 157.768814 146.550964 125.208649 103.895508 79.706711 84.577591 86.763458 84.217773 76.797668 68.163620 62.434479,
 20.762581 20.270037 20.052673 19.731426 18.844585 17.070738 15.028866 31.361603 34.079704 36.812592 37.970493 35.445000 29.488564 23.442108 40.014656 47.358093 55.512417 59.786549 55.056934 43.971848 33.841103 41.162460 51.949936 64.481499 70.728813 64.481499 51.949936 41.162460 33.841103 43.971848 55.056934 59.786549 55.512417 47.358093 40.014656 23.442108 29.488564 35.445000 37.970493 36.812592 34.079704 31.361603 15.028866 17.070738 18.844585 19.731426 20.052673 20.270037 20.762581,
 1.443198 1.508279 1.504549 1.438237 1.332710 1.234905 1.165497 1.738475 1.893519 1.910794 1.813521 1.659120 1.500191 1.373378 1.834512 2.300441 2.730081 2.863534 2.587356 2.084628 1.638810 1.815476 2.510431 3.334407 3.736595 3.334407 2.510431 1.815476 1.638810 2.084628 2.587356 2.863534 2.730081 2.300441 1.834512 1.373378 1.500191 1.659120 1.813521 1.910794 1.893519 1.738475 1.165497 1.234905 1.332710 1.438237 1.504549 1.508279 1.443198,
 11.350985 12.679216 14.087182 14.609555 13.936082 12.800217 11.818125 14.200833 16.945484 19.972334 21.158258 19.970400 18.146770 16.739017 17.970444 22.497910 27.968847 30.138577 27.195925 22.960686 20.056648 20.431561 25.085827 31.519455 35.086853 31.519455 25.085827 20.431561 20.056648 22.960686 27.195925 30.138577 27.968847 22.497910 17.970444 16.739017 18.146770 19.970400 21.158258 19.972334 16.945484 14.200833 11.818125 12.800217 13.936082 14.609555 14.087182 12.679216 11.350985,
 59.588387 67.234184 71.973587 71.936066 68.375580 63.998726 60.014214 84.335487 98.708611 110.439598 113.753807 107.276009 95.644615 84.266853 109.251640 132.062317 153.581009 162.126312 151.654800 129.906097 108.601189 119.938812 146.621552 173.553345 185.775620 173.553345 146.621552 119.938812 108.601189 129.906097 151.654800 162.126312 153.581009 132.062317 109.251640 84.266853 95.644615 107.276009 113.753807 110.439598 98.708611 84.335487 60.014214 63.998726 68.375580 71.936066 71.973587 67.234184 59.588387,
 15.126226 15.922965 15.748486 15.053164 14.033632 12.730556 11.424545 20.169708 22.191759 23.288691 23.595097 22.005659 18.290022 14.462604 23.588671 28.031570 32.587090 35.358459 32.559341 25.481918 19.087111 23.075953 29.693766 37.502628 41.588455 37.502628 29.693766 23.075953 19.087111 25.481918 32.559341 35.358459 32.587090 28.031570 23.588671 14.462604 18.290022 22.005659 23.595097 23.288691 22.191759 20.169708 11.424545 12.730556 14.033632 15.053164 15.748486 15.922965 15.126226,
 0.366105 0.573846 0.752809 0.808742 0.732920 0.583389 0.430457 0.538535 0.687179 0.811712 0.868006 0.848561 0.762656 0.625226 0.838109 1.051050 1.295691 1.458129 1.413329 1.167939 0.859368 1.040952 1.423956 1.862854 2.076896 1.862854 1.423956 1.040952 0.859368 1.167939 1.413329 1.458129 1.295691 1.051050 0.838109 0.625226 0.762656 0.848561 0.868006 0.811712 0.687179 0.538535 0.430457 0.583389 0.732920 0.808742 0.752809 0.573846 0.366105,
 -0.687715 -0.270313 0.146732 0.333634 0.315912 -0.085617 -0.343850 -0.335629 0.562253 1.536489 1.535368 1.206951 0.890608 0.400737 0.360881 1.602638 3.576131 4.022076 2.774571 1.714629 1.019820 1.027292 2.097083 4.215273 5.602619 4.215273 2.097083 1.027292 1.019820 1.714629 2.774571 4.022076 3.576131 1.602638 0.360881 0.400737 0.890608 1.206951 1.535368 1.536489 0.562253 -0.335629 -0.343850 -0.085617 0.315912 0.333634 0.146732 -0.270313 -0.687715,
 1.215705 -0.284603 -0.393304 -0.517788 -1.985270 -4.169155 -6.166529 7.281178 10.385795 14.935798 16.808867 12.938409 5.573900 -1.691406 10.090841 19.041746 29.662971 34.651546 28.474174 15.932909 4.213167 8.783751 21.325615 35.567451 42.608173 35.567451 21.325615 8.783751 4.213167 15.932909 28.474174 34.651546 29.662971 19.041746 10.090841 -1.691406 5.573900 12.938409 16.808867 14.935798 10.385795 7.281178 -6.166529 -4.169155 -1.985270 -0.517788 -0.393304 -0.284603 1.215705,
 -2.723664 -1.264483 0.216339 1.316776 1.847068 1.916560 2.024613 -0.355166 2.242229 4.367043 5.493487 5.250024 3.938025 2.780227 1.904065 5.509076 8.943582 10.746981 9.485892 6.133897 3.169541 3.064320 6.994123 11.390385 13.525926 11.390385 6.994123 3.064320 3.169541 6.133897 9.485892 10.746981 8.943582 5.509076 1.904065 2.780227 3.938025 5.250024 5.493487 4.367043 2.242229 -0.355166 2.024613 1.916560 1.847068 1.316776 0.216339 -1.264483 -2.723664,

Pairwise cross-correlations of the modulus of all oriented sub-bands at the same scale (size QxQ)
 8.589893 7.460098 10.152374 11.644968,
 7.460098 100.950096 188.312027 56.112240,
 10.152374 188.312027 553.831543 220.798889,
 11.644968 56.112240 220.798889 140.498810,
 6.893153 6.284403 9.395316 8.111249,
 6.284403 57.236084 98.143936 27.772867,
 9.395316 98.143936 288.844757 106.899712,
 8.111249 27.772867 106.899712 70.728821,
 3.736596 4.250799 9.865146 4.942698,
 4.250799 35.086857 63.573219 15.838724,
 9.865146 63.573219 185.775620 65.804489,
 4.942698 15.838724 65.804489 41.588459,
 2.076896 1.583798 2.191077 2.135783,
 1.583798 5.602619 7.458236 1.566539,
 2.191077 7.458236 42.608173 15.809256,
 2.135783 1.566539 15.809256 13.525927,

Cross-correlations of the modulus of all oriented sub-bands with all oriented sub-bands at the coarser scale (size QxQ)
 5.432158 4.872034 3.908566 7.251832,
 8.208923 36.558372 59.720810 21.909845,
 15.636112 65.890068 144.276642 62.580830,
 11.023728 21.601467 54.544582 41.542866,
 3.031792 4.259327 9.787868 6.499688,
 5.280297 21.273304 36.989964 12.086379,
 10.051844 32.396496 77.395287 33.848911,
 5.602489 7.272017 25.774240 22.399122,
 1.649548 1.929159 2.873890 2.638094,
 3.558146 1.757593 -3.627067 2.829740,
 7.630769 1.815140 11.260773 18.395535,
 3.325497 1.375082 9.528070 12.812896,

Cross-correlations of the real part of each oriented sub-band with both the real and imaginary part of all phase-doubled oriented sub-bands at the next coarser scale (Q matrices of size 1x2Q, which are computed and stored in a matrix of size Qx2Q)
 -1.234774 -1.174191 -1.210981 -2.330882 0.388403 -0.086365 -0.278125 -0.280057,
 -1.052788 -21.248262 -22.933613 -6.280220 0.114603 -0.633330 0.057354 -0.420115,
 -2.100896 -33.083530 -53.990417 -30.572756 -0.060359 0.127942 -2.226279 -1.531988,
 -2.339599 -7.595453 -21.511116 -24.120504 0.140314 0.509941 -2.343490 -1.430090,
 -0.122533 -0.802234 -0.658352 -1.239257 -0.384369 -0.441737 0.199310 0.383568,
 -0.068381 -12.677261 -4.791741 0.069085 -0.254729 -3.277745 -4.629958 -2.027279,
 -0.718414 -12.875474 -1.575896 -7.162325 -0.201582 -5.205527 -15.609061 -3.334538,
 -0.831155 -0.389900 -0.353720 -10.222761 -0.320495 -1.494646 -5.629634 1.577230,
 0.003441 -0.123541 -0.107939 0.152190 -0.054449 -0.286507 0.020769 0.410560,
 -0.035326 -3.955076 -5.160933 -0.998715 0.138305 -2.696232 3.027143 1.543489,
 -0.307704 -3.617863 -6.956270 -4.043156 0.297570 2.104555 20.703787 9.967793,
 -0.082882 0.487903 -0.530704 -2.366983 0.146144 2.863561 12.241714 7.361913,
