Low-band skewness and kurtosis
 -0.627416 2.199686,
 -0.547807 2.297310,
 -0.402983 2.110622,
 -0.270291 1.756546,
 -0.153771 1.751872,

High-band variance
 898.164368,

Skewness, kurtosis, variance, mean, maximum and minimum of the reconstructed texture
 -0.729529 2.039238 6036.074219 189.734131 255.000000 3.000000,

Auto-correlations of the low-frequency bands at each scale
 1819.036743 1676.925415 1623.810669 1644.507568 1706.174683 1781.343628 1849.895874 2458.978516 2136.921875 1846.516357 1678.791992 1664.360840 1777.633911 1948.743164 3639.403809 3699.592529 3653.927734 3503.104736 3267.280273 3027.711182 2856.386230 3923.427734 4385.994141 4782.486816 4945.798828 4782.486816 4385.994141 3923.427734 2856.386230 3027.711182 3267.280273 3503.104736 3653.927734 3699.592529 3639.403809 1948.743164 1777.633911 1664.360840 1678.791992 1846.516357 2136.921875 2458.978516 1849.895874 1781.343628 1706.174683 1644.507568 1623.810669 1676.925415 1819.036743,
 1829.441895 1816.656372 1851.468262 1911.977295 1969.047119 2005.354614 2016.774414 2085.688477 1890.859985 1729.117432 1653.382812 1679.382812 1790.090698 1934.776733 2798.220215 2810.621582 2764.867432 2657.296875 2501.895264 2362.383301 2285.662598 2939.062744 3230.895020 3492.228760 3602.898926 3492.228760 3230.895020 2939.062744 2285.662598 2362.383301 2501.895264 2657.296875 2764.867432 2810.621582 2798.220215 1934.776733 1790.090698 1679.382812 1653.382812 1729.117432 1890.859985 2085.688477 2016.774414 2005.354614 1969.047119 1911.977295 1851.468262 1816.656372 1829.441895,
 1718.309448 1687.675049 1667.625610 1655.757446 1645.516968 1634.227051 1619.577271 1964.297729 1899.893188 1835.216309 1793.817261 1785.196533 1807.184692 1838.254517 2284.141602 2323.030762 2337.212158 2311.237549 2245.799072 2179.056641 2138.355957 2402.067139 2535.583496 2665.355225 2722.848389 2665.355225 2535.583496 2402.067139 2138.355957 2179.056641 2245.799072 2311.237549 2337.212158 2323.030762 2284.141602 1838.254517 1807.184692 1785.196533 1793.817261 1835.216309 1899.893188 1964.297729 1619.577271 1634.227051 1645.516968 1655.757446 1667.625610 1687.675049 1718.309448,
 752.551453 721.742310 690.741150 654.850464 620.904724 602.654663 603.882263 1494.406006 1456.403320 1409.271240 1359.770264 1315.277588 1287.454834 1272.445068 2014.281616 2041.275757 2055.158691 2034.981689 1973.211060 1902.503052 1845.582153 2149.504639 2237.598389 2327.486084 2369.502686 2327.486084 2237.598389 2149.504639 1845.582153 1902.503052 1973.211060 2034.981689 2055.158691 2041.275757 2014.281616 1272.445068 1287.454834 1315.277588 1359.770264 1409.271240 1456.403320 1494.406006 603.882263 602.654663 620.904724 654.850464 690.741150 721.742310 752.551453,
 -1372.142700 -1392.129150 -1428.158936 -1458.001465 -1451.259033 -1412.721680 -1378.223022 14.144756 -0.703163 -57.393223 -128.129852 -161.471756 -131.599762 -66.980179 1433.793457 1491.111206 1507.090942 1459.690918 1373.391479 1312.977417 1315.507812 1969.456665 2052.730469 2155.086426 2203.622070 2155.086426 2052.730469 1969.456665 1315.507812 1312.977417 1373.391479 1459.690918 1507.090942 1491.111206 1433.793457 -66.980179 -131.599762 -161.471756 -128.129852 -57.393223 -0.703163 14.144756 -1378.223022 -1412.721680 -1451.259033 -1458.001465 -1428.158936 -1392.129150 -1372.142700,

Auto-correlations of the modulus of each oriented sub-band
 5.994006 7.189491 8.214299 8.632128 8.206832 7.122790 5.829965 6.973176 8.587600 9.822261 10.176949 9.562642 8.266282 6.719207 8.101157 10.396901 12.414214 13.450630 12.861297 10.745135 8.067208 8.575136 11.936602 15.377842 16.950464 15.377842 11.936602 8.575136 8.067208 10.745135 12.861297 13.450630 12.414214 10.396901 8.101157 6.719207 8.266282 9.562642 10.176949 9.822261 8.587600 6.973176 5.829965 7.122790 8.206832 8.632128 8.214299 7.189491 5.994006,
 39.799660 44.039379 49.762161 55.617714 59.703934 62.322910 64.679871 55.169861 64.163216 75.215965 82.919449 83.908669 81.957222 80.226288 73.890297 87.594589 105.240189 115.160019 109.313156 98.271698 90.039574 87.820366 101.496979 120.268906 131.131088 120.268906 101.496979 87.820366 90.039574 98.271698 109.313156 115.160019 105.240189 87.594589 73.890297 80.226288 81.957222 83.908669 82.919449 75.215965 64.163216 55.169861 64.679871 62.322910 59.703934 55.617714 49.762161 44.039379 39.799660,
 237.902618 252.766663 264.933838 269.490448 263.241394 251.452728 242.381653 287.123901 327.957092 368.005096 385.103516 365.449310 325.067261 289.311340 335.036530 407.096863 484.274048 519.859558 482.545044 405.044495 335.890350 355.592163 441.580933 537.881287 584.705200 537.881287 441.580933 355.592163 335.890350 405.044495 482.545044 519.859558 484.274048 407.096863 335.036530 289.311340 325.067261 365.449310 385.103516 368.005096 327.957092 287.123901 242.381653 251.452728 263.241394 269.490448 264.933838 252.766663 237.902618,
 132.170105 131.554443 128.594315 123.144211 116.012650 108.705566 102.521622 156.876312 163.494522 166.669876 163.649002 152.850815 137.298752 122.474602 172.883957 191.175415 206.785919 211.174591 197.814301 173.073181 148.690994 169.616684 196.266541 222.449203 234.444931 222.449203 196.266541 169.616684 148.690994 173.073181 197.814301 211.174591 206.785919 191.175415 172.883957 122.474602 137.298752 152.850815 163.649002 166.669876 163.494522 156.876312 102.521622 108.705566 116.012650 123.144211 128.594315 131.554443 132.170105,
 4.216186 5.032103 5.832879 6.241777 6.005239 5.224592 4.268566 4.827224 5.762635 6.596321 6.982951 6.704432 5.884506 4.870708 5.417947 7.073812 8.714015 9.531023 8.989108 7.435909 5.722032 6.074600 8.517019 11.082930 12.279993 11.082930 8.517019 6.074600 5.722032 7.435909 8.989108 9.531023 8.714015 7.073812 5.417947 4.870708 5.884506 6.704432 6.982951 6.596321 5.762635 4.827224 4.268566 5.224592 6.005239 6.241777 5.832879 5.032103 4.216186,
 22.493256 24.708179 27.528784 30.200077 32.016205 32.431789 31.830456 27.729290 34.189240 41.304150 44.941162 44.606380 42.650093 39.670361 35.456074 46.363037 59.275566 64.863838 59.455147 51.015144 44.065281 42.098469 53.122051 67.548439 75.521996 67.548439 53.122051 42.098469 44.065281 51.015144 59.455147 64.863838 59.275566 46.363037 35.456074 39.670361 42.650093 44.606380 44.941162 41.304150 34.189240 27.729290 31.830456 32.431789 32.016205 30.200077 27.528784 24.708179 22.493256,
 179.714630 185.267761 188.793427 185.072739 173.097076 159.673096 149.007538 204.631943 231.197067 256.675140 262.502045 241.005966 207.199112 178.482468 224.013245 274.889282 328.891724 350.056335 318.138367 259.486267 208.302307 226.550217 288.543701 357.966614 391.603699 357.966614 288.543701 226.550217 208.302307 259.486267 318.138367 350.056335 328.891724 274.889282 224.013245 178.482468 207.199112 241.005966 262.502045 256.675140 231.197067 204.631943 149.007538 159.673096 173.097076 185.072739 188.793427 185.267761 179.714630,
 94.189354 95.838844 95.838760 94.184326 90.507355 84.698051 77.643898 108.563744 116.156891 121.014618 121.126610 114.439774 102.500061 89.922112 116.318268 132.791687 147.145737 152.605225 143.002457 123.190010 103.393951 113.773270 135.938828 157.983948 168.250153 157.983948 135.938828 113.773270 103.393951 123.190010 143.002457 152.605225 147.145737 132.791687 116.318268 89.922112 102.500061 114.439774 121.126610 121.014618 116.156891 108.563744 77.643898 84.698051 90.507355 94.184326 95.838760 95.838844 94.189354,
 1.829324 2.586446 3.117203 3.226408 2.886985 2.254651 1.615016 1.928710 2.785098 3.489071 3.789638 3.556063 2.876851 2.052568 2.234779 3.574994 5.051781 5.938493 5.551882 4.155751 2.600125 2.719916 4.676792 6.848526 7.898589 6.848526 4.676792 2.719916 2.600125 4.155751 5.551882 5.938493 5.051781 3.574994 2.234779 2.052568 2.876851 3.556063 3.789638 3.489071 2.785098 1.928710 1.615016 2.254651 2.886985 3.226408 3.117203 2.586446 1.829324,
 3.833631 4.973968 6.263540 7.485704 8.427603 8.513261 8.626709 6.064659 9.241911 12.654457 13.935771 13.690029 12.874098 11.955475 9.601471 14.657831 20.842730 23.100384 20.314634 16.649090 13.794312 12.797279 17.674374 24.272141 28.091019 24.272141 17.674374 12.797279 13.794312 16.649090 20.314634 23.100384 20.842730 14.657831 9.601471 11.955475 12.874098 13.690029 13.935771 12.654457 9.241911 6.064659 8.626709 8.513261 8.427603 7.485704 6.263540 4.973968 3.833631,
 31.237780 42.831257 51.434071 52.917797 46.808788 37.275272 28.367224 35.148449 56.348640 75.969955 83.723946 75.499069 59.231247 44.364948 47.149540 78.536110 110.002472 124.132843 111.179703 83.477074 57.496822 58.405708 92.537331 128.239899 144.908264 128.239899 92.537331 58.405708 57.496822 83.477074 111.179703 124.132843 110.002472 78.536110 47.149540 44.364948 59.231247 75.499069 83.723946 75.969955 56.348640 35.148449 28.367224 37.275272 46.808788 52.917797 51.434071 42.831257 31.237780,
 24.546286 29.667940 32.089352 31.716541 29.131403 24.837889 19.512575 25.980797 34.211761 40.657093 43.471649 41.023975 34.071167 25.377529 28.763006 41.459358 53.289719 59.451759 55.241737 43.434013 30.135546 31.202839 46.508930 61.183178 68.032143 61.183178 46.508930 31.202839 30.135546 43.434013 55.241737 59.451759 53.289719 41.459358 28.763006 25.377529 34.071167 41.023975 43.471649 40.657093 34.211761 25.980797 19.512575 24.837889 29.131403 31.716541 32.089352 29.667940 24.546286,
 -0.206671 0.814528 1.605521 1.865225 1.489010 0.708772 -0.071349 0.364792 1.696676 2.713405 2.978614 2.409836 1.311818 0.145185 1.107073 3.042364 4.664061 5.182586 4.325831 2.589725 0.739906 1.348944 3.656279 5.797747 6.707353 5.797747 3.656279 1.348944 0.739906 2.589725 4.325831 5.182586 4.664061 3.042364 1.107073 0.145185 1.311818 2.409836 2.978614 2.713405 1.696676 0.364792 -0.071349 0.708772 1.489010 1.865225 1.605521 0.814528 -0.206671,
 2.740196 4.741943 6.398609 7.127209 6.565419 4.761660 2.558939 4.648932 7.151945 9.400310 10.012023 8.738122 6.362597 3.731531 6.080434 9.327059 12.637815 13.596844 11.409121 8.090540 4.979081 6.004438 9.496492 13.512512 15.599243 13.512512 9.496492 6.004438 4.979081 8.090540 11.409121 13.596844 12.637815 9.327059 6.080434 3.731531 6.362597 8.738122 10.012023 9.400310 7.151945 4.648932 2.558939 4.761660 6.565419 7.127209 6.398609 4.741943 2.740196,
 -0.323837 5.731694 9.557817 10.623652 11.233974 13.383536 16.197517 7.730366 17.053192 26.545765 31.418695 29.971855 25.637840 22.004822 17.493427 31.570150 47.542477 55.735039 50.080975 36.902397 25.378853 24.302784 40.214382 58.627853 67.556412 58.627853 40.214382 24.302784 25.378853 36.902397 50.080975 55.735039 47.542477 31.570150 17.493427 22.004822 25.637840 29.971855 31.418695 26.545765 17.053192 7.730366 16.197517 13.383536 11.233974 10.623652 9.557817 5.731694 -0.323837,
 3.113347 4.635256 4.413219 3.669646 3.729204 4.820929 6.162443 7.828511 12.017389 13.997121 13.614172 11.556916 8.778395 6.784580 10.043673 16.945364 23.329664 25.616390 21.807093 14.454702 8.436375 9.884183 17.838409 27.225967 31.868984 27.225967 17.838409 9.884183 8.436375 14.454702 21.807093 25.616390 23.329664 16.945364 10.043673 6.784580 8.778395 11.556916 13.614172 13.997121 12.017389 7.828511 6.162443 4.820929 3.729204 3.669646 4.413219 4.635256 3.113347,

Pairwise cross-correlations of the modulus of all oriented sub-bands at the same scale (size QxQ)
 16.950468 17.407169 25.329304 24.650208,
 17.407169 131.131088 185.531067 53.010521,
 25.329304 185.531067 584.705261 280.849731,
 24.650208 53.010521 280.849731 234.444977,
 12.279993 10.881204 16.729517 14.825478,
 10.881204 75.521996 103.402054 26.323259,
 16.729517 103.402054 391.603760 200.861038,
 14.825478 26.323259 200.861038 168.250153,
 7.898590 5.489000 10.953903 10.763713,
 5.489000 28.091021 39.920277 14.846444,
 10.953903 39.920277 144.908264 72.705132,
 10.763713 14.846444 72.705132 68.032150,
 6.707352 5.042338 3.499156 5.405757,
 5.042338 15.599245 16.641663 8.815695,
 3.499156 16.641663 67.556419 38.129456,
 5.405757 8.815695 38.129456 31.868986,

Cross-correlations of the modulus of all oriented sub-bands with all oriented sub-bands at the coarser scale (size QxQ)
 9.690789 11.404092 14.011246 14.600826,
 14.906510 52.736309 68.498154 21.280247,
 28.294827 71.052139 186.422211 105.738297,
 20.052792 22.843689 108.220558 91.508919,
 6.099218 6.615137 10.701525 10.008427,
 6.726667 17.142015 21.327738 6.731716,
 14.244251 30.123940 105.026619 59.840912,
 11.111090 14.608757 75.703896 54.816681,
 4.568986 5.771982 4.732237 3.764128,
 5.074407 9.808495 7.442630 5.922553,
 12.851620 12.896400 32.335266 23.736376,
 7.945446 8.043022 27.292561 17.861864,

Cross-correlations of the real part of each oriented sub-band with both the real and imaginary part of all phase-doubled oriented sub-bands at the next coarser scale (Q matrices of size 1x2Q, which are computed and stored in a matrix of size Qx2Q)
 -1.212448 -2.832253 -2.572378 -2.333946 1.602887 0.244036 -0.078466 0.402236,
 -2.421734 -33.211483 -31.256514 -7.388470 0.498893 -0.307605 -3.569507 -0.692533,
 -3.149450 -41.886959 -73.729073 -45.475410 -0.082450 -1.121391 -10.951787 0.622578,
 -2.477420 -7.289592 -35.163948 -36.079208 0.692858 -0.631709 -4.615161 2.892949,
 -0.978107 -0.876297 -0.451060 -0.718532 0.795686 0.165792 -0.639337 -0.745334,
 -0.923952 -10.733401 -12.279651 -0.595398 0.399944 -1.772246 -7.339894 -2.537085,
 -0.811927 -15.184772 -15.946906 -0.407375 -0.005798 -6.595244 -33.846657 -19.900482,
 -1.045754 -2.631156 -1.324531 -1.425697 0.264766 -2.556573 -21.569010 -16.169216,
 -0.493343 0.114549 0.673089 0.002853 1.127212 -0.746982 -0.596821 -1.003713,
 -0.013946 0.769114 4.510509 -0.849061 0.022219 -5.302715 -1.634489 -1.080766,
 0.085506 1.798703 7.426027 2.637292 -0.160118 -3.529126 -4.035315 -9.380477,
 -0.451709 0.659814 3.797549 5.332899 0.721685 0.152236 -3.981215 -8.233757,
