Low-band skewness and kurtosis
 -0.740126 2.285255,
 -0.638370 2.234440,
 -0.474587 1.990374,
 -0.361543 1.889951,
 -0.444852 1.831019,

High-band variance
 881.859070,

Skewness, kurtosis, variance, mean, maximum and minimum of the reconstructed texture
 -0.833573 2.162464 6275.198730 192.713684 255.000000 3.000000,

Auto-correlations of the low-frequency bands at each scale
 2211.344971 2153.411865 2128.123535 2136.250244 2170.619141 2221.689209 2280.738037 2537.866699 2371.151611 2231.306641 2160.005615 2173.354980 2263.346924 2398.656738 3799.022705 3861.424316 3878.562500 3839.163086 3745.744141 3641.598145 3565.119873 4576.660645 4868.417969 5109.126953 5206.933105 5109.126953 4868.417969 4576.660645 3565.119873 3641.598145 3745.744141 3839.163086 3878.562500 3861.424316 3799.022705 2398.656738 2263.346924 2173.354980 2160.005615 2231.306641 2371.151611 2537.866699 2280.738037 2221.689209 2170.619141 2136.250244 2128.123535 2153.411865 2211.344971,
 2137.684570 2115.559814 2111.495117 2116.956299 2120.641113 2114.091553 2098.627930 2220.070312 2127.657227 2058.603027 2036.793213 2070.149414 2150.450195 2250.819336 2979.346436 3038.494141 3073.200439 3071.760254 3038.310303 3012.036133 3015.703857 3561.277100 3743.440918 3903.907227 3972.240479 3903.907227 3743.440918 3561.277100 3015.703857 3012.036133 3038.310303 3071.760254 3073.200439 3038.494141 2979.346436 2250.819336 2150.450195 2070.149414 2036.793213 2058.603027 2127.657227 2220.070312 2098.627930 2114.091553 2120.641113 2116.956299 2111.495117 2115.559814 2137.684570,
 1816.751221 1808.436035 1807.796753 1807.862793 1803.264771 1794.462646 1782.186768 2071.853760 2013.454590 1968.856323 1944.735352 1944.942017 1973.936768 2022.981567 2550.116699 2589.216309 2622.416504 2635.197021 2621.925293 2604.553223 2598.937988 2924.531006 3037.712158 3135.391113 3176.806152 3135.391113 3037.712158 2924.531006 2598.937988 2604.553223 2621.925293 2635.197021 2622.416504 2589.216309 2550.116699 2022.981567 1973.936768 1944.942017 1944.735352 1968.856323 2013.454590 2071.853760 1782.186768 1794.462646 1803.264771 1807.862793 1807.796753 1808.436035 1816.751221,
 737.342651 722.224792 708.994263 697.203857 683.511597 669.831116 658.437866 1509.465576 1483.117676 1467.675659 1466.040771 1472.201782 1485.520020 1503.637451 2206.079102 2234.915527 2262.633057 2276.308838 2265.039307 2244.648438 2231.161621 2554.469727 2625.043701 2691.258545 2720.943115 2691.258545 2625.043701 2554.469727 2231.161621 2244.648438 2265.039307 2276.308838 2262.633057 2234.915527 2206.079102 1503.637451 1485.520020 1472.201782 1466.040771 1467.675659 1483.117676 1509.465576 658.437866 669.831116 683.511597 697.203857 708.994263 722.224792 737.342651,
 -1563.485474 -1572.686646 -1587.982544 -1599.301514 -1592.768921 -1574.485474 -1561.497925 -147.234406 -174.397797 -212.335114 -239.553543 -237.377655 -206.548401 -168.010284 1575.249878 1592.170654 1604.826782 1601.332275 1577.959839 1553.861328 1547.698364 2375.270996 2426.021973 2488.329834 2517.995361 2488.329834 2426.021973 2375.270996 1547.698364 1553.861328 1577.959839 1601.332275 1604.826782 1592.170654 1575.249878 -168.010284 -206.548401 -237.377655 -239.553543 -212.335114 -174.397797 -147.234406 -1561.497925 -1574.485474 -1592.768921 -1599.301514 -1587.982544 -1572.686646 -1563.485474,

Auto-correlations of the modulus of each oriented sub-band
 5.336463 6.250524 7.031608 7.267776 6.788867 5.790265 4.664271 5.847608 6.860511 7.644446 7.868069 7.413455 6.419144 5.211366 6.482033 7.956172 9.315828 10.001606 9.552584 8.078579 6.262441 6.759824 8.999132 11.233644 12.233768 11.233644 8.999132 6.759824 6.262441 8.078579 9.552584 10.001606 9.315828 7.956172 6.482033 5.211366 6.419144 7.413455 7.868069 7.644446 6.860511 5.847608 4.664271 5.790265 6.788867 7.267776 7.031608 6.250524 5.336463,
 64.283302 67.731239 71.512039 74.035522 74.394272 73.616570 72.550743 77.597466 84.456970 92.303780 96.603432 95.181938 91.390686 87.991341 93.081139 103.802971 116.906219 123.489380 118.129242 108.318794 100.664391 102.882317 114.170074 128.855347 136.844055 128.855347 114.170074 102.882317 100.664391 108.318794 118.129242 123.489380 116.906219 103.802971 93.081139 87.991341 91.390686 95.181938 96.603432 92.303780 84.456970 77.597466 72.550743 73.616570 74.394272 74.035522 71.512039 67.731239 64.283302,
 328.159424 335.573059 342.388458 345.905884 343.053314 335.871887 327.821655 400.909210 429.503052 456.773926 469.741943 459.489380 433.827698 406.105255 474.927826 530.640503 585.707825 611.316223 588.765686 535.820923 481.105255 510.619659 579.286987 647.926514 679.364868 647.926514 579.286987 510.619659 481.105255 535.820923 588.765686 611.316223 585.707825 530.640503 474.927826 406.105255 433.827698 459.489380 469.741943 456.773926 429.503052 400.909210 327.821655 335.871887 343.053314 345.905884 342.388458 335.573059 328.159424,
 108.692398 109.460167 109.111397 106.800591 102.245018 96.526085 91.173248 126.617790 132.801727 137.347458 137.491898 131.151779 120.372482 109.570686 140.939224 154.727081 167.766113 173.077118 164.731476 147.358948 130.056259 142.901398 161.978867 181.449829 190.591751 181.449829 161.978867 142.901398 130.056259 147.358948 164.731476 173.077118 167.766113 154.727081 140.939224 109.570686 120.372482 131.151779 137.491898 137.347458 132.801727 126.617790 91.173248 96.526085 102.245018 106.800591 109.111397 109.460167 108.692398,
 4.094949 4.624782 5.091586 5.264663 5.073059 4.620126 4.101032 4.342854 4.936974 5.457687 5.673758 5.458727 4.897099 4.236917 4.913797 5.958829 7.009846 7.543059 7.206038 6.215448 5.120020 5.544290 7.107205 8.730452 9.473862 8.730452 7.107205 5.544290 5.120020 6.215448 7.206038 7.543059 7.009846 5.958829 4.913797 4.236917 4.897099 5.458727 5.673758 5.457687 4.936974 4.342854 4.101032 4.620126 5.073059 5.264663 5.091586 4.624782 4.094949,
 46.468227 48.885128 50.577969 51.471581 52.297993 53.016636 53.054546 56.462837 61.761074 66.437500 68.141579 67.745422 67.028801 65.572235 67.975784 76.111740 84.710526 87.898117 84.288040 79.172684 74.611542 75.461845 83.352097 92.802521 97.949249 92.802521 83.352097 75.461845 74.611542 79.172684 84.288040 87.898117 84.710526 76.111740 67.975784 65.572235 67.028801 67.745422 68.141579 66.437500 61.761074 56.462837 53.054546 53.016636 52.297993 51.471581 50.577969 48.885128 46.468227,
 165.652267 171.893906 180.191544 186.909973 187.846481 185.857925 184.405502 216.852097 238.873093 261.055267 272.049988 264.573517 246.952652 229.981277 267.618774 309.671234 350.799591 369.160461 351.249603 312.463837 273.762451 291.210938 341.958984 392.410767 415.644165 392.410767 341.958984 291.210938 273.762451 312.463837 351.249603 369.160461 350.799591 309.671234 267.618774 229.981277 246.952652 264.573517 272.049988 261.055267 238.873093 216.852097 184.405502 185.857925 187.846481 186.909973 180.191544 171.893906 165.652267,
 50.198151 49.160873 47.646450 46.477127 44.679127 41.618423 39.065926 62.734486 65.493881 67.959496 68.938957 65.205284 57.452564 50.679661 71.974266 80.671875 90.426041 95.736847 89.646179 76.160080 64.422523 73.038445 85.975258 101.202225 109.044571 101.202225 85.975258 73.038445 64.422523 76.160080 89.646179 95.736847 90.426041 80.671875 71.974266 50.679661 57.452564 65.205284 68.938957 67.959496 65.493881 62.734486 39.065926 41.618423 44.679127 46.477127 47.646450 49.160873 50.198151,
 1.873936 2.247677 2.616102 2.769012 2.591166 2.180805 1.724479 2.162031 2.693977 3.204620 3.400205 3.132046 2.551918 1.922555 2.510577 3.385432 4.272813 4.674798 4.249575 3.283083 2.318915 2.664190 3.834140 5.086994 5.681247 5.086994 3.834140 2.664190 2.318915 3.283083 4.249575 4.674798 4.272813 3.385432 2.510577 1.922555 2.551918 3.132046 3.400205 3.204620 2.693977 2.162031 1.724479 2.180805 2.591166 2.769012 2.616102 2.247677 1.873936,
 15.400184 15.261215 14.761628 14.263064 14.286063 14.680353 14.906829 22.788090 24.983881 26.653788 26.761950 26.007711 25.394907 24.557053 30.305967 34.982750 39.662109 41.108562 38.678253 35.327309 32.220245 34.350048 39.417038 45.129230 48.105396 45.129230 39.417038 34.350048 32.220245 35.327309 38.678253 41.108562 39.662109 34.982750 30.305967 24.557053 25.394907 26.007711 26.761950 26.653788 24.983881 22.788090 14.906829 14.680353 14.286063 14.263064 14.761628 15.261215 15.400184,
 24.135117 29.925732 33.456367 33.405483 29.302696 22.478477 15.399853 56.270180 70.697845 83.585831 88.778664 82.202805 67.548340 51.835564 89.553680 115.205666 139.854752 151.019501 139.737778 114.235542 87.776382 103.863007 135.356140 166.216766 180.390747 166.216766 135.356140 103.863007 87.776382 114.235542 139.737778 151.019501 139.854752 115.205666 89.553680 51.835564 67.548340 82.202805 88.778664 83.585831 70.697845 56.270180 15.399853 22.478477 29.302696 33.405483 33.456367 29.925732 24.135117,
 11.904521 13.240613 13.825979 13.807816 12.639341 10.517398 8.925063 18.127127 21.024542 23.279711 24.072126 21.614454 16.716036 12.489983 22.647087 28.429749 34.282364 37.308334 33.493210 25.346863 18.184971 22.701557 30.681814 39.697849 44.357868 39.697849 30.681814 22.701557 18.184971 25.346863 33.493210 37.308334 34.282364 28.429749 22.647087 12.489983 16.716036 21.614454 24.072126 23.279711 21.024542 18.127127 8.925063 10.517398 12.639341 13.807816 13.825979 13.240613 11.904521,
 0.980669 1.036807 0.977953 0.794610 0.426129 -0.009767 -0.280054 1.262761 1.510465 1.679487 1.699295 1.478317 1.073287 0.723508 1.507733 2.322703 3.101173 3.401734 3.018857 2.246903 1.525235 1.779159 2.897153 4.095130 4.659636 4.095130 2.897153 1.779159 1.525235 2.246903 3.018857 3.401734 3.101173 2.322703 1.507733 0.723508 1.073287 1.478317 1.699295 1.679487 1.510465 1.262761 -0.280054 -0.009767 0.426129 0.794610 0.977953 1.036807 0.980669,
 -0.443598 -0.568374 -1.474169 -2.439852 -2.853863 -2.742315 -2.010244 2.779641 4.398514 4.703930 3.310471 1.949242 1.244301 0.946753 5.874618 8.835474 11.618047 11.137415 8.332053 6.064776 4.699276 6.708379 9.351458 13.184337 15.496662 13.184337 9.351458 6.708379 4.699276 6.064776 8.332053 11.137415 11.618047 8.835474 5.874618 0.946753 1.244301 1.949242 3.310471 4.703930 4.398514 2.779641 -2.010244 -2.742315 -2.853863 -2.439852 -1.474169 -0.568374 -0.443598,
 -9.948656 -5.345407 -2.359293 -4.034643 -9.103043 -13.687330 -15.810953 -0.834151 6.066356 12.651545 12.668577 5.199301 -3.699918 -8.882148 11.359280 20.966473 32.332081 35.787094 26.932352 13.930981 5.402690 14.971228 25.510834 39.890289 47.421432 39.890289 25.510834 14.971228 5.402690 13.930981 26.932352 35.787094 32.332081 20.966473 11.359280 -8.882148 -3.699918 5.199301 12.668577 12.651545 6.066356 -0.834151 -15.810953 -13.687330 -9.103043 -4.034643 -2.359293 -5.345407 -9.948656,
 0.678033 2.323528 3.872564 4.722244 4.162863 2.352683 0.037367 1.106337 3.450398 6.101252 7.834624 7.612511 5.241134 1.797047 1.788139 5.841980 10.627223 13.953142 13.268638 8.764112 3.702754 3.314659 8.776019 14.806059 17.767426 14.806059 8.776019 3.314659 3.702754 8.764112 13.268638 13.953142 10.627223 5.841980 1.788139 1.797047 5.241134 7.612511 7.834624 6.101252 3.450398 1.106337 0.037367 2.352683 4.162863 4.722244 3.872564 2.323528 0.678033,

Pairwise cross-correlations of the modulus of all oriented sub-bands at the same scale (size QxQ)
 12.233768 16.269613 23.458691 20.935863,
 16.269613 136.844101 244.016006 84.381508,
 23.458691 244.016006 679.364746 290.887238,
 20.935863 84.381508 290.887238 190.591751,
 9.473862 10.632551 18.274260 14.288817,
 10.632551 97.949265 164.602280 46.248131,
 18.274260 164.602280 415.644196 159.362488,
 14.288817 46.248131 159.362488 109.044594,
 5.681247 5.760757 7.923715 5.136154,
 5.760757 48.105404 72.747643 20.514572,
 7.923715 72.747643 180.390778 65.361343,
 5.136154 20.514572 65.361343 44.357876,
 4.659636 -0.568835 -1.853534 2.880189,
 -0.568835 15.496661 15.188734 1.830260,
 -1.853534 15.188734 47.421432 16.273161,
 2.880189 1.830260 16.273161 17.767424,

Cross-correlations of the modulus of all oriented sub-bands with all oriented sub-bands at the coarser scale (size QxQ)
 7.463912 10.044976 13.296658 13.261028,
 15.609005 55.760841 89.666466 38.819496,
 28.937145 98.482552 223.079346 119.774200,
 18.335268 38.379654 106.334496 81.447311,
 4.594973 6.358885 8.558300 6.730062,
 10.364497 43.298553 61.128788 18.657104,
 19.050076 74.923813 126.568649 43.875240,
 10.093192 21.843407 44.726826 28.286917,
 3.227699 1.072676 0.529936 2.716055,
 4.866632 8.810570 1.980172 0.700590,
 7.402124 9.292835 4.414297 4.884203,
 3.769996 0.769423 -0.415682 6.698042,

Cross-correlations of the real part of each oriented sub-band with both the real and imaginary part of all phase-doubled oriented sub-bands at the next coarser scale (Q matrices of size 1x2Q, which are computed and stored in a matrix of size Qx2Q)
 -0.113506 -0.320137 -0.753702 -1.846260 0.471362 -0.337644 0.415871 0.336104,
 -0.079245 -11.060933 -11.554900 -3.558588 0.113259 -11.495697 -15.884915 -1.272115,
 -0.948734 -20.052458 -31.006624 -23.553938 -0.241140 -17.047516 -18.786791 4.266673,
 -1.276886 -4.709160 -15.650912 -19.959229 0.065669 -2.743350 3.897956 6.545004,
 -0.573697 -0.285760 -0.251014 -0.770792 -0.279097 -0.271391 -0.459604 -0.320257,
 -0.319211 -13.949058 -18.885368 -0.828140 -0.118498 -9.912007 -7.445126 -1.363168,
 -0.488796 -26.978367 -32.820908 -4.318660 -0.046942 -13.324097 -6.035942 -3.938210,
 -0.751730 -6.773818 -6.224497 -4.797674 -0.342743 -1.354821 0.372982 -3.015378,
 0.132648 -0.574453 -0.195046 0.286926 0.171717 0.238416 0.064028 -0.203158,
 0.253752 -18.009895 -27.697632 -0.778440 0.262897 4.112358 2.742578 0.562491,
 -0.105727 -30.854244 -43.476414 5.418881 0.407097 6.716401 5.624531 0.772055,
 -0.156534 -6.555887 -4.952529 6.280541 0.403340 1.371293 2.077632 -0.554902,
