Low-band skewness and kurtosis
 -0.577879 2.046077,
 -0.416299 1.952865,
 -0.285556 1.718067,
 -0.159870 1.488108,
 -0.058898 1.517962,

High-band variance
 909.215942,

Skewness, kurtosis, variance, mean, maximum and minimum of the reconstructed texture
 -0.698258 1.962914 6112.560547 189.058960 255.000000 3.000000,

Auto-correlations of the low-frequency bands at each scale
 2430.449707 2365.829590 2320.321045 2307.803955 2353.873291 2474.600586 2643.249023 2600.707764 2374.892090 2210.274902 2192.363525 2340.936523 2593.082520 2832.543701 3366.070068 3459.583496 3599.469482 3734.476807 3779.493896 3709.484863 3556.245361 3993.407227 4443.936523 4848.414551 5017.516602 4848.414551 4443.936523 3993.407227 3556.245361 3709.484863 3779.493896 3734.476807 3599.469482 3459.583496 3366.070068 2832.543701 2593.082520 2340.936523 2192.363525 2210.274902 2374.892090 2600.707764 2643.249023 2474.600586 2353.873291 2307.803955 2320.321045 2365.829590 2430.449707,
 2308.704346 2320.898682 2318.851562 2299.923096 2291.529785 2327.355225 2408.618896 2490.924561 2393.788818 2313.137451 2306.190186 2389.915283 2529.568604 2652.562744 2900.209473 2929.340576 3008.155273 3106.116211 3149.829590 3114.831787 3026.370117 3209.501953 3440.234375 3674.912109 3779.515137 3674.912109 3440.234375 3209.501953 3026.370117 3114.831787 3149.829590 3106.116211 3008.155273 2929.340576 2900.209473 2652.562744 2529.568604 2389.915283 2306.190186 2313.137451 2393.788818 2490.924561 2408.618896 2327.355225 2291.529785 2299.923096 2318.851562 2320.898682 2308.704346,
 1800.338379 1810.618408 1834.581177 1862.326416 1889.907593 1921.117676 1956.323242 2178.994141 2142.339844 2123.541992 2146.734375 2209.177734 2289.671875 2356.582031 2600.137207 2637.875977 2694.065918 2750.321289 2767.145996 2743.530273 2700.603027 2830.363770 2962.694092 3095.712158 3156.110840 3095.712158 2962.694092 2830.363770 2700.603027 2743.530273 2767.145996 2750.321289 2694.065918 2637.875977 2600.137207 2356.582031 2289.671875 2209.177734 2146.734375 2123.541992 2142.339844 2178.994141 1956.323242 1921.117676 1889.907593 1862.326416 1834.581177 1810.618408 1800.338379,
 814.271973 825.493408 826.015991 817.420410 807.161987 803.933960 809.515015 1543.623413 1510.919556 1488.088013 1490.998047 1517.352173 1554.850952 1587.963989 2199.199951 2234.802246 2296.093994 2362.850830 2395.289795 2384.003418 2347.207764 2594.816650 2699.438965 2800.488770 2845.294434 2800.488770 2699.438965 2594.816650 2347.207764 2384.003418 2395.289795 2362.850830 2296.093994 2234.802246 2199.199951 1587.963989 1554.850952 1517.352173 1490.998047 1488.088013 1510.919556 1543.623413 809.515015 803.933960 807.161987 817.420410 826.015991 825.493408 814.271973,
 -1685.544922 -1740.168701 -1759.767334 -1723.623047 -1652.451172 -1597.196533 -1590.449707 -23.272743 -77.493698 -91.461945 -48.376022 20.500050 67.098724 69.561821 1614.322754 1637.802124 1686.096069 1732.074463 1737.311401 1699.428345 1650.482910 2315.344238 2396.634277 2489.717041 2532.367920 2489.717041 2396.634277 2315.344238 1650.482910 1699.428345 1737.311401 1732.074463 1686.096069 1637.802124 1614.322754 69.561821 67.098724 20.500050 -48.376022 -91.461945 -77.493698 -23.272743 -1590.449707 -1597.196533 -1652.451172 -1723.623047 -1759.767334 -1740.168701 -1685.544922,

Auto-correlations of the modulus of each oriented sub-band
 6.003315 7.038550 8.032949 8.650101 8.692596 8.234238 7.540334 6.821393 8.052761 9.097142 9.627991 9.563079 8.995071 8.121992 8.345950 10.406247 12.050374 12.567101 11.841228 10.338004 8.618062 9.040802 11.831959 14.808439 16.209944 14.808439 11.831959 9.040802 8.618062 10.338004 11.841228 12.567101 12.050374 10.406247 8.345950 8.121992 8.995071 9.563079 9.627991 9.097142 8.052761 6.821393 7.540334 8.234238 8.692596 8.650101 8.032949 7.038550 6.003315,
 111.989357 119.585464 129.527786 138.995178 145.309433 148.597061 150.350647 132.333542 147.885925 165.811813 178.246063 180.028793 174.436951 166.723679 155.858551 180.557602 207.750977 222.589417 215.497620 196.032852 175.949982 172.558868 200.119400 229.675568 244.143814 229.675568 200.119400 172.558868 175.949982 196.032852 215.497620 222.589417 207.750977 180.557602 155.858551 166.723679 174.436951 180.028793 178.246063 165.811813 147.885925 132.333542 150.350647 148.597061 145.309433 138.995178 129.527786 119.585464 111.989357,
 309.558868 321.533173 335.727661 343.211029 339.258179 328.446808 317.248199 344.210175 380.602448 421.970367 442.275269 426.649261 391.100067 358.284760 383.494965 447.893860 521.896423 558.080139 525.334290 456.024902 394.764557 405.665192 481.997131 570.347900 614.062500 570.347900 481.997131 405.665192 394.764557 456.024902 525.334290 558.080139 521.896423 447.893860 383.494965 358.284760 391.100067 426.649261 442.275269 421.970367 380.602448 344.210175 317.248199 328.446808 339.258179 343.211029 335.727661 321.533173 309.558868,
 111.554901 110.268433 107.976830 104.363739 98.764854 91.682419 84.593323 126.863853 130.590210 133.609589 133.401688 126.323395 114.112358 101.852745 135.975616 147.315872 159.675888 165.730408 156.568619 137.885178 120.405487 133.716034 151.205475 171.125168 181.432953 171.125168 151.205475 133.716034 120.405487 137.885178 156.568619 165.730408 159.675888 147.315872 135.975616 101.852745 114.112358 126.323395 133.401688 133.609589 130.590210 126.863853 84.593323 91.682419 98.764854 104.363739 107.976830 110.268433 111.554901,
 4.146712 4.900717 5.635636 6.081087 6.107882 5.788876 5.294942 4.750224 5.598028 6.395473 6.818532 6.732922 6.222802 5.502224 5.789995 7.338263 8.780097 9.307469 8.622195 7.237050 5.839571 6.248983 8.433784 10.788879 11.893736 10.788879 8.433784 6.248983 5.839571 7.237050 8.622195 9.307469 8.780097 7.338263 5.789995 5.502224 6.222802 6.732922 6.818532 6.395473 5.598028 4.750224 5.294942 5.788876 6.107882 6.081087 5.635636 4.900717 4.146712,
 60.760307 65.445251 70.692207 74.775757 76.789772 77.174255 76.791878 68.184410 78.891312 90.631218 97.451218 96.968346 92.055466 86.043190 78.659019 95.495537 114.250099 123.597786 117.677742 103.982430 90.565163 87.776901 106.061569 126.446510 136.559189 126.446510 106.061569 87.776901 90.565163 103.982430 117.677742 123.597786 114.250099 95.495537 78.659019 86.043190 92.055466 96.968346 97.451218 90.631218 78.891312 68.184410 76.791878 77.174255 76.789772 74.775757 70.692207 65.445251 60.760307,
 111.990944 110.076378 111.142929 110.214516 103.650558 95.829170 90.805794 134.146500 148.712006 166.779129 172.528915 156.205399 131.088654 112.374100 154.132828 187.617676 227.704056 244.926910 219.071548 174.494293 139.966354 157.781677 199.942932 252.576553 279.900848 252.576553 199.942932 157.781677 139.966354 174.494293 219.071548 244.926910 227.704056 187.617676 154.132828 112.374100 131.088654 156.205399 172.528915 166.779129 148.712006 134.146500 90.805794 95.829170 103.650558 110.214516 111.142929 110.076378 111.990944,
 37.766815 35.753445 32.944267 30.039669 27.329597 24.519756 21.614290 46.559193 47.280678 46.757545 45.565872 42.057961 35.649933 29.132343 50.678757 55.981827 61.871975 65.406296 60.381725 48.934998 38.875961 47.449486 57.169098 69.335678 75.938187 69.335678 57.169098 47.449486 38.875961 48.934998 60.381725 65.406296 61.871975 55.981827 50.678757 29.132343 35.649933 42.057961 45.565872 46.757545 47.280678 46.559193 21.614290 24.519756 27.329597 30.039669 32.944267 35.753445 37.766815,
 2.283709 3.057559 3.629599 3.791403 3.484992 2.856025 2.153493 2.609990 3.641097 4.414176 4.586852 4.115132 3.255827 2.332956 3.205254 4.625090 5.907659 6.289581 5.520375 4.180192 2.893677 3.503960 5.257894 7.182464 8.112137 7.182464 5.257894 3.503960 2.893677 4.180192 5.520375 6.289581 5.907659 4.625090 3.205254 2.332956 3.255827 4.115132 4.586852 4.414176 3.641097 2.609990 2.153493 2.856025 3.484992 3.791403 3.629599 3.057559 2.283709,
 4.915423 9.815037 15.401047 19.816982 22.325958 22.872063 21.597145 9.989632 17.537401 25.640680 30.292210 30.371504 27.667612 23.702980 17.008667 27.764389 39.315842 44.759933 40.935829 32.699299 24.379322 22.433443 33.845619 46.290009 52.521587 46.290009 33.845619 22.433443 24.379322 32.699299 40.935829 44.759933 39.315842 27.764389 17.008667 23.702980 27.667612 30.371504 30.292210 25.640680 17.537401 9.989632 21.597145 22.872063 22.325958 19.816982 15.401047 9.815037 4.915423,
 20.220978 27.946785 38.370846 44.887093 43.425571 36.228378 29.467274 27.813034 40.116539 57.355469 67.350876 61.977890 48.244217 36.948364 40.434139 58.878689 84.458725 98.577682 87.305099 63.985889 46.174061 48.788567 70.219833 99.328239 114.886177 99.328239 70.219833 48.788567 46.174061 63.985889 87.305099 98.577682 84.458725 58.878689 40.434139 36.948364 48.244217 61.977890 67.350876 57.355469 40.116539 27.813034 29.467274 36.228378 43.425571 44.887093 38.370846 27.946785 20.220978,
 15.238966 15.487762 15.236869 14.866508 13.480485 10.420370 7.072508 16.942192 18.206026 19.246096 20.268360 18.948606 14.922805 10.647875 17.460819 20.603556 24.532728 27.625671 25.505049 19.525534 13.973248 16.354958 21.523586 28.000416 31.615440 28.000416 21.523586 16.354958 13.973248 19.525534 25.505049 27.625671 24.532728 20.603556 17.460819 10.647875 14.922805 18.948606 20.268360 19.246096 18.206026 16.942192 7.072508 10.420370 13.480485 14.866508 15.236869 15.487762 15.238966,
 -0.181593 0.740045 1.588929 1.998083 1.753163 0.988166 0.044998 0.132933 1.055975 1.895161 2.191415 1.742629 0.802628 -0.207464 0.757175 2.107018 3.434994 3.934908 3.211683 1.756758 0.328984 1.068303 2.802319 4.597997 5.405777 4.597997 2.802319 1.068303 0.328984 1.756758 3.211683 3.934908 3.434994 2.107018 0.757175 -0.207464 0.802628 1.742629 2.191415 1.895161 1.055975 0.132933 0.044998 0.988166 1.753163 1.998083 1.588929 0.740045 -0.181593,
 4.004187 7.818437 12.318341 15.573162 15.318915 10.060431 2.002132 8.370889 15.280002 22.378620 25.521305 22.518116 14.520818 4.921847 10.341412 20.413179 30.999958 35.349354 29.807514 18.746881 7.611000 9.801071 21.417938 33.820408 39.780373 33.820408 21.417938 9.801071 7.611000 18.746881 29.807514 35.349354 30.999958 20.413179 10.341412 4.921847 14.520818 22.518116 25.521305 22.378620 15.280002 8.370889 2.002132 10.060431 15.318915 15.573162 12.318341 7.818437 4.004187,
 1.034116 6.623673 12.879158 18.241337 21.069283 20.936459 18.829605 19.742931 29.576912 39.991146 47.514923 48.201664 41.991432 32.672882 34.859833 50.931473 67.100983 76.389503 72.688232 58.620529 41.929893 42.774597 62.252117 80.909927 89.307068 80.909927 62.252117 42.774597 41.929893 58.620529 72.688232 76.389503 67.100983 50.931473 34.859833 32.672882 41.991432 48.201664 47.514923 39.991146 29.576912 19.742931 18.829605 20.936459 21.069283 18.241337 12.879158 6.623673 1.034116,
 3.553515 3.603658 3.533804 3.445082 2.348791 0.313272 -1.975425 5.467560 6.504340 7.540803 8.081748 6.486166 3.066717 -0.176193 6.076437 8.635026 11.726276 13.660389 11.267738 6.329223 2.294869 4.774787 8.611535 13.547592 16.416462 13.547592 8.611535 4.774787 2.294869 6.329223 11.267738 13.660389 11.726276 8.635026 6.076437 -0.176193 3.066717 6.486166 8.081748 7.540803 6.504340 5.467560 -1.975425 0.313272 2.348791 3.445082 3.533804 3.603658 3.553515,

Pairwise cross-correlations of the modulus of all oriented sub-bands at the same scale (size QxQ)
 16.209948 32.288467 32.126472 16.835739,
 32.288467 244.143845 265.922394 52.579666,
 32.126472 265.922394 614.062561 245.805542,
 16.835739 52.579666 245.805542 181.432922,
 11.893737 19.858339 18.795200 7.490516,
 19.858339 136.559219 129.117401 16.614777,
 18.795200 129.117401 279.900848 98.324974,
 7.490516 16.614777 98.324974 75.938194,
 8.112137 8.749578 5.799569 2.955475,
 8.749578 52.521595 44.815922 4.432508,
 5.799569 44.815922 114.886185 39.206207,
 2.955475 4.432508 39.206207 31.615440,
 5.405777 5.311231 5.201783 1.895832,
 5.311231 39.780373 37.383308 -0.343115,
 5.201783 37.383308 89.307068 21.608337,
 1.895832 -0.343115 21.608337 16.416462,

Cross-correlations of the modulus of all oriented sub-bands with all oriented sub-bands at the coarser scale (size QxQ)
 9.090978 19.275719 19.478355 8.984900,
 27.046246 110.716965 102.545074 22.197140,
 33.746975 104.274185 194.290085 87.730675,
 14.339419 16.761854 82.971481 62.156960,
 5.658122 9.501327 9.905827 4.106321,
 11.155485 44.203903 44.337730 7.107438,
 12.286513 44.604053 77.194336 30.863974,
 3.939524 6.453445 29.418079 23.236986,
 4.146846 7.045431 4.141742 -0.275197,
 3.153069 21.855545 22.577272 1.232494,
 0.261648 23.446789 44.369648 10.271648,
 0.385221 1.983092 10.403479 2.906330,

Cross-correlations of the real part of each oriented sub-band with both the real and imaginary part of all phase-doubled oriented sub-bands at the next coarser scale (Q matrices of size 1x2Q, which are computed and stored in a matrix of size Qx2Q)
 -1.929624 -7.240619 -3.558211 -2.246450 0.738746 -0.359488 -0.037801 0.152201,
 -6.995807 -37.922977 -4.359950 -0.641553 0.249843 -2.707453 1.702084 0.290063,
 -5.564493 -23.382114 -0.578327 -18.416235 -0.284886 -2.272110 7.201552 2.991076,
 -1.949955 -1.074918 -9.079090 -21.184675 0.026870 -0.355019 3.231875 2.381910,
 -0.604017 -1.163941 -0.640044 -1.209365 0.044171 -0.727485 -0.320831 -0.226111,
 -1.157281 0.361730 6.821873 -0.632239 -0.392141 -5.039520 -10.215487 -1.591541,
 -0.925712 3.904080 4.401247 -10.439963 -0.171067 -6.704960 -16.179260 -4.360575,
 -0.756485 0.368022 -6.180904 -11.675797 0.053969 -1.197795 -2.542027 -2.548229,
 -1.030160 -1.676261 -0.673136 -0.681481 -0.251153 -0.566401 -0.160218 0.018019,
 -1.208014 -14.862061 -17.953352 -1.636890 -1.151749 -3.533041 -2.853550 -0.018137,
 -0.247161 -17.236160 -31.843487 -7.085389 -0.634645 -4.481317 -5.102129 -0.132061,
 -0.172945 -2.000798 -7.472177 -4.857865 -0.007262 -1.092402 -0.744718 0.207819,
