Low-band skewness and kurtosis
 -0.546885 2.188449,
 -0.417664 2.200829,
 -0.240355 1.997203,
 0.150846 1.544995,
 0.172144 1.442750,

High-band variance
 995.527222,

Skewness, kurtosis, variance, mean, maximum and minimum of the reconstructed texture
 -0.664628 1.972904 5773.643555 188.405151 255.000000 3.000000,

Auto-correlations of the low-frequency bands at each scale
 1153.676270 1065.164673 1048.655884 1086.224609 1150.480347 1218.792603 1277.136475 1732.914429 1438.466797 1174.845215 1010.190430 970.932617 1042.103516 1178.519653 3228.898682 3250.377930 3162.240967 2977.190918 2726.972900 2487.674805 2323.130615 3708.259277 4110.986328 4440.837891 4573.952148 4440.837891 4110.986328 3708.259277 2323.130615 2487.674805 2726.972900 2977.190918 3162.240967 3250.377930 3228.898682 1178.519653 1042.103516 970.932617 1010.190430 1174.845215 1438.466797 1732.914429 1277.136475 1218.792603 1150.480347 1086.224609 1048.655884 1065.164673 1153.676270,
 1157.035278 1108.592163 1110.173462 1152.984985 1212.502808 1261.737183 1285.053101 1475.192993 1296.816162 1144.210938 1061.107910 1063.526123 1144.275635 1269.978394 2228.034912 2265.198242 2233.794678 2131.931396 1984.519775 1862.087769 1813.518433 2512.113281 2768.557861 2992.279785 3085.957275 2992.279785 2768.557861 2512.113281 1813.518433 1862.087769 1984.519775 2131.931396 2233.794678 2265.198242 2228.034912 1269.978394 1144.275635 1063.526123 1061.107910 1144.210938 1296.816162 1475.192993 1285.053101 1261.737183 1212.502808 1152.984985 1110.173462 1108.592163 1157.035278,
 1156.541992 1158.992676 1171.246704 1181.427734 1177.398071 1159.537354 1135.833740 1240.890747 1177.255981 1131.808228 1115.661743 1125.783813 1159.523071 1205.637329 1660.099243 1687.690796 1697.581787 1682.027222 1642.334473 1612.401733 1613.147827 1945.801270 2056.607666 2161.359375 2208.128418 2161.359375 2056.607666 1945.801270 1613.147827 1612.401733 1642.334473 1682.027222 1697.581787 1687.690796 1660.099243 1205.637329 1159.523071 1125.783813 1115.661743 1131.808228 1177.255981 1240.890747 1135.833740 1159.537354 1177.398071 1181.427734 1171.246704 1158.992676 1156.541992,
 513.506348 527.242126 533.769043 521.118225 496.782471 475.579803 461.774353 995.235535 988.363770 984.169495 974.699341 960.587708 952.151611 948.461609 1420.888916 1437.955688 1459.211426 1465.171387 1443.849609 1416.822388 1401.470459 1615.464233 1658.555908 1710.668579 1736.969360 1710.668579 1658.555908 1615.464233 1401.470459 1416.822388 1443.849609 1465.171387 1459.211426 1437.955688 1420.888916 948.461609 952.151611 960.587708 974.699341 984.169495 988.363770 995.235535 461.774353 475.579803 496.782471 521.118225 533.769043 527.242126 513.506348,
 -1001.579346 -1006.675171 -1037.495239 -1072.702515 -1079.980835 -1059.321411 -1034.266846 16.731691 23.717606 11.625674 -17.733067 -42.711800 -43.328903 -24.768274 1028.016357 1053.573120 1079.479126 1078.607544 1044.466187 1010.477112 1001.360840 1462.274414 1493.490601 1543.084106 1569.700684 1543.084106 1493.490601 1462.274414 1001.360840 1010.477112 1044.466187 1078.607544 1079.479126 1053.573120 1028.016357 -24.768274 -43.328903 -42.711800 -17.733067 11.625674 23.717606 16.731691 -1034.266846 -1059.321411 -1079.980835 -1072.702515 -1037.495239 -1006.675171 -1001.579346,

Auto-correlations of the modulus of each oriented sub-band
 5.073909 6.111343 6.990603 7.236120 6.619617 5.364020 3.960580 5.526781 6.717766 7.684467 7.914923 7.272385 6.024069 4.608166 6.132909 7.748979 9.211652 10.039787 9.687707 8.124084 6.032924 6.475273 9.038124 11.661980 12.864843 11.661980 9.038124 6.475273 6.032924 8.124084 9.687707 10.039787 9.211652 7.748979 6.132909 4.608166 6.024069 7.272385 7.914923 7.684467 6.717766 5.526781 3.960580 5.364020 6.619617 7.236120 6.990603 6.111343 5.073909,
 28.321396 31.044140 34.804657 38.171097 39.423965 39.534740 39.805588 41.916386 47.812714 56.281868 61.812752 60.111488 56.114914 53.791668 57.282623 66.699310 81.274109 89.706375 82.532318 71.274628 64.723984 66.524071 76.430183 93.052765 103.528412 93.052765 76.430183 66.524071 64.723984 71.274628 82.532318 89.706375 81.274109 66.699310 57.282623 53.791668 56.114914 60.111488 61.812752 56.281868 47.812714 41.916386 39.805588 39.534740 39.423965 38.171097 34.804657 31.044140 28.321396,
 200.830399 214.681824 226.230438 230.743286 224.058502 209.680542 193.863510 269.290222 307.924072 343.437866 358.497803 340.990417 302.645142 263.175110 342.160370 412.066864 480.362793 510.862701 478.680481 408.600983 338.674652 373.986206 459.103943 545.052185 584.952515 545.052185 459.103943 373.986206 338.674652 408.600983 478.680481 510.862701 480.362793 412.066864 342.160370 263.175110 302.645142 340.990417 358.497803 343.437866 307.924072 269.290222 193.863510 209.680542 224.058502 230.743286 226.230438 214.681824 200.830399,
 99.725449 98.831894 95.502724 89.894775 82.851463 75.922806 70.344284 127.175491 133.853912 136.243118 132.229187 121.105453 105.870995 91.350342 146.515854 164.791946 179.003052 181.977005 168.802612 145.190964 121.230171 144.573395 170.882706 195.372971 206.289505 195.372971 170.882706 144.573395 121.230171 145.190964 168.802612 181.977005 179.003052 164.791946 146.515854 91.350342 105.870995 121.105453 132.229187 136.243118 133.853912 127.175491 70.344284 75.922806 82.851463 89.894775 95.502724 98.831894 99.725449,
 2.896105 3.746692 4.569641 4.932848 4.632814 3.842173 2.980420 3.581757 4.540727 5.416005 5.798945 5.441524 4.496890 3.443526 4.392613 5.895281 7.454823 8.329137 7.895855 6.379313 4.650196 5.122969 7.354028 9.662909 10.725735 9.662909 7.354028 5.122969 4.650196 6.379313 7.895855 8.329137 7.454823 5.895281 4.392613 3.443526 4.496890 5.441524 5.798945 5.416005 4.540727 3.581757 2.980420 3.842173 4.632814 4.932848 4.569641 3.746692 2.896105,
 9.934153 12.900072 16.052891 17.993664 18.499054 18.147902 17.392384 19.071762 24.175568 29.659481 31.876854 31.041943 29.564758 27.809174 29.218693 36.656277 45.922672 49.313232 44.741344 39.110386 35.347713 35.778473 42.403980 52.511848 58.455814 52.511848 42.403980 35.778473 35.347713 39.110386 44.741344 49.313232 45.922672 36.656277 29.218693 27.809174 29.564758 31.041943 31.876854 29.659481 24.175568 19.071762 17.392384 18.147902 18.499054 17.993664 16.052891 12.900072 9.934153,
 79.509247 90.246391 99.491196 102.020287 95.065109 83.520363 75.970047 106.600754 135.323273 162.478516 172.216049 156.954620 128.387451 104.336700 137.413239 189.270996 241.219482 262.526855 236.811707 184.608826 136.736725 151.873474 213.397964 278.079834 307.880188 278.079834 213.397964 151.873474 136.736725 184.608826 236.811707 262.526855 241.219482 189.270996 137.413239 104.336700 128.387451 156.954620 172.216049 162.478516 135.323273 106.600754 75.970047 83.520363 95.065109 102.020287 99.491196 90.246391 79.509247,
 57.012428 56.305111 54.597172 52.919205 51.304501 49.405704 47.567627 70.602531 74.804993 77.717461 77.898834 73.159920 64.407913 55.860592 79.775406 92.430542 105.031364 110.512604 102.146889 84.630188 68.113708 78.741081 97.437454 117.600800 127.312508 117.600800 97.437454 78.741081 68.113708 84.630188 102.146889 110.512604 105.031364 92.430542 79.775406 55.860592 64.407913 73.159920 77.898834 77.717461 74.804993 70.602531 47.567627 49.405704 51.304501 52.919205 54.597172 56.305111 57.012428,
 1.511018 1.953782 2.281050 2.364663 2.174103 1.751044 1.207335 1.515836 2.107533 2.595076 2.778830 2.561384 2.024551 1.414988 2.100770 3.073614 4.078055 4.620093 4.267829 3.241927 2.225665 2.702865 4.058774 5.563051 6.286312 5.563051 4.058774 2.702865 2.225665 3.241927 4.267829 4.620093 4.078055 3.073614 2.100770 1.414988 2.024551 2.561384 2.778830 2.595076 2.107533 1.515836 1.207335 1.751044 2.174103 2.364663 2.281050 1.953782 1.511018,
 8.770960 9.379155 9.250374 8.958107 9.289280 9.820813 10.164734 11.527949 14.004471 15.940029 15.960479 15.244993 14.953180 14.646806 15.200414 19.063299 23.806164 25.132778 22.353859 19.604700 17.910360 17.997169 21.397451 26.763565 30.075346 26.763565 21.397451 17.997169 17.910360 19.604700 22.353859 25.132778 23.806164 19.063299 15.200414 14.646806 14.953180 15.244993 15.960479 15.940029 14.004471 11.527949 10.164734 9.820813 9.289280 8.958107 9.250374 9.379155 8.770960,
 50.821468 64.869865 76.623436 76.228905 62.781319 47.917236 41.343235 66.677399 91.738350 114.718376 117.347122 96.137123 69.530846 54.248360 80.499886 116.048523 153.762589 165.420212 139.162003 98.890137 70.532509 82.205963 119.597260 165.481216 188.319626 165.481216 119.597260 82.205963 70.532509 98.890137 139.162003 165.420212 153.762589 116.048523 80.499886 54.248360 69.530846 96.137123 117.347122 114.718376 91.738350 66.677399 41.343235 47.917236 62.781319 76.228905 76.623436 64.869865 50.821468,
 15.168638 17.572598 18.803938 18.409784 15.996486 12.459203 9.568575 19.429176 25.057875 29.541851 30.165867 25.621120 18.248682 12.539566 21.606630 31.046448 41.546829 45.836487 39.173172 26.523148 16.745020 20.383089 31.993698 46.759071 54.220863 46.759071 31.993698 20.383089 16.745020 26.523148 39.173172 45.836487 41.546829 31.046448 21.606630 12.539566 18.248682 25.621120 30.165867 29.541851 25.057875 19.429176 9.568575 12.459203 15.996486 18.409784 18.803938 17.572598 15.168638,
 0.066771 0.935111 1.551448 1.700163 1.381743 0.832215 0.313337 0.311243 1.391783 2.221177 2.505394 2.163791 1.413046 0.600196 0.975754 2.350422 3.507686 3.964648 3.496055 2.389853 1.175153 1.515460 3.078519 4.497458 5.096283 4.497458 3.078519 1.515460 1.175153 2.389853 3.496055 3.964648 3.507686 2.350422 0.975754 0.600196 1.413046 2.163791 2.505394 2.221177 1.391783 0.311243 0.313337 0.832215 1.381743 1.700163 1.551448 0.935111 0.066771,
 -3.525396 -2.873545 -2.294118 -2.189466 -1.742593 -1.110535 -0.500953 -3.191606 -1.795307 0.120068 0.717275 0.596581 0.614741 0.531419 -1.250401 1.082941 4.534971 5.807903 4.092858 2.271253 1.234233 0.648211 2.801477 6.587819 8.963711 6.587819 2.801477 0.648211 1.234233 2.271253 4.092858 5.807903 4.534971 1.082941 -1.250401 0.531419 0.614741 0.596581 0.717275 0.120068 -1.795307 -3.191606 -0.500953 -1.110535 -1.742593 -2.189466 -2.294118 -2.873545 -3.525396,
 -14.133690 -15.656993 -13.942103 -11.097409 -9.023349 -7.997003 -7.094563 -11.149428 -7.416112 -1.164183 3.745478 4.741492 2.815083 0.177752 1.639153 10.822237 21.796471 28.165466 25.827080 18.107939 10.092461 12.373478 23.589785 35.906479 41.848923 35.906479 23.589785 12.373478 10.092461 18.107939 25.827080 28.165466 21.796471 10.822237 1.639153 0.177752 2.815083 4.741492 3.745478 -1.164183 -7.416112 -11.149428 -7.094563 -7.997003 -9.023349 -11.097409 -13.942103 -15.656993 -14.133690,
 2.261356 1.358507 0.510282 0.337506 0.253007 -0.802046 -2.633109 1.641034 2.143711 2.536523 3.087660 2.465092 -0.482400 -3.351891 0.610523 2.630309 5.620986 8.333899 6.776956 1.607922 -2.002108 -0.379050 2.955898 8.574884 12.030383 8.574884 2.955898 -0.379050 -2.002108 1.607922 6.776956 8.333899 5.620986 2.630309 0.610523 -3.351891 -0.482400 2.465092 3.087660 2.536523 2.143711 1.641034 -2.633109 -0.802046 0.253007 0.337506 0.510282 1.358507 2.261356,

Pairwise cross-correlations of the modulus of all oriented sub-bands at the same scale (size QxQ)
 12.864843 9.498371 14.924901 18.601112,
 9.498371 103.528435 176.598831 50.703243,
 14.924901 176.598831 584.952637 263.170319,
 18.601112 50.703243 263.170319 206.289536,
 10.725735 8.788113 14.000961 12.567712,
 8.788113 58.455818 88.487999 24.693457,
 14.000961 88.487999 307.880188 146.339706,
 12.567712 24.693457 146.339706 127.312500,
 6.286312 4.520349 6.781517 5.477911,
 4.520349 30.075348 51.985386 20.493362,
 6.781517 51.985386 188.319641 79.613335,
 5.477911 20.493362 79.613335 54.220860,
 5.096283 -0.068877 -2.433608 0.846483,
 -0.068877 8.963711 10.807425 1.203849,
 -2.433608 10.807425 41.848923 13.011408,
 0.846483 1.203849 13.011408 12.030384,

Cross-correlations of the modulus of all oriented sub-bands with all oriented sub-bands at the coarser scale (size QxQ)
 7.998634 6.914298 8.563835 11.880499,
 10.233486 34.415695 49.988903 18.175703,
 20.678808 49.009369 118.005272 59.029190,
 15.637014 15.375465 58.174976 56.393127,
 5.449491 6.122335 9.059436 7.555555,
 5.328416 15.293365 15.915191 4.923315,
 8.659073 29.523960 74.344559 34.801006,
 6.538465 15.863525 54.848831 33.194653,
 3.365238 0.734232 -0.180666 1.956913,
 1.236689 2.251291 1.788234 4.076960,
 1.561438 -2.669021 4.974468 9.930116,
 1.931094 0.207670 3.360708 5.037460,

Cross-correlations of the real part of each oriented sub-band with both the real and imaginary part of all phase-doubled oriented sub-bands at the next coarser scale (Q matrices of size 1x2Q, which are computed and stored in a matrix of size Qx2Q)
 -1.466454 -1.471666 -1.723447 -3.722310 0.368770 0.002821 -0.166040 0.267276,
 -0.767462 -27.398176 -26.747183 -6.687527 0.182041 -3.121763 -6.564768 -1.294366,
 -2.547190 -42.397320 -64.818024 -46.300686 -0.166603 -5.220768 -12.506939 -2.452168,
 -3.407358 -8.533447 -29.932312 -41.405125 -0.241546 -1.167108 -3.012419 0.803158,
 -0.020969 -0.482524 0.100866 -0.485015 -0.183791 -0.266755 0.064901 0.213687,
 -0.154642 -6.548644 0.838769 1.107467 -0.156651 5.511534 7.546050 -0.658327,
 -0.309423 -5.208569 16.955482 4.672148 -0.220376 12.151796 3.419690 -8.713619,
 -0.430192 1.125761 11.950435 1.403399 -0.231190 2.373103 -5.163010 -5.524984,
 0.820210 -0.037268 0.080931 -0.069164 -0.315493 -0.049097 -0.252042 0.128507,
 0.428064 -8.942467 -14.531790 -2.418742 -0.072496 -1.614845 -1.032761 0.171372,
 -0.080950 -17.288900 -37.318745 -11.219219 -0.122914 -2.220909 0.576825 2.269353,
 0.194871 -4.493235 -12.445869 -6.911760 -0.301432 -0.441963 0.606757 2.023375,
