Low-band skewness and kurtosis
 -0.687272 2.234586,
 -0.657036 2.360113,
 -0.640741 2.463502,
 -0.536851 2.151522,
 -0.460238 1.896928,

High-band variance
 840.854675,

Skewness, kurtosis, variance, mean, maximum and minimum of the reconstructed texture
 -0.791131 2.111797 6011.894043 192.505249 255.000000 4.000000,

Auto-correlations of the low-frequency bands at each scale
 1994.340942 2002.495605 2015.993530 2031.290527 2045.750122 2067.113281 2101.227051 2152.160400 2050.295166 1986.429932 1974.454712 2015.739258 2107.508057 2232.931396 3487.415283 3523.631592 3564.125977 3591.317383 3586.543945 3557.553955 3514.604248 4522.283691 4741.289062 4908.950195 4974.896484 4908.950195 4741.289062 4522.283691 3514.604248 3557.553955 3586.543945 3591.317383 3564.125977 3523.631592 3487.415283 2232.931396 2107.508057 2015.739258 1974.454712 1986.429932 2050.295166 2152.160400 2101.227051 2067.113281 2045.750122 2031.290527 2015.993530 2002.495605 1994.340942,
 1779.937622 1752.796997 1731.592896 1713.408203 1697.494995 1690.899780 1697.817749 1880.387207 1819.407959 1785.589844 1781.591553 1804.343262 1856.719727 1932.743408 2746.052246 2790.567871 2845.501953 2889.394531 2900.807129 2890.272949 2871.535156 3455.562500 3601.414307 3719.942627 3768.885742 3719.942627 3601.414307 3455.562500 2871.535156 2890.272949 2900.807129 2889.394531 2845.501953 2790.567871 2746.052246 1932.743408 1856.719727 1804.343262 1781.591553 1785.589844 1819.407959 1880.387207 1697.817749 1690.899780 1697.494995 1713.408203 1731.592896 1752.796997 1779.937622,
 1652.014526 1660.740601 1671.706787 1686.161377 1701.150146 1712.650269 1721.509399 1750.984619 1705.685547 1683.012085 1684.726685 1702.353394 1733.865234 1777.512451 2330.777100 2332.072754 2348.636230 2361.783203 2347.938965 2317.399414 2285.653564 2755.132324 2851.812256 2937.247803 2974.990723 2937.247803 2851.812256 2755.132324 2285.653564 2317.399414 2347.938965 2361.783203 2348.636230 2332.072754 2330.777100 1777.512451 1733.865234 1702.353394 1684.726685 1683.012085 1705.685547 1750.984619 1721.509399 1712.650269 1701.150146 1686.161377 1671.706787 1660.740601 1652.014526,
 597.144714 605.041321 606.659973 609.079468 615.601379 621.866150 624.528992 1395.495361 1348.771973 1300.874268 1271.671997 1268.151123 1285.778320 1315.606445 2043.886841 2042.180542 2047.875488 2053.334473 2042.917969 2022.567261 2006.181030 2329.873291 2391.688477 2453.349121 2481.817383 2453.349121 2391.688477 2329.873291 2006.181030 2022.567261 2042.917969 2053.334473 2047.875488 2042.180542 2043.886841 1315.606445 1285.778320 1268.151123 1271.671997 1300.874268 1348.771973 1395.495361 624.528992 621.866150 615.601379 609.079468 606.659973 605.041321 597.144714,
 -1428.727905 -1429.915894 -1437.333618 -1441.139404 -1436.051880 -1430.035278 -1430.080444 -178.112244 -180.093582 -182.598160 -181.798645 -180.057388 -179.957199 -180.305878 1430.199341 1435.227661 1443.432007 1447.334717 1437.938354 1424.487183 1420.624146 2207.400635 2218.439209 2239.135254 2250.869141 2239.135254 2218.439209 2207.400635 1420.624146 1424.487183 1437.938354 1447.334717 1443.432007 1435.227661 1430.199341 -180.305878 -179.957199 -180.057388 -181.798645 -182.598160 -180.093582 -178.112244 -1430.080444 -1430.035278 -1436.051880 -1441.139404 -1437.333618 -1429.915894 -1428.727905,

Auto-correlations of the modulus of each oriented sub-band
 2.765086 3.902833 4.882580 5.275393 4.892914 3.948223 2.866941 3.247722 4.450521 5.487337 5.907449 5.484364 4.437975 3.254686 3.916693 5.368186 6.592860 7.051670 6.518981 5.297702 3.909173 4.213164 5.880634 7.426625 8.084961 7.426625 5.880634 4.213164 3.909173 5.297702 6.518981 7.051670 6.592860 5.368186 3.916693 3.254686 4.437975 5.484364 5.907449 5.487337 4.450521 3.247722 2.866941 3.948223 4.892914 5.275393 4.882580 3.902833 2.765086,
 41.009399 45.288708 50.019672 53.970093 56.298428 57.259159 57.719864 59.491962 67.745346 76.129799 81.193039 81.816185 79.680862 77.022690 80.391785 92.845207 105.680237 111.906418 108.544250 100.200386 92.017914 93.788727 106.618698 120.263222 126.787102 120.263222 106.618698 93.788727 92.017914 100.200386 108.544250 111.906418 105.680237 92.845207 80.391785 77.022690 79.680862 81.816185 81.193039 76.129799 67.745346 59.491962 57.719864 57.259159 56.298428 53.970093 50.019672 45.288708 41.009399,
 247.497894 260.925659 276.363953 288.229156 292.728638 291.454956 287.444122 334.097626 364.858459 396.373627 416.087036 415.468536 399.007935 376.753937 433.188629 485.140686 535.156250 561.398132 549.169922 509.074646 461.799530 488.701843 550.072754 606.386597 630.892517 606.386597 550.072754 488.701843 461.799530 509.074646 549.169922 561.398132 535.156250 485.140686 433.188629 376.753937 399.007935 415.468536 416.087036 396.373627 364.858459 334.097626 287.444122 291.454956 292.728638 288.229156 276.363953 260.925659 247.497894,
 62.349430 62.463154 62.971348 62.924126 61.728741 60.302578 59.410770 79.239136 81.820930 84.826744 86.058174 83.525642 78.838127 74.728058 94.894066 101.229965 108.691177 112.685722 108.427353 99.369904 91.359749 100.134430 109.272995 120.071121 125.660309 120.071121 109.272995 100.134430 91.359749 99.369904 108.427353 112.685722 108.691177 101.229965 94.894066 74.728058 78.838127 83.525642 86.058174 84.826744 81.820930 79.239136 59.410770 60.302578 61.728741 62.924126 62.971348 62.463154 62.349430,
 2.611342 3.431621 4.117646 4.376925 4.090298 3.408736 2.637862 2.945985 3.905838 4.775470 5.159513 4.860105 4.057386 3.149633 3.559803 4.887417 6.176795 6.754242 6.260364 5.039700 3.747368 4.004343 5.594718 7.193631 7.908347 7.193631 5.594718 4.004343 3.747368 5.039700 6.260364 6.754242 6.176795 4.887417 3.559803 3.149633 4.057386 4.860105 5.159513 4.775470 3.905838 2.945985 2.637862 3.408736 4.090298 4.376925 4.117646 3.431621 2.611342,
 22.249897 24.399445 26.472361 28.220289 29.699400 30.832062 31.530701 34.348492 39.047520 43.903603 46.509830 46.548927 45.519329 44.146557 48.889378 56.337097 64.715157 68.645035 65.759758 60.259254 55.306683 57.842072 65.662529 74.908813 79.714035 74.908813 65.662529 57.842072 55.306683 60.259254 65.759758 68.645035 64.715157 56.337097 48.889378 44.146557 45.519329 46.548927 46.509830 43.903603 39.047520 34.348492 31.530701 30.832062 29.699400 28.220289 26.472361 24.399445 22.249897,
 125.205429 132.931183 139.271271 142.741486 142.055023 137.578278 131.576736 184.099686 203.412933 217.521317 221.277863 212.252029 193.772125 172.720993 243.708588 281.616760 310.945465 319.941589 303.038361 267.720703 227.212311 262.182007 311.413300 352.729279 369.641876 352.729279 311.413300 262.182007 227.212311 267.720703 303.038361 319.941589 310.945465 281.616760 243.708588 172.720993 193.772125 212.252029 221.277863 217.521317 203.412933 184.099686 131.576736 137.578278 142.055023 142.741486 139.271271 132.931183 125.205429,
 27.700451 28.378958 28.852608 28.868191 27.805443 25.874727 24.135746 36.959877 39.440495 41.486614 42.304077 40.278797 35.756649 31.166346 45.761356 51.432953 57.143436 60.236572 56.777790 48.612778 40.667110 47.403740 55.911896 65.138336 69.787949 65.138336 55.911896 47.403740 40.667110 48.612778 56.777790 60.236572 57.143436 51.432953 45.761356 31.166346 35.756649 40.278797 42.304077 41.486614 39.440495 36.959877 24.135746 25.874727 27.805443 28.868191 28.852608 28.378958 27.700451,
 1.702223 2.536159 3.300793 3.610549 3.241673 2.401391 1.516191 2.126296 3.177077 4.017404 4.226747 3.676666 2.714437 1.818512 2.651613 4.209479 5.543414 5.895240 5.041238 3.594826 2.302719 2.762850 4.534621 6.349685 7.168358 6.349685 4.534621 2.762850 2.302719 3.594826 5.041238 5.895240 5.543414 4.209479 2.651613 1.818512 2.714437 3.676666 4.226747 4.017404 3.177077 2.126296 1.516191 2.401391 3.241673 3.610549 3.300793 2.536159 1.702223,
 5.796281 7.412675 8.332201 8.333822 8.189726 8.477478 9.080643 10.088650 14.966928 19.056984 20.243006 19.475277 18.531652 17.772144 18.295059 26.524376 34.776634 37.649323 34.333069 29.089111 24.646706 25.001625 33.199600 42.532040 47.155724 42.532040 33.199600 25.001625 24.646706 29.089111 34.333069 37.649323 34.776634 26.524376 18.295059 17.772144 18.531652 19.475277 20.243006 19.056984 14.966928 10.088650 9.080643 8.477478 8.189726 8.333822 8.332201 7.412675 5.796281,
 68.012291 74.778595 80.501350 83.290756 82.129143 78.021057 72.729134 99.413284 116.142471 130.657593 137.981995 135.388245 125.060318 111.425385 139.167969 167.526657 191.957382 203.275208 196.305710 175.469284 149.350189 162.517822 195.825287 223.854202 235.341568 223.854202 195.825287 162.517822 149.350189 175.469284 196.305710 203.275208 191.957382 167.526657 139.167969 111.425385 125.060318 135.388245 137.981995 130.657593 116.142471 99.413284 72.729134 78.021057 82.129143 83.290756 80.501350 74.778595 68.012291,
 20.174999 20.389887 20.696817 19.968998 17.885954 16.021544 14.650356 27.672092 29.393444 30.261740 30.039566 28.640520 25.729038 22.247944 33.822418 36.633568 39.256676 41.683647 40.124428 34.593430 29.733740 34.698765 38.724468 44.338806 47.854347 44.338806 38.724468 34.698765 29.733740 34.593430 40.124428 41.683647 39.256676 36.633568 33.822418 22.247944 25.729038 28.640520 30.039566 30.261740 29.393444 27.672092 14.650356 16.021544 17.885954 19.968998 20.696817 20.389887 20.174999,
 -0.226829 0.333073 0.894385 1.217220 1.146396 0.706671 0.070723 -0.020810 0.620534 1.138164 1.319228 1.099916 0.567922 -0.067280 0.143880 0.935759 1.727484 2.121860 1.845680 1.058682 0.211777 0.426312 1.596622 2.828553 3.396413 2.828553 1.596622 0.426312 0.211777 1.058682 1.845680 2.121860 1.727484 0.935759 0.143880 -0.067280 0.567922 1.099916 1.319228 1.138164 0.620534 -0.020810 0.070723 0.706671 1.146396 1.217220 0.894385 0.333073 -0.226829,
 3.729913 6.928686 8.687970 8.350619 6.978490 4.548982 0.742657 5.443017 10.044996 13.185084 12.616326 9.719010 6.322588 2.336037 5.761886 12.065975 17.978701 18.746405 14.154368 8.443913 3.404275 4.628242 10.998956 18.344301 22.215128 18.344301 10.998956 4.628242 3.404275 8.443913 14.154368 18.746405 17.978701 12.065975 5.761886 2.336037 6.322588 9.719010 12.616326 13.185084 10.044996 5.443017 0.742657 4.548982 6.978490 8.350619 8.687970 6.928686 3.729913,
 -2.463807 -2.556320 1.119499 7.290118 10.218429 7.724874 2.449482 1.458752 5.822533 15.128777 24.483679 25.620922 18.548191 9.130774 9.978349 20.515326 35.438522 46.071865 42.811409 29.640364 15.936351 16.706264 31.279198 48.081173 56.403336 48.081173 31.279198 16.706264 15.936351 29.640364 42.811409 46.071865 35.438522 20.515326 9.978349 9.130774 18.548191 25.620922 24.483679 15.128777 5.822533 1.458752 2.449482 7.724874 10.218429 7.290118 1.119499 -2.556320 -2.463807,
 0.182758 0.838045 2.380807 4.208890 5.425915 5.007319 3.130359 3.027565 4.246959 6.492986 8.937194 9.755500 7.921466 4.889757 5.714876 8.083268 11.590648 14.462906 13.969428 10.334849 6.503120 7.003534 10.584209 14.968694 17.198177 14.968694 10.584209 7.003534 6.503120 10.334849 13.969428 14.462906 11.590648 8.083268 5.714876 4.889757 7.921466 9.755500 8.937194 6.492986 4.246959 3.027565 3.130359 5.007319 5.425915 4.208890 2.380807 0.838045 0.182758,

Pairwise cross-correlations of the modulus of all oriented sub-bands at the same scale (size QxQ)
 8.084961 8.646246 11.271670 7.989310,
 8.646246 126.787109 231.569122 65.143005,
 11.271670 231.569122 630.892700 236.465652,
 7.989310 65.143005 236.465652 125.660339,
 7.908347 7.066095 9.995232 6.311939,
 7.066095 79.714043 138.033676 34.380405,
 9.995232 138.033676 369.641937 131.066071,
 6.311939 34.380405 131.066071 69.787949,
 7.168358 6.034489 5.484422 2.630432,
 6.034489 47.155731 78.313576 19.389553,
 5.484422 78.313576 235.341583 87.805664,
 2.630432 19.389553 87.805664 47.854347,
 3.396413 2.820413 0.437095 1.359963,
 2.820413 22.215130 18.580887 6.271319,
 0.437095 18.580887 56.403332 23.304253,
 1.359963 6.271319 23.304253 17.198177,

Cross-correlations of the modulus of all oriented sub-bands with all oriented sub-bands at the coarser scale (size QxQ)
 5.834785 6.386043 7.417364 5.372218,
 8.825578 43.883129 72.588188 23.201057,
 14.672014 70.730881 173.574524 72.190231,
 7.925941 20.794361 69.916550 39.405293,
 5.399168 6.801844 6.367591 3.223327,
 5.296555 22.912170 37.233673 10.053850,
 8.863333 32.374905 95.500587 40.788940,
 4.903611 9.001269 41.035706 23.960211,
 2.712922 5.007682 3.520452 3.693477,
 2.309120 6.487322 10.704422 8.440911,
 2.406085 -3.882328 25.735703 22.818203,
 1.071621 -4.087064 7.248798 10.535295,

Cross-correlations of the real part of each oriented sub-band with both the real and imaginary part of all phase-doubled oriented sub-bands at the next coarser scale (Q matrices of size 1x2Q, which are computed and stored in a matrix of size Qx2Q)
 -0.520198 -1.393705 -0.976304 -0.739798 1.187840 0.060548 -0.051407 -0.171386,
 -0.937907 -32.885067 -33.124393 -3.943288 0.409678 3.508740 5.538170 2.097646,
 -1.007227 -49.708729 -58.476067 -14.248678 -0.080815 7.821373 14.192647 5.012768,
 -0.474813 -9.331515 -14.918622 -9.111709 0.441845 2.249369 4.534312 1.234055,
 -0.157135 -1.128502 -0.481732 -0.287730 0.734328 -0.227530 -0.013905 -0.244701,
 -0.604490 -15.172813 -17.889744 -4.404615 0.133205 -4.150908 -5.019518 -0.595882,
 -0.430907 -18.391836 -33.651569 -15.170527 -0.317486 -7.846992 -4.962300 1.722748,
 -0.071276 -2.500453 -9.976371 -7.613666 0.232716 -1.731062 1.663980 1.743076,
 0.490660 0.145508 -0.084797 0.150633 1.280352 -0.101642 -0.220437 -0.519869,
 0.395976 -9.595257 -14.013962 -1.282012 0.694687 -3.886983 -5.247858 0.712831,
 0.021563 -16.722149 -22.067532 0.489154 0.290429 -4.883823 -10.243985 -2.300855,
 0.114808 -3.136027 -2.449781 2.326684 0.643082 -0.637549 -4.115794 -3.753072,
