Low-band skewness and kurtosis
 -0.625415 2.272769,
 -0.516839 2.247637,
 -0.237681 1.818142,
 -0.147610 1.748456,
 0.447506 1.715954,

High-band variance
 907.223999,

Skewness, kurtosis, variance, mean, maximum and minimum of the reconstructed texture
 -0.718680 2.026049 5763.886719 191.055542 255.000000 5.000000,

Auto-correlations of the low-frequency bands at each scale
 1321.830444 1307.269531 1293.492554 1281.297974 1268.768433 1257.913330 1248.568481 1044.494873 1035.942261 1038.419312 1051.460205 1070.903931 1100.421509 1140.606934 2713.003418 2779.226074 2850.095215 2914.633301 2961.162598 2999.826172 3040.837402 4495.567871 4551.860352 4599.627930 4620.736816 4599.627930 4551.860352 4495.567871 3040.837402 2999.826172 2961.162598 2914.633301 2850.095215 2779.226074 2713.003418 1140.606934 1100.421509 1070.903931 1051.460205 1038.419312 1035.942261 1044.494873 1248.568481 1257.913330 1268.768433 1281.297974 1293.492554 1307.269531 1321.830444,
 957.556946 937.442078 916.570557 897.710205 881.400757 867.301697 854.191956 933.916748 922.972534 917.618530 920.406982 930.748779 949.345581 974.697998 1994.991333 2042.260498 2092.417725 2136.949707 2167.813232 2191.598389 2216.146240 3082.876221 3129.000732 3169.187988 3186.682129 3169.187988 3129.000732 3082.876221 2216.146240 2191.598389 2167.813232 2136.949707 2092.417725 2042.260498 1994.991333 974.697998 949.345581 930.748779 920.406982 917.618530 922.972534 933.916748 854.191956 867.301697 881.400757 897.710205 916.570557 937.442078 957.556946,
 293.445984 289.016113 284.951508 285.725891 292.647980 302.735718 312.779846 593.139893 580.185852 571.593445 571.057129 580.185364 596.853210 615.857544 1530.534912 1545.856445 1565.596558 1580.809326 1585.656616 1585.737305 1586.527832 2228.362793 2261.118896 2293.004395 2307.424805 2293.004395 2261.118896 2228.362793 1586.527832 1585.737305 1585.656616 1580.809326 1565.596558 1545.856445 1530.534912 615.857544 596.853210 580.185364 571.057129 571.593445 580.185852 593.139893 312.779846 302.735718 292.647980 285.725891 284.951508 289.016113 293.445984,
 386.865082 386.571472 383.544037 379.669556 376.608673 374.964905 374.529877 274.057129 263.550140 253.846283 249.921570 253.170135 261.421661 269.894653 984.719055 986.493408 994.037598 1003.176819 1007.864136 1008.939331 1008.589050 1661.142090 1675.901855 1692.845093 1701.119873 1692.845093 1675.901855 1661.142090 1008.589050 1008.939331 1007.864136 1003.176819 994.037598 986.493408 984.719055 269.894653 261.421661 253.170135 249.921570 253.846283 263.550140 274.057129 374.529877 374.964905 376.608673 379.669556 383.544037 386.571472 386.865082,
 -750.300537 -749.723511 -749.048889 -749.542175 -750.532776 -750.485474 -749.929810 -46.479115 -48.670319 -50.263184 -51.062283 -50.272949 -47.476929 -44.823452 748.297058 747.922424 749.965698 751.892517 751.361572 750.263123 750.187683 1117.029541 1119.294800 1124.360474 1127.366577 1124.360474 1119.294800 1117.029541 750.187683 750.263123 751.361572 751.892517 749.965698 747.922424 748.297058 -44.823452 -47.476929 -50.272949 -51.062283 -50.263184 -48.670319 -46.479115 -749.929810 -750.485474 -750.532776 -749.542175 -749.048889 -749.723511 -750.300537,

Auto-correlations of the modulus of each oriented sub-band
 2.871871 4.071491 5.075448 5.473444 5.071532 4.068513 2.874528 3.071157 4.373538 5.473465 5.912723 5.470328 4.369031 3.067888 3.499477 5.076293 6.434046 6.982304 6.431045 5.071165 3.493342 3.790874 5.574128 7.128688 7.762429 7.128688 5.574128 3.790874 3.493342 5.071165 6.431045 6.982304 6.434046 5.076293 3.499477 3.067888 4.369031 5.470328 5.912723 5.473465 4.373538 3.071157 2.874528 4.068513 5.071532 5.473444 5.075448 4.071491 2.871871,
 35.521076 36.196785 36.523499 36.492832 36.337318 36.277512 36.322102 56.684532 58.633083 59.810619 59.697094 58.844410 58.037327 57.475563 80.479866 83.919838 86.667702 87.164688 85.432243 83.115211 81.070976 91.787064 95.341850 98.841614 100.500870 98.841614 95.341850 91.787064 81.070976 83.115211 85.432243 87.164688 86.667702 83.919838 80.479866 57.475563 58.037327 58.844410 59.697094 59.810619 58.633083 56.684532 36.322102 36.277512 36.337318 36.492832 36.523499 36.196785 35.521076,
 223.488785 228.496536 232.921738 235.869171 236.568405 235.762619 234.648880 364.951874 375.941254 384.815094 389.798340 389.329010 384.763763 378.359406 527.156616 545.484741 559.617004 566.354858 563.106873 552.243042 537.350342 607.453674 628.461060 644.249756 650.581970 644.249756 628.461060 607.453674 537.350342 552.243042 563.106873 566.354858 559.617004 545.484741 527.156616 378.359406 384.763763 389.329010 389.798340 384.815094 375.941254 364.951874 234.648880 235.762619 236.568405 235.869171 232.921738 228.496536 223.488785,
 28.281178 29.366692 30.472738 31.157158 31.091932 30.418007 29.476978 44.831718 46.915180 48.790043 49.899017 49.709805 48.186413 46.034424 63.480110 66.943398 70.048553 71.898972 71.169891 68.109947 64.337646 72.510147 76.913574 80.902710 82.724182 80.902710 76.913574 72.510147 64.337646 68.109947 71.169891 71.898972 70.048553 66.943398 63.480110 46.034424 48.186413 49.709805 49.899017 48.790043 46.915180 44.831718 29.476978 30.418007 31.091932 31.157158 30.472738 29.366692 28.281178,
 1.498355 2.323651 3.044164 3.355475 3.111739 2.444508 1.646591 1.514578 2.335440 3.059685 3.385112 3.156061 2.495536 1.693231 1.783384 2.753067 3.613472 3.988644 3.685346 2.870631 1.910771 2.102537 3.255172 4.271932 4.689250 4.271932 3.255172 2.102537 1.910771 2.870631 3.685346 3.988644 3.613472 2.753067 1.783384 1.693231 2.495536 3.156061 3.385112 3.059685 2.335440 1.514578 1.646591 2.444508 3.111739 3.355475 3.044164 2.323651 1.498355,
 27.343460 28.148169 28.832384 29.248383 29.278105 29.019125 28.648163 36.815689 39.059425 41.036247 42.052444 42.045570 41.381546 40.533546 50.322140 54.026470 57.522869 59.091900 58.261295 56.220562 54.094349 58.942383 62.627377 66.322296 68.024910 66.322296 62.627377 58.942383 54.094349 56.220562 58.261295 59.091900 57.522869 54.026470 50.322140 40.533546 41.381546 42.045570 42.052444 41.036247 39.059425 36.815689 28.648163 29.019125 29.278105 29.248383 28.832384 28.148169 27.343460,
 152.720230 153.603500 154.382126 153.526611 150.536270 147.381729 145.094406 219.145294 226.475372 232.899521 235.749329 233.704117 229.479828 225.068176 310.178955 324.564240 336.876221 343.039490 340.325562 332.282562 322.378296 363.742859 379.489197 392.513428 398.158691 392.513428 379.489197 363.742859 322.378296 332.282562 340.325562 343.039490 336.876221 324.564240 310.178955 225.068176 229.479828 233.704117 235.749329 232.899521 226.475372 219.145294 145.094406 147.381729 150.536270 153.526611 154.382126 153.603500 152.720230,
 17.091551 17.200930 17.382145 17.482849 17.383869 17.107504 16.667219 23.724615 25.012794 26.530500 27.693247 27.845560 26.957611 25.640818 33.203850 35.999165 39.068745 41.143833 40.770809 38.392452 35.641914 39.256248 42.802887 46.418381 48.132324 46.418381 42.802887 39.256248 35.641914 38.392452 40.770809 41.143833 39.068745 35.999165 33.203850 25.640818 26.957611 27.845560 27.693247 26.530500 25.012794 23.724615 16.667219 17.107504 17.383869 17.482849 17.382145 17.200930 17.091551,
 0.580480 0.908550 1.250827 1.408737 1.267991 0.917121 0.556941 0.642304 0.968352 1.307406 1.463951 1.332009 1.008423 0.682418 0.901753 1.337723 1.776051 1.966638 1.782451 1.360574 0.935875 1.174909 1.769620 2.356465 2.614999 2.356465 1.769620 1.174909 0.935875 1.360574 1.782451 1.966638 1.776051 1.337723 0.901753 0.682418 1.008423 1.332009 1.463951 1.307406 0.968352 0.642304 0.556941 0.917121 1.267991 1.408737 1.250827 0.908550 0.580480,
 0.032087 -0.512088 -1.325633 -2.414571 -3.462323 -4.108129 -4.087632 8.629211 9.071437 8.840018 7.427809 5.494201 4.137374 3.581209 18.000662 20.184446 21.958050 21.537310 18.834991 16.179956 14.485178 21.154787 23.883209 27.230076 29.059147 27.230076 23.883209 21.154787 14.485178 16.179956 18.834991 21.537310 21.958050 20.184446 18.000662 3.581209 4.137374 5.494201 7.427809 8.840018 9.071437 8.629211 -4.087632 -4.108129 -3.462323 -2.414571 -1.325633 -0.512088 0.032087,
 -11.706448 -11.911814 -12.132009 -13.233382 -15.978389 -19.249083 -21.678715 32.389225 36.219265 39.941807 41.886288 40.354900 36.632870 33.007587 94.593681 103.544060 111.820992 116.392883 114.371330 107.862892 100.490120 130.142166 140.838928 150.344757 154.570038 150.344757 140.838928 130.142166 100.490120 107.862892 114.371330 116.392883 111.820992 103.544060 94.593681 33.007587 36.632870 40.354900 41.886288 39.941807 36.219265 32.389225 -21.678715 -19.249083 -15.978389 -13.233382 -12.132009 -11.911814 -11.706448,
 -1.050556 -0.828530 -0.120064 0.591638 0.825719 0.400643 -0.389825 4.624971 5.377426 6.890742 8.467265 8.806728 7.513532 5.856404 12.054132 13.672221 16.634624 19.189690 18.739689 15.759568 13.138262 16.146385 18.719580 22.689253 24.846098 22.689253 18.719580 16.146385 13.138262 15.759568 18.739689 19.189690 16.634624 13.672221 12.054132 5.856404 7.513532 8.806728 8.467265 6.890742 5.377426 4.624971 -0.389825 0.400643 0.825719 0.591638 -0.120064 -0.828530 -1.050556,
 0.126688 0.216420 0.243936 0.184706 0.078650 -0.017728 -0.089354 0.196738 0.309816 0.361450 0.315218 0.195083 0.071333 -0.025582 0.269945 0.483071 0.655473 0.654657 0.457152 0.211136 0.040821 0.178544 0.469433 0.832410 1.017830 0.832410 0.469433 0.178544 0.040821 0.211136 0.457152 0.654657 0.655473 0.483071 0.269945 -0.025582 0.071333 0.195083 0.315218 0.361450 0.309816 0.196738 -0.089354 -0.017728 0.078650 0.184706 0.243936 0.216420 0.126688,
 -7.727589 -5.649946 -3.637202 -3.650631 -5.093783 -6.477843 -7.277622 2.945906 5.622886 9.211634 9.646904 7.069656 4.810638 4.014820 13.682382 16.378649 21.318193 23.173096 19.652033 15.982283 14.691905 18.739014 20.815336 25.777763 29.127308 25.777763 20.815336 18.739014 14.691905 15.982283 19.652033 23.173096 21.318193 16.378649 13.682382 4.014820 4.810638 7.069656 9.646904 9.211634 5.622886 2.945906 -7.277622 -6.477843 -5.093783 -3.650631 -3.637202 -5.649946 -7.727589,
 -43.889709 -41.860390 -39.668133 -38.312370 -38.485035 -39.729034 -41.169006 34.567150 37.615757 40.813908 42.762890 42.485867 40.620564 38.369228 112.285599 116.658134 120.908051 123.171097 122.210358 118.992332 115.235275 147.086899 151.878265 156.219955 158.081177 156.219955 151.878265 147.086899 115.235275 118.992332 122.210358 123.171097 120.908051 116.658134 112.285599 38.369228 40.620564 42.485867 42.762890 40.813908 37.615757 34.567150 -41.169006 -39.729034 -38.485035 -38.312370 -39.668133 -41.860390 -43.889709,
 -5.781676 -5.381222 -4.498035 -3.602845 -3.704639 -4.782200 -5.506330 3.908332 4.543209 5.848258 7.212026 6.920947 5.182082 4.126224 13.396583 14.289526 16.260147 18.069958 17.151592 14.686499 13.458026 17.475992 18.601965 21.172699 22.839867 21.172699 18.601965 17.475992 13.458026 14.686499 17.151592 18.069958 16.260147 14.289526 13.396583 4.126224 5.182082 6.920947 7.212026 5.848258 4.543209 3.908332 -5.506330 -4.782200 -3.704639 -3.602845 -4.498035 -5.381222 -5.781676,

Pairwise cross-correlations of the modulus of all oriented sub-bands at the same scale (size QxQ)
 7.762427 4.153799 -0.723136 4.133873,
 4.153799 100.500893 243.062790 81.551956,
 -0.723136 243.062790 650.582153 218.285141,
 4.133873 81.551956 218.285141 82.724190,
 4.689251 4.221967 1.591880 3.861641,
 4.221967 68.024902 153.604904 50.795444,
 1.591880 153.604904 398.158722 127.161156,
 3.861641 50.795444 127.161156 48.132324,
 2.615000 1.890441 0.228636 2.488550,
 1.890441 29.059153 59.152355 19.384468,
 0.228636 59.152355 154.570038 50.252602,
 2.488550 19.384468 50.252602 24.846100,
 1.017830 0.748740 3.462703 2.068717,
 0.748740 29.127304 62.604500 18.129736,
 3.462703 62.604500 158.081177 53.436203,
 2.068717 18.129736 53.436203 22.839867,

Cross-correlations of the modulus of all oriented sub-bands with all oriented sub-bands at the coarser scale (size QxQ)
 5.085814 4.318758 -1.392064 3.366271,
 3.617632 25.620211 52.425037 18.757742,
 2.513567 52.154095 126.088562 41.153366,
 3.508041 18.746082 38.965923 16.037035,
 2.665060 1.514864 -0.742918 3.712824,
 3.892481 4.505559 2.982271 3.965502,
 5.317073 4.512044 4.819021 2.269418,
 3.603452 1.866579 -1.430444 3.850523,
 0.932546 0.171170 4.342270 3.345529,
 0.422592 6.428899 18.081814 7.503565,
 -1.211886 13.129222 33.055202 10.461993,
 0.133055 2.211011 11.995534 6.890947,

Cross-correlations of the real part of each oriented sub-band with both the real and imaginary part of all phase-doubled oriented sub-bands at the next coarser scale (Q matrices of size 1x2Q, which are computed and stored in a matrix of size Qx2Q)
 -0.964233 -0.298171 0.059025 -0.117601 0.901312 0.007327 0.007873 -0.321442,
 -0.428353 -17.992859 -42.948574 -13.560997 0.325796 9.388500 21.794014 6.310426,
 -0.094573 -43.553585 -113.086670 -38.207691 0.030979 24.155912 56.988720 16.212532,
 -0.515070 -13.747293 -37.842243 -13.702986 0.422319 7.761881 18.829338 4.800869,
 -0.573642 0.167095 -0.073870 -0.432402 0.708800 -0.060858 -0.028870 -0.473438,
 -0.147585 -6.314788 -19.934032 -5.952380 0.245710 -13.890172 -37.847477 -11.149446,
 -0.033696 -19.775997 -56.985905 -18.891472 0.040025 -34.772858 -97.482315 -30.150080,
 -0.475514 -7.270610 -20.807251 -8.689365 0.487124 -10.981405 -31.754084 -11.294383,
 -0.057968 -0.121850 -0.076952 -0.383391 0.392642 0.239998 0.124335 0.017665,
 -0.043612 -9.775317 -19.874380 -6.127658 0.355300 5.407952 17.273310 7.070529,
 0.033548 -19.622751 -52.977295 -19.255800 0.062349 14.949585 56.428158 23.467272,
 -0.006840 -4.995568 -18.198402 -8.511971 0.185635 6.054825 23.533573 9.848680,
