Low-band skewness and kurtosis
 -0.594489 2.148927,
 -0.505397 2.182054,
 -0.364718 1.977273,
 -0.227915 1.742250,
 -0.250589 1.967349,

High-band variance
 948.030151,

Skewness, kurtosis, variance, mean, maximum and minimum of the reconstructed texture
 -0.706744 1.989597 6071.770508 188.981750 255.000000 3.000000,

Auto-correlations of the low-frequency bands at each scale
 2053.031250 1934.762695 1858.550293 1838.339355 1869.077393 1940.158691 2040.363770 2428.004150 2161.873047 1916.740234 1801.324829 1864.042480 2065.016113 2302.117432 3365.154785 3481.459473 3550.669922 3538.940430 3437.150879 3293.954102 3152.104004 3836.190186 4323.750000 4753.994141 4932.679688 4753.994141 4323.750000 3836.190186 3152.104004 3293.954102 3437.150879 3538.940430 3550.669922 3481.459473 3365.154785 2302.117432 2065.016113 1864.042480 1801.324829 1916.740234 2161.873047 2428.004150 2040.363770 1940.158691 1869.077393 1838.339355 1858.550293 1934.762695 2053.031250,
 1982.837524 1923.424072 1886.346313 1875.731689 1882.685669 1898.107422 1919.594604 2178.334961 2021.419312 1876.293701 1809.882080 1849.527344 1975.931274 2128.904297 2670.549072 2737.917236 2783.713623 2780.551758 2716.461182 2636.192139 2575.744873 2934.385742 3225.155518 3497.764893 3615.696289 3497.764893 3225.155518 2934.385742 2575.744873 2636.192139 2716.461182 2780.551758 2783.713623 2737.917236 2670.549072 2128.904297 1975.931274 1849.527344 1809.882080 1876.293701 2021.419312 2178.334961 1919.594604 1898.107422 1882.685669 1875.731689 1886.346313 1923.424072 1982.837524,
 1635.752075 1602.528442 1589.081421 1600.661743 1631.288208 1669.306519 1701.018188 1944.715332 1851.850098 1772.958252 1738.745605 1759.184326 1823.243896 1898.503906 2319.460449 2356.842041 2381.638428 2373.168701 2320.938232 2252.341064 2192.257812 2448.987793 2621.827148 2780.765137 2849.197266 2780.765137 2621.827148 2448.987793 2192.257812 2252.341064 2320.938232 2373.168701 2381.638428 2356.842041 2319.460449 1898.503906 1823.243896 1759.184326 1738.745605 1772.958252 1851.850098 1944.715332 1701.018188 1669.306519 1631.288208 1600.661743 1589.081421 1602.528442 1635.752075,
 640.103943 618.728760 597.528198 575.381592 557.905518 552.181519 557.989807 1403.231689 1380.875244 1336.470093 1294.912720 1274.164673 1274.431396 1278.801514 1994.653198 2029.169312 2051.190674 2050.474609 2015.399292 1960.555054 1906.605103 2200.172363 2293.666748 2388.820801 2432.026123 2388.820801 2293.666748 2200.172363 1906.605103 1960.555054 2015.399292 2050.474609 2051.190674 2029.169312 1994.653198 1278.801514 1274.431396 1274.164673 1294.912720 1336.470093 1380.875244 1403.231689 557.989807 552.181519 557.905518 575.381592 597.528198 618.728760 640.103943,
 -1338.429321 -1352.980835 -1382.739136 -1409.193115 -1405.927856 -1376.801147 -1349.344849 -71.175674 -120.968712 -195.992950 -257.805725 -263.843811 -205.252350 -123.109741 1371.898071 1414.768799 1437.466431 1416.614014 1361.201538 1314.450684 1305.875122 1989.076782 2094.047363 2212.775391 2266.340576 2212.775391 2094.047363 1989.076782 1305.875122 1314.450684 1361.201538 1416.614014 1437.466431 1414.768799 1371.898071 -123.109741 -205.252350 -263.843811 -257.805725 -195.992950 -120.968712 -71.175674 -1349.344849 -1376.801147 -1405.927856 -1409.193115 -1382.739136 -1352.980835 -1338.429321,

Auto-correlations of the modulus of each oriented sub-band
 6.488973 7.221112 7.855167 8.068090 7.687361 6.914649 6.111491 7.085865 8.197038 9.013823 9.205970 8.733282 7.798100 6.721398 8.015113 9.891654 11.475181 12.155196 11.522456 9.834893 7.840232 8.357449 11.246802 14.427681 15.952476 14.427681 11.246802 8.357449 7.840232 9.834893 11.522456 12.155196 11.475181 9.891654 8.015113 6.721398 7.798100 8.733282 9.205970 9.013823 8.197038 7.085865 6.111491 6.914649 7.687361 8.068090 7.855167 7.221112 6.488973,
 76.435028 83.802528 92.367622 100.511139 106.312828 109.596840 111.207977 95.848000 109.049957 123.876495 134.343964 136.450653 133.602097 129.269104 118.494553 137.836273 159.724487 172.256317 166.792175 152.980743 139.666794 135.736557 155.762482 178.549225 190.543060 178.549225 155.762482 135.736557 139.666794 152.980743 166.792175 172.256317 159.724487 137.836273 118.494553 129.269104 133.602097 136.450653 134.343964 123.876495 109.049957 95.848000 111.207977 109.596840 106.312828 100.511139 92.367622 83.802528 76.435028,
 258.448700 272.175568 285.677277 290.526917 282.714569 267.832611 252.676376 304.142273 340.946533 380.817352 398.743103 378.778473 338.301636 301.501526 348.345917 412.196991 485.270416 520.677429 484.438568 411.157257 347.505768 366.944336 443.518555 533.423706 578.707153 533.423706 443.518555 366.944336 347.505768 411.157257 484.438568 520.677429 485.270416 412.196991 348.345917 301.501526 338.301636 378.778473 398.743103 380.817352 340.946533 304.142273 252.676376 267.832611 282.714569 290.526917 285.677277 272.175568 258.448700,
 130.449188 131.195984 130.047836 125.328194 117.251999 108.649521 101.756065 149.440750 157.160492 163.149338 162.000488 150.497757 134.258911 120.421745 161.409393 178.813889 196.856781 203.716278 189.537079 164.469620 142.683380 159.055893 182.980804 210.204834 223.998337 210.204834 182.980804 159.055893 142.683380 164.469620 189.537079 203.716278 196.856781 178.813889 161.409393 120.421745 134.258911 150.497757 162.000488 163.149338 157.160492 149.440750 101.756065 108.649521 117.251999 125.328194 130.047836 131.195984 130.449188,
 4.362903 5.169966 5.847277 6.126527 5.889597 5.265664 4.575455 4.897767 5.872628 6.605524 6.932101 6.800862 6.268575 5.543842 5.912323 7.678317 9.357588 10.249067 9.868765 8.475959 6.808912 6.981675 9.585897 12.222352 13.423403 12.222352 9.585897 6.981675 6.808912 8.475959 9.868765 10.249067 9.357588 7.678317 5.912323 5.543842 6.268575 6.800862 6.932101 6.605524 5.872628 4.897767 4.575455 5.265664 5.889597 6.126527 5.847277 5.169966 4.362903,
 38.546425 43.000755 47.208717 50.573112 53.425873 55.854752 57.449432 48.047302 57.552341 67.069679 71.976593 71.733879 69.587219 66.863297 59.678158 73.852463 89.524788 96.704720 91.094719 80.919434 71.951492 69.134064 83.266983 100.120445 109.016556 100.120445 83.266983 69.134064 71.951492 80.919434 91.094719 96.704720 89.524788 73.852463 59.678158 66.863297 69.587219 71.733879 71.976593 67.069679 57.552341 48.047302 57.449432 55.854752 53.425873 50.573112 47.208717 43.000755 38.546425,
 113.829391 116.911148 123.987785 128.344894 126.065407 121.413177 119.940216 142.516541 163.560562 190.105057 202.907257 190.277878 165.963638 147.927155 171.857468 213.117172 263.346039 287.984009 262.983185 214.434464 175.575211 185.994507 235.763931 297.049561 328.522491 297.049561 235.763931 185.994507 175.575211 214.434464 262.983185 287.984009 263.346039 213.117172 171.857468 147.927155 165.963638 190.277878 202.907257 190.105057 163.560562 142.516541 119.940216 121.413177 126.065407 128.344894 123.987785 116.911148 113.829391,
 64.912827 64.853699 64.224335 62.803741 59.755650 54.886654 49.619911 75.219269 80.279839 84.588242 86.347885 82.370712 72.956276 62.724575 81.760612 94.171600 107.156189 114.370224 108.114868 91.818146 75.343788 82.222023 100.086143 119.240395 128.555923 119.240395 100.086143 82.222023 75.343788 91.818146 108.114868 114.370224 107.156189 94.171600 81.760612 62.724575 72.956276 82.370712 86.347885 84.588242 80.279839 75.219269 49.619911 54.886654 59.755650 62.803741 64.224335 64.853699 64.912827,
 1.922288 2.601759 3.183926 3.291667 2.811054 2.059437 1.486291 2.208314 2.951861 3.604846 3.775545 3.268811 2.395559 1.709316 2.762228 3.902526 5.140368 5.651371 4.897672 3.500035 2.395354 3.023929 4.625759 6.617126 7.620856 6.617126 4.625759 3.023929 2.395354 3.500035 4.897672 5.651371 5.140368 3.902526 2.762228 1.709316 2.395559 3.268811 3.775545 3.604846 2.951861 2.208314 1.486291 2.059437 2.811054 3.291667 3.183926 2.601759 1.922288,
 16.345638 17.577650 18.326107 18.814762 18.658688 17.775560 16.746891 19.616648 23.506506 27.039318 28.652439 27.820515 25.281370 22.332510 24.821754 31.760973 39.166962 42.393246 39.462799 33.551651 27.700279 28.896305 36.784706 45.542488 49.962654 45.542488 36.784706 28.896305 27.700279 33.551651 39.462799 42.393246 39.166962 31.760973 24.821754 22.332510 25.281370 27.820515 28.652439 27.039318 23.506506 19.616648 16.746891 17.775560 18.658688 18.814762 18.326107 17.577650 16.345638,
 29.744787 41.539379 48.530609 47.256058 41.839066 39.181133 43.095581 42.525345 59.675076 78.320786 86.383575 78.757904 65.401337 58.151413 55.449650 79.686646 112.207253 130.094818 115.805931 86.829437 66.203506 64.789368 92.057602 130.192078 150.944061 130.192078 92.057602 64.789368 66.203506 86.829437 115.805931 130.094818 112.207253 79.686646 55.449650 58.151413 65.401337 78.757904 86.383575 78.320786 59.675076 42.525345 43.095581 39.181133 41.839066 47.256058 48.530609 41.539379 29.744787,
 20.131340 21.733335 22.518261 21.891977 19.530979 16.071123 12.661855 24.446281 28.522949 31.883467 32.974964 30.007208 23.512566 16.804462 26.226259 33.560471 41.465164 45.761395 41.500542 31.002541 21.212847 24.847530 34.763351 46.375404 52.218773 46.375404 34.763351 24.847530 21.212847 31.002541 41.500542 45.761395 41.465164 33.560471 26.226259 16.804462 23.512566 30.007208 32.974964 31.883467 28.522949 24.446281 12.661855 16.071123 19.530979 21.891977 22.518261 21.733335 20.131340,
 0.506315 1.185064 1.685934 1.774833 1.399066 0.754089 0.121567 0.384308 1.083595 1.646169 1.831429 1.517204 0.851070 0.155552 0.674948 1.795665 2.816619 3.267450 2.825428 1.741124 0.564330 1.210975 2.775257 4.277110 4.943509 4.277110 2.775257 1.210975 0.564330 1.741124 2.825428 3.267450 2.816619 1.795665 0.674948 0.155552 0.851070 1.517204 1.831429 1.646169 1.083595 0.384308 0.121567 0.754089 1.399066 1.774833 1.685934 1.185064 0.506315,
 -0.189149 -0.020248 1.797090 2.929853 1.919380 -0.149228 -1.239030 0.865866 2.228070 5.562998 7.488898 6.122034 3.167921 1.132149 1.679510 4.906128 10.440018 13.485596 10.963884 5.944222 2.395587 2.323764 6.568453 13.038157 16.584381 13.038157 6.568453 2.323764 2.395587 5.944222 10.963884 13.485596 10.440018 4.906128 1.679510 1.132149 3.167921 6.122034 7.488898 5.562998 2.228070 0.865866 -1.239030 -0.149228 1.919380 2.929853 1.797090 -0.020248 -0.189149,
 1.262396 1.780130 3.651214 7.281524 6.576632 0.607287 -4.984264 7.367294 8.754561 14.100028 20.060207 16.726521 6.632927 -1.744056 8.578192 13.907282 25.978989 35.479385 28.179703 12.961950 2.156351 5.973222 15.672239 32.496098 43.044022 32.496098 15.672239 5.973222 2.156351 12.961950 28.179703 35.479385 25.978989 13.907282 8.578192 -1.744056 6.632927 16.726521 20.060207 14.100028 8.754561 7.367294 -4.984264 0.607287 6.576632 7.281524 3.651214 1.780130 1.262396,
 1.784895 1.355968 0.481690 -1.075691 -2.942860 -4.607985 -5.415230 3.615653 4.291632 4.328068 3.295469 0.771813 -2.775733 -5.330848 3.262314 5.644459 8.177955 9.053544 6.143919 0.947515 -2.947177 0.674305 4.536463 9.537867 12.160398 9.537867 4.536463 0.674305 -2.947177 0.947515 6.143919 9.053544 8.177955 5.644459 3.262314 -5.330848 -2.775733 0.771813 3.295469 4.328068 4.291632 3.615653 -5.415230 -4.607985 -2.942860 -1.075691 0.481690 1.355968 1.784895,

Pairwise cross-correlations of the modulus of all oriented sub-bands at the same scale (size QxQ)
 15.952479 20.967009 29.950863 25.083496,
 20.967009 190.543060 221.192627 38.437214,
 29.950863 221.192627 578.707214 253.187866,
 25.083496 38.437214 253.187866 223.998383,
 13.423404 12.830173 20.506180 16.348162,
 12.830173 109.016571 125.533798 17.826511,
 20.506180 125.533798 328.522552 136.429245,
 16.348162 17.826511 136.429245 128.555923,
 7.620857 6.156554 6.848221 6.729360,
 6.156554 49.962662 56.499527 11.674438,
 6.848221 56.499527 150.944061 51.654594,
 6.729360 11.674438 51.654594 52.218773,
 4.943509 3.743676 0.064997 1.712414,
 3.743676 16.584385 17.165535 3.001200,
 0.064997 17.165535 43.044022 8.976851,
 1.712414 3.001200 8.976851 12.160399,

Cross-correlations of the modulus of all oriented sub-bands with all oriented sub-bands at the coarser scale (size QxQ)
 9.289418 10.679698 15.642897 13.958171,
 17.807751 73.328560 80.484734 16.138691,
 32.107998 76.170891 162.655075 90.670471,
 20.511890 9.220709 76.337906 84.510323,
 6.866405 6.398601 7.169712 8.576731,
 8.028232 31.512470 32.338596 5.957767,
 13.587607 40.562492 72.623344 31.378504,
 9.330488 10.103470 33.133568 35.170837,
 3.783774 4.847446 1.769366 1.283076,
 5.458534 8.997153 9.674460 3.915053,
 4.961920 4.778209 19.060486 4.647560,
 2.676226 -1.069195 0.686121 -0.340648,

Cross-correlations of the real part of each oriented sub-band with both the real and imaginary part of all phase-doubled oriented sub-bands at the next coarser scale (Q matrices of size 1x2Q, which are computed and stored in a matrix of size Qx2Q)
 -2.085085 -3.628065 -2.330262 -3.125643 0.527144 -0.277108 0.203836 0.394157,
 -3.004755 -29.066893 -14.042324 -1.503679 0.105088 -5.342803 1.960521 1.435626,
 -4.188571 -25.230167 -14.401384 -18.400770 -0.143472 -5.530322 15.517180 6.644487,
 -4.279611 -2.189452 -6.230948 -22.745846 -0.004322 -0.304695 10.514774 4.466290,
 -0.961420 -2.404817 -0.900585 -0.390793 0.416604 -0.044841 -0.900787 0.209037,
 -1.274028 -14.131793 0.205760 1.438404 0.166010 -7.457827 -11.172948 -1.748289,
 -0.695187 -9.533712 8.977243 2.801043 -0.128476 -10.751469 -27.229702 -11.537117,
 -0.552126 -0.234444 3.344178 -0.697477 -0.235986 -1.583749 -13.628233 -7.294195,
 0.040702 -1.408346 -0.217940 0.604617 0.726274 -0.740979 0.437497 -0.175088,
 -0.587942 -5.827538 2.534848 -0.297565 0.119154 -3.025702 4.506896 1.109109,
 -0.484542 -2.872223 10.604692 2.153083 -0.067397 0.877462 19.918665 6.914611,
 -0.070438 0.000288 5.514621 2.910503 0.459733 1.379073 11.869941 4.910930,
