Low-band skewness and kurtosis
 -0.514061 2.180820,
 -0.373776 2.227822,
 -0.406006 2.178504,
 -0.442093 2.033318,
 -0.327647 1.847690,

High-band variance
 1017.056213,

Skewness, kurtosis, variance, mean, maximum and minimum of the reconstructed texture
 -0.644725 1.966733 5630.370605 188.453247 255.000000 3.000000,

Auto-correlations of the low-frequency bands at each scale
 1047.679443 1051.734131 1089.000122 1144.818726 1206.308960 1266.799561 1317.549561 1382.967773 1139.604248 941.544189 814.816406 764.424316 785.168335 855.957581 3154.963379 3045.771973 2889.437500 2690.359863 2449.838867 2206.598633 2005.230957 3787.746094 4068.083008 4288.535156 4376.581055 4288.535156 4068.083008 3787.746094 2005.230957 2206.598633 2449.838867 2690.359863 2889.437500 3045.771973 3154.963379 855.957581 785.168335 764.424316 814.816406 941.544189 1139.604248 1382.967773 1317.549561 1266.799561 1206.308960 1144.818726 1089.000122 1051.734131 1047.679443,
 1084.912231 1093.353516 1122.430542 1166.629639 1214.309937 1255.090576 1280.976685 1283.712158 1167.305664 1078.447510 1032.838623 1032.380371 1072.962402 1140.081787 2211.354980 2172.732910 2097.298828 1984.469971 1841.175781 1705.983398 1612.121582 2483.014893 2653.897949 2794.128662 2852.015625 2794.128662 2653.897949 2483.014893 1612.121582 1705.983398 1841.175781 1984.469971 2097.298828 2172.732910 2211.354980 1140.081787 1072.962402 1032.380371 1032.838623 1078.447510 1167.305664 1283.712158 1280.976685 1255.090576 1214.309937 1166.629639 1122.430542 1093.353516 1084.912231,
 871.010742 877.351807 897.411011 922.693237 942.566040 952.606201 954.200317 1104.016724 1048.430542 1009.369385 991.735352 992.737305 1010.702698 1038.581909 1664.429565 1664.951294 1650.655396 1612.582520 1549.181519 1487.610962 1450.566528 1878.460449 1968.670776 2052.299316 2089.233398 2052.299316 1968.670776 1878.460449 1450.566528 1487.610962 1549.181519 1612.582520 1650.655396 1664.951294 1664.429565 1038.581909 1010.702698 992.737305 991.735352 1009.369385 1048.430542 1104.016724 954.200317 952.606201 942.566040 922.693237 897.411011 877.351807 871.010742,
 446.623474 448.122986 445.524475 433.254944 413.693726 399.860168 398.277832 863.211853 863.893433 865.721130 859.547180 840.443665 824.756104 823.946228 1293.837280 1308.329834 1326.059326 1328.811523 1301.410889 1267.145508 1248.080688 1523.716064 1560.228760 1604.281250 1627.277710 1604.281250 1560.228760 1523.716064 1248.080688 1267.145508 1301.410889 1328.811523 1326.059326 1308.329834 1293.837280 823.946228 824.756104 840.443665 859.547180 865.721130 863.893433 863.211853 398.277832 399.860168 413.693726 433.254944 445.524475 448.122986 446.623474,
 -879.845520 -889.225464 -914.912964 -939.939575 -936.168945 -909.305786 -887.462585 -117.296127 -109.251289 -113.108948 -133.485519 -150.930786 -148.529083 -135.711502 892.907471 918.447632 943.948608 941.837036 909.378662 879.682983 872.155273 1379.254517 1407.404175 1452.074097 1476.108154 1452.074097 1407.404175 1379.254517 872.155273 879.682983 909.378662 941.837036 943.948608 918.447632 892.907471 -135.711502 -148.529083 -150.930786 -133.485519 -113.108948 -109.251289 -117.296127 -887.462585 -909.305786 -936.168945 -939.939575 -914.912964 -889.225464 -879.845520,

Auto-correlations of the modulus of each oriented sub-band
 4.088657 5.310148 6.334753 6.676846 6.105498 4.852221 3.414623 4.753973 6.149166 7.298913 7.660233 7.004689 5.607089 4.011375 5.522509 7.351187 8.974669 9.675451 9.012629 7.251689 5.144374 5.779167 8.209818 10.441437 11.382748 10.441437 8.209818 5.779167 5.144374 7.251689 9.012629 9.675451 8.974669 7.351187 5.522509 4.011375 5.607089 7.004689 7.660233 7.298913 6.149166 4.753973 3.414623 4.852221 6.105498 6.676846 6.334753 5.310148 4.088657,
 17.343498 18.546894 20.688231 22.286077 21.976645 20.629158 19.640099 29.254019 33.288826 39.851757 43.227859 40.397022 35.416397 32.133484 40.539764 48.207066 61.256260 67.825272 60.472698 49.225384 42.696213 46.057610 54.813080 70.556931 80.036461 70.556931 54.813080 46.057610 42.696213 49.225384 60.472698 67.825272 61.256260 48.207066 40.539764 32.133484 35.416397 40.397022 43.227859 39.851757 33.288826 29.254019 19.640099 20.629158 21.976645 22.286077 20.688231 18.546894 17.343498,
 136.173737 143.490967 149.914871 153.413467 150.129654 141.409210 132.086060 252.178070 278.778625 303.034180 314.252380 302.367859 273.200073 240.968506 367.320435 421.799255 472.412262 495.095337 471.722076 416.774536 357.053467 413.255096 484.389343 551.094971 580.769531 551.094971 484.389343 413.255096 357.053467 416.774536 471.722076 495.095337 472.412262 421.799255 367.320435 240.968506 273.200073 302.367859 314.252380 303.034180 278.778625 252.178070 132.086060 141.409210 150.129654 153.413467 149.914871 143.490967 136.173737,
 51.021183 49.116699 46.633720 43.714523 40.378273 36.619682 32.855488 83.828979 86.110046 86.481728 84.348831 78.741035 69.792267 59.658230 111.032051 121.402145 129.224121 131.261993 124.231560 109.690063 93.025703 115.197388 132.496658 147.487793 153.935211 147.487793 132.496658 115.197388 93.025703 109.690063 124.231560 131.261993 129.224121 121.402145 111.032051 59.658230 69.792267 78.741035 84.348831 86.481728 86.110046 83.828979 32.855488 36.619682 40.378273 43.714523 46.633720 49.116699 51.021183,
 2.075394 3.064451 3.886186 4.152946 3.738689 2.872766 1.931681 2.395584 3.383501 4.257740 4.612232 4.259748 3.386433 2.377572 2.978992 4.242742 5.524632 6.183367 5.746835 4.474339 3.085355 3.468248 5.154884 6.903234 7.706149 6.903234 5.154884 3.468248 3.085355 4.474339 5.746835 6.183367 5.524632 4.242742 2.978992 2.377572 3.386433 4.259748 4.612232 4.257740 3.383501 2.395584 1.931681 2.872766 3.738689 4.152946 3.886186 3.064451 2.075394,
 6.152183 7.859043 9.561899 10.084696 9.207037 7.777760 6.432612 10.593650 14.112964 17.474112 17.579319 14.671347 11.568139 9.402429 14.876391 20.204943 26.757792 28.355095 23.127047 17.187510 13.476258 16.075546 21.363026 29.363892 34.168343 29.363892 21.363026 16.075546 13.476258 17.187510 23.127047 28.355095 26.757792 20.204943 14.876391 9.402429 11.568139 14.671347 17.579319 17.474112 14.112964 10.593650 6.432612 7.777760 9.207037 10.084696 9.561899 7.859043 6.152183,
 61.868713 69.937096 75.139137 74.416985 66.667900 55.539833 44.567047 107.036720 129.120926 144.250000 144.805237 128.211914 102.221138 75.834846 151.087311 192.520050 225.249725 234.198547 211.917572 170.442078 125.953026 161.044968 213.431946 259.398621 279.124573 259.398621 213.431946 161.044968 125.953026 170.442078 211.917572 234.198547 225.249725 192.520050 151.087311 75.834846 102.221138 128.211914 144.805237 144.250000 129.120926 107.036720 44.567047 55.539833 66.667900 74.416985 75.139137 69.937096 61.868713,
 26.539568 27.799829 27.956650 26.314365 22.794670 18.232702 13.726164 39.456448 43.118050 45.140179 44.388000 39.886646 32.364082 24.168179 51.525349 60.270813 67.620087 70.304344 64.990311 53.394287 40.720211 52.940758 66.258461 78.767708 84.369705 78.767708 66.258461 52.940758 40.720211 53.394287 64.990311 70.304344 67.620087 60.270813 51.525349 24.168179 32.364082 39.886646 44.388000 45.140179 43.118050 39.456448 13.726164 18.232702 22.794670 26.314365 27.956650 27.799829 26.539568,
 0.971451 1.530378 2.063016 2.242448 1.935635 1.325132 0.697752 1.065443 1.768034 2.431880 2.681946 2.359566 1.704394 1.057847 1.510130 2.541904 3.571035 4.029671 3.590720 2.611256 1.654088 1.955308 3.235063 4.567037 5.180562 4.567037 3.235063 1.955308 1.654088 2.611256 3.590720 4.029671 3.571035 2.541904 1.510130 1.057847 1.704394 2.359566 2.681946 2.431880 1.768034 1.065443 0.697752 1.325132 1.935635 2.242448 2.063016 1.530378 0.971451,
 1.710578 2.586957 3.134530 2.854656 2.166114 1.435264 0.687059 2.547075 4.754029 6.808617 6.736059 4.953773 3.267310 2.060734 3.654056 7.395459 11.871373 13.079564 9.858306 5.959813 3.464578 4.124111 7.970993 13.541290 16.684694 13.541290 7.970993 4.124111 3.464578 5.959813 9.858306 13.079564 11.871373 7.395459 3.654056 2.060734 3.267310 4.953773 6.736059 6.808617 4.754029 2.547075 0.687059 1.435264 2.166114 2.854656 3.134530 2.586957 1.710578,
 28.528484 25.956593 20.355608 12.302319 2.452423 -6.231950 -10.467159 36.010990 47.026611 51.402378 46.004986 30.893925 12.293959 -2.712761 40.555962 67.377640 87.059326 89.713013 71.687820 42.483776 14.432921 32.990765 67.341530 98.604385 112.145721 98.604385 67.341530 32.990765 14.432921 42.483776 71.687820 89.713013 87.059326 67.377640 40.555962 -2.712761 12.293959 30.893925 46.004986 51.402378 47.026611 36.010990 -10.467159 -6.231950 2.452423 12.302319 20.355608 25.956593 28.528484,
 12.818148 10.099434 6.299753 2.784201 -0.328925 -2.645804 -3.316297 16.196678 17.247410 16.412460 14.004478 9.402297 3.877868 -0.081635 16.113192 22.379963 27.405287 28.496155 22.925280 13.634624 5.575429 11.893709 21.317801 31.157892 35.905228 31.157892 21.317801 11.893709 5.575429 13.634624 22.925280 28.496155 27.405287 22.379963 16.113192 -0.081635 3.877868 9.402297 14.004478 16.412460 17.247410 16.196678 -3.316297 -2.645804 -0.328925 2.784201 6.299753 10.099434 12.818148,
 0.800014 1.939485 2.783401 2.989191 2.504322 1.572511 0.521347 0.816838 1.989270 3.088729 3.682533 3.514564 2.664195 1.461797 1.061581 2.670645 4.311455 5.255609 4.983242 3.662812 1.952000 1.645249 3.620462 5.464524 6.250876 5.464524 3.620462 1.645249 1.952000 3.662812 4.983242 5.255609 4.311455 2.670645 1.061581 1.461797 2.664195 3.514564 3.682533 3.088729 1.989270 0.816838 0.521347 1.572511 2.504322 2.989191 2.783401 1.939485 0.800014,
 1.887876 2.791326 3.248603 3.460525 3.491157 2.525585 1.137799 3.703355 5.057066 6.071684 5.770909 5.509157 5.078253 3.429521 5.284098 7.085264 9.747777 9.701054 7.594516 6.552628 5.454313 5.872961 7.252667 10.233301 12.532030 10.233301 7.252667 5.872961 5.454313 6.552628 7.594516 9.701054 9.747777 7.085264 5.284098 3.429521 5.078253 5.509157 5.770909 6.071684 5.057066 3.703355 1.137799 2.525585 3.491157 3.460525 3.248603 2.791326 1.887876,
 -7.069692 -2.758381 1.080487 2.471064 1.305928 -1.351607 -3.718255 6.881735 12.801219 18.080692 19.747887 17.291012 12.460252 7.867189 22.286661 31.341812 39.575146 42.432369 38.353077 30.114311 21.821150 28.691921 39.208748 49.233562 53.602768 49.233562 39.208748 28.691921 21.821150 30.114311 38.353077 42.432369 39.575146 31.341812 22.286661 7.867189 12.460252 17.291012 19.747887 18.080692 12.801219 6.881735 -3.718255 -1.351607 1.305928 2.471064 1.080487 -2.758381 -7.069692,
 -0.211087 0.083096 -0.770362 -1.889454 -1.756305 -0.704031 -0.102805 0.395735 0.202739 -0.326026 0.220539 1.707511 2.135811 0.869613 1.678220 2.594223 4.395814 7.132482 7.811713 5.116557 1.681565 2.240340 5.136233 9.306068 11.721491 9.306068 5.136233 2.240340 1.681565 5.116557 7.811713 7.132482 4.395814 2.594223 1.678220 0.869613 2.135811 1.707511 0.220539 -0.326026 0.202739 0.395735 -0.102805 -0.704031 -1.756305 -1.889454 -0.770362 0.083096 -0.211087,

Pairwise cross-correlations of the modulus of all oriented sub-bands at the same scale (size QxQ)
 11.382749 5.999129 7.569632 11.689520,
 5.999129 80.036461 166.044907 55.470036,
 7.569632 166.044907 580.769653 246.939560,
 11.689520 55.470036 246.939560 153.935242,
 7.706150 6.021717 5.149212 6.636920,
 6.021717 34.168350 67.515366 25.593807,
 5.149212 67.515366 279.124573 125.623604,
 6.636920 25.593807 125.623604 84.369705,
 5.180562 4.082147 2.177850 2.530148,
 4.082147 16.684694 23.919586 8.548851,
 2.177850 23.919586 112.145721 50.683475,
 2.530148 8.548851 50.683475 35.905235,
 6.250876 4.488035 3.628683 1.631248,
 4.488035 12.532030 19.043926 5.566338,
 3.628683 19.043926 53.602776 17.847881,
 1.631248 5.566338 17.847881 11.721492,

Cross-correlations of the modulus of all oriented sub-bands with all oriented sub-bands at the coarser scale (size QxQ)
 6.721184 5.334530 2.189800 8.061912,
 6.213552 11.817627 11.712124 5.767653,
 10.571126 16.464600 45.364708 24.392344,
 7.607676 6.265589 22.459641 25.127642,
 4.259511 4.392611 -0.351648 1.445359,
 4.057393 5.506379 1.003169 2.960443,
 4.532042 6.608846 17.829090 13.430129,
 3.661480 5.265035 9.635471 8.423619,
 3.133644 3.634960 3.209302 0.774464,
 3.456069 4.930901 6.408551 1.995698,
 0.810694 3.752130 18.282528 8.236660,
 1.374247 3.582078 10.854816 6.465196,

Cross-correlations of the real part of each oriented sub-band with both the real and imaginary part of all phase-doubled oriented sub-bands at the next coarser scale (Q matrices of size 1x2Q, which are computed and stored in a matrix of size Qx2Q)
 -0.866520 -0.563915 -1.457667 -1.833929 0.989031 0.334504 -0.030323 -0.232944,
 -0.459900 -16.181528 -24.751028 -9.749019 0.415161 -2.469616 -6.550031 0.152210,
 -1.019910 -34.272858 -88.375984 -59.788719 0.125017 -6.992441 -11.626145 3.288410,
 -1.432354 -10.607515 -48.347382 -42.692020 0.347075 -1.759694 -1.311547 2.090274,
 0.148989 -0.515604 -0.279231 -0.598264 0.727119 -0.353639 -0.384036 -0.177380,
 -0.129934 -6.906703 -7.481818 -2.193810 0.336403 -6.148382 -7.370461 -0.990497,
 -0.286635 -13.345211 -21.596209 -12.928163 0.053715 -8.446537 -11.297548 -5.793299,
 -0.222334 -4.087084 -10.253828 -9.549012 0.269057 -1.271802 -2.388412 -3.999127,
 -0.255192 0.575975 -0.009663 0.196705 0.571637 0.570072 0.165594 -0.352153,
 0.282990 7.135699 13.546526 2.150895 0.111517 2.437891 -2.603176 -1.009233,
 0.092249 13.966900 31.667496 6.878971 0.114159 1.629814 -5.381416 -1.174122,
 -0.348405 3.950791 8.838215 3.409960 0.692275 0.373051 -0.160076 0.309763,
