Low-band skewness and kurtosis
 -0.445425 2.222942,
 -0.346246 2.448744,
 -0.228701 2.442604,
 -0.345785 1.882191,
 -0.164055 1.752941,

High-band variance
 1095.406372,

Skewness, kurtosis, variance, mean, maximum and minimum of the reconstructed texture
 -0.599748 1.927567 5340.731445 188.069885 255.000000 6.000000,

Auto-correlations of the low-frequency bands at each scale
 707.696655 700.297485 693.933167 689.995422 688.494568 690.259888 693.623413 575.798828 472.400818 391.439026 341.339783 323.309082 337.861450 378.469604 2325.672363 2295.361572 2263.474365 2220.370605 2156.123291 2081.033936 2007.573608 3696.192627 3836.132324 3942.053223 3983.800781 3942.053223 3836.132324 3696.192627 2007.573608 2081.033936 2156.123291 2220.370605 2263.474365 2295.361572 2325.672363 378.469604 337.861450 323.309082 341.339783 391.439026 472.400818 575.798828 693.623413 690.259888 688.494568 689.995422 693.933167 700.297485 707.696655,
 429.069916 438.115448 453.226227 474.538086 499.565887 524.718323 546.361938 518.057739 457.185547 412.937775 392.190430 396.380829 424.294373 469.515381 1597.531494 1574.054565 1543.197388 1498.762207 1437.198120 1372.627075 1319.044434 2261.551025 2357.909912 2434.822754 2466.243164 2434.822754 2357.909912 2261.551025 1319.044434 1372.627075 1437.198120 1498.762207 1543.197388 1574.054565 1597.531494 469.515381 424.294373 396.380829 392.190430 412.937775 457.185547 518.057739 546.361938 524.718323 499.565887 474.538086 453.226227 438.115448 429.069916,
 639.307373 652.151550 663.124512 670.293701 672.773804 672.204651 669.423340 512.138123 490.610413 480.230255 482.481812 496.143036 521.623047 554.650330 1031.629272 1027.379517 1023.620056 1013.436157 991.477234 968.523560 953.810974 1486.549927 1540.137939 1587.203003 1607.749268 1587.203003 1540.137939 1486.549927 953.810974 968.523560 991.477234 1013.436157 1023.620056 1027.379517 1031.629272 554.650330 521.623047 496.143036 482.481812 480.230255 490.610413 512.138123 669.423340 672.204651 672.773804 670.293701 663.124512 652.151550 639.307373,
 217.165558 213.621170 210.688858 210.452759 214.402512 220.435898 225.076355 369.451813 354.179993 346.070312 345.803467 352.781006 366.028748 381.342499 807.109070 809.440369 815.872070 818.449341 810.994629 800.373352 792.766907 1088.215454 1116.559570 1144.618408 1157.710449 1144.618408 1116.559570 1088.215454 792.766907 800.373352 810.994629 818.449341 815.872070 809.440369 807.109070 381.342499 366.028748 352.781006 345.803467 346.070312 354.179993 369.451813 225.076355 220.435898 214.402512 210.452759 210.688858 213.621170 217.165558,
 -555.850464 -558.044434 -556.772461 -554.720520 -553.695801 -552.388550 -550.828125 -92.235977 -98.158752 -102.848610 -104.560677 -103.086693 -98.156479 -91.861893 554.877991 554.848511 556.780273 557.754333 554.260254 550.424072 551.228333 879.002930 886.512451 898.926941 905.604004 898.926941 886.512451 879.002930 551.228333 550.424072 554.260254 557.754333 556.780273 554.848511 554.877991 -91.861893 -98.156479 -103.086693 -104.560677 -102.848610 -98.158752 -92.235977 -550.828125 -552.388550 -553.695801 -554.720520 -556.772461 -558.044434 -555.850464,

Auto-correlations of the modulus of each oriented sub-band
 2.285482 3.251652 4.060413 4.370451 4.025383 3.185629 2.193904 2.546064 3.590301 4.464396 4.790771 4.398606 3.474894 2.402668 2.958404 4.231431 5.334993 5.770481 5.295523 4.161249 2.867601 3.223404 4.707361 6.029325 6.576062 6.029325 4.707361 3.223404 2.867601 4.161249 5.295523 5.770481 5.334993 4.231431 2.958404 2.402668 3.474894 4.398606 4.790771 4.464396 3.590301 2.546064 2.193904 3.185629 4.025383 4.370451 4.060413 3.251652 2.285482,
 13.295845 15.030286 16.412420 17.045536 16.854467 16.124504 15.315460 28.564949 33.625713 37.859699 39.359947 38.056667 35.190571 32.051884 45.985630 54.779308 62.935150 65.952400 62.546021 55.761173 48.881222 55.164631 64.895317 74.593910 79.017395 74.593910 64.895317 55.164631 48.881222 55.761173 62.546021 65.952400 62.935150 54.779308 45.985630 32.051884 35.190571 38.056667 39.359947 37.859699 33.625713 28.564949 15.315460 16.124504 16.854467 17.045536 16.412420 15.030286 13.295845,
 101.217957 109.279091 115.275490 116.881363 112.929070 105.053093 95.548370 224.508072 248.602692 268.028625 275.855621 268.176147 248.329010 222.929428 363.357880 409.387512 446.914825 462.337708 448.056976 410.905151 364.026520 428.351074 486.238312 533.412537 552.538269 533.412537 486.238312 428.351074 364.026520 410.905151 448.056976 462.337708 446.914825 409.387512 363.357880 222.929428 248.329010 268.176147 275.855621 268.028625 248.602692 224.508072 95.548370 105.053093 112.929070 116.881363 115.275490 109.279091 101.217957,
 18.871386 20.080235 21.272522 22.002607 21.716270 20.271061 18.249834 39.903793 43.224781 46.289642 47.965973 46.892525 42.965397 37.838699 62.889900 69.866020 76.338676 79.681839 77.165932 69.677223 60.812210 72.462875 82.354340 91.417358 95.416885 91.417358 82.354340 72.462875 60.812210 69.677223 77.165932 79.681839 76.338676 69.866020 62.889900 37.838699 42.965397 46.892525 47.965973 46.289642 43.224781 39.903793 18.249834 20.271061 21.716270 22.002607 21.272522 20.080235 18.871386,
 0.747385 1.274476 1.740699 1.930866 1.757425 1.326994 0.857022 0.949060 1.508164 2.015762 2.223032 2.018305 1.523920 0.992042 1.421616 2.205588 2.969718 3.318756 3.024692 2.277838 1.475270 1.769397 2.794057 3.802927 4.247680 3.802927 2.794057 1.769397 1.475270 2.277838 3.024692 3.318756 2.969718 2.205588 1.421616 0.992042 1.523920 2.018305 2.223032 2.015762 1.508164 0.949060 0.857022 1.326994 1.757425 1.930866 1.740699 1.274476 0.747385,
 3.463519 4.818766 5.345285 4.885263 4.143371 3.640600 3.254199 10.118763 13.401687 15.914057 15.967421 14.073027 12.075055 10.564137 18.343306 23.760174 29.229809 30.782057 27.243618 22.462704 18.676073 22.343456 28.060547 34.889626 38.529083 34.889626 28.060547 22.343456 18.676073 22.462704 27.243618 30.782057 29.229809 23.760174 18.343306 10.564137 12.075055 14.073027 15.967421 15.914057 13.401687 10.118763 3.254199 3.640600 4.143371 4.885263 5.345285 4.818766 3.463519,
 52.271156 56.219444 59.248829 59.435249 55.359470 48.082130 40.194954 108.743652 122.229675 132.216904 134.740875 127.361526 112.690338 95.332062 178.314697 206.770721 228.463318 235.839706 224.400513 199.078766 167.875916 208.270996 245.955261 275.984375 288.191040 275.984375 245.955261 208.270996 167.875916 199.078766 224.400513 235.839706 228.463318 206.770721 178.314697 95.332062 112.690338 127.361526 134.740875 132.216904 122.229675 108.743652 40.194954 48.082130 55.359470 59.435249 59.248829 56.219444 52.271156,
 19.607090 20.161963 20.221172 19.706711 18.517113 16.575708 14.186954 29.722071 31.652418 33.229778 33.830528 32.373852 28.676805 24.084467 41.532803 46.274632 50.833439 53.183994 50.809597 44.507191 37.419353 45.647614 52.946449 60.030930 63.285057 60.030930 52.946449 45.647614 37.419353 44.507191 50.809597 53.183994 50.833439 46.274632 41.532803 24.084467 28.676805 32.373852 33.830528 33.229778 31.652418 29.722071 14.186954 16.575708 18.517113 19.706711 20.221172 20.161963 19.607090,
 0.205385 0.495454 0.767295 0.885043 0.778051 0.508821 0.229155 0.325208 0.690077 1.028087 1.165778 1.026390 0.703055 0.374282 0.706315 1.249473 1.780511 2.014319 1.796779 1.277916 0.746839 0.976270 1.675938 2.383798 2.699236 2.383798 1.675938 0.976270 0.746839 1.277916 1.796779 2.014319 1.780511 1.249473 0.706315 0.374282 0.703055 1.026390 1.165778 1.028087 0.690077 0.325208 0.229155 0.508821 0.778051 0.885043 0.767295 0.495454 0.205385,
 -0.159773 1.225450 1.940885 1.661695 0.771919 -0.406053 -1.706894 3.174173 5.763015 7.634789 7.183901 5.133397 3.014181 1.045556 6.247828 9.930008 13.745910 14.334335 11.181540 7.522965 4.732476 6.994863 10.658053 15.430224 18.030890 15.430224 10.658053 6.994863 4.732476 7.522965 11.181540 14.334335 13.745910 9.930008 6.247828 1.045556 3.014181 5.133397 7.183901 7.634789 5.763015 3.174173 -1.706894 -0.406053 0.771919 1.661695 1.940885 1.225450 -0.159773,
 21.547909 31.124304 37.058296 36.215408 27.461489 13.655298 -1.078561 51.903309 67.063332 76.873627 76.942123 65.424011 45.918266 24.122860 76.708794 100.543747 117.906189 121.777580 109.207947 85.103592 57.101280 79.423744 109.063126 133.156540 143.018967 133.156540 109.063126 79.423744 57.101280 85.103592 109.207947 121.777580 117.906189 100.543747 76.708794 24.122860 45.918266 65.424011 76.942123 76.873627 67.063332 51.903309 -1.078561 13.655298 27.461489 36.215408 37.058296 31.124304 21.547909,
 5.525002 6.706306 7.258567 7.109517 6.204927 4.530018 2.619018 8.973883 11.292845 13.031511 14.064836 13.444599 10.638939 7.147547 12.486710 16.357754 20.191074 22.877241 21.679672 16.936852 11.834660 13.891262 19.101973 24.636185 27.401241 24.636185 19.101973 13.891262 11.834660 16.936852 21.679672 22.877241 20.191074 16.357754 12.486710 7.147547 10.638939 13.444599 14.064836 13.031511 11.292845 8.973883 2.619018 4.530018 6.204927 7.109517 7.258567 6.706306 5.525002,
 0.012096 0.187760 0.288334 0.275935 0.157987 -0.018343 -0.173137 0.080966 0.227442 0.315519 0.285932 0.158257 -0.000524 -0.125769 0.276969 0.554326 0.816432 0.845180 0.584002 0.239111 -0.011268 0.248446 0.667245 1.175812 1.431316 1.175812 0.667245 0.248446 -0.011268 0.239111 0.584002 0.845180 0.816432 0.554326 0.276969 -0.125769 -0.000524 0.158257 0.285932 0.315519 0.227442 0.080966 -0.173137 -0.018343 0.157987 0.275935 0.288334 0.187760 0.012096,
 1.997867 2.616701 1.832613 0.047817 -1.149576 -1.051866 -0.236836 3.830012 6.216848 7.261388 5.911402 3.568647 2.105240 1.782545 5.146689 8.784290 11.947425 12.157606 9.281106 6.102829 4.008538 5.321393 8.865750 12.952784 15.100774 12.952784 8.865750 5.321393 4.008538 6.102829 9.281106 12.157606 11.947425 8.784290 5.146689 1.782545 2.105240 3.568647 5.911402 7.261388 6.216848 3.830012 -0.236836 -1.051866 -1.149576 0.047817 1.832613 2.616701 1.997867,
 -0.477024 1.761029 4.182254 5.945807 6.328447 6.003784 5.582757 10.640527 15.251884 20.157139 23.616734 24.219448 23.039356 21.389114 24.246773 30.973515 37.747326 41.880020 41.199726 37.456539 32.996162 33.928478 40.780613 47.161446 50.065666 47.161446 40.780613 33.928478 32.996162 37.456539 41.199726 41.880020 37.747326 30.973515 24.246773 21.389114 23.039356 24.219448 23.616734 20.157139 15.251884 10.640527 5.582757 6.003784 6.328447 5.945807 4.182254 1.761029 -0.477024,
 -1.567233 -1.188414 -1.182053 -0.932501 -0.170520 0.239646 0.237579 0.974088 1.671823 2.426387 3.754915 4.587539 4.052658 3.166328 3.459426 4.669933 6.645071 8.826376 8.697888 6.705496 4.999445 5.002756 6.785898 9.487775 11.161919 9.487775 6.785898 5.002756 4.999445 6.705496 8.697888 8.826376 6.645071 4.669933 3.459426 3.166328 4.052658 4.587539 3.754915 2.426387 1.671823 0.974088 0.237579 0.239646 -0.170520 -0.932501 -1.182053 -1.188414 -1.567233,

Pairwise cross-correlations of the modulus of all oriented sub-bands at the same scale (size QxQ)
 6.576063 3.670551 -0.573577 4.001734,
 3.670551 79.017410 177.447739 57.116432,
 -0.573577 177.447739 552.538330 201.400864,
 4.001734 57.116432 201.400864 95.416885,
 4.247679 3.168551 2.793817 4.727770,
 3.168551 38.529087 84.132217 28.015532,
 2.793817 84.132217 288.191040 114.286232,
 4.727770 28.015532 114.286232 63.285065,
 2.699236 0.709029 -2.086598 0.305244,
 0.709029 18.030890 38.257622 11.901174,
 -2.086598 38.257622 143.018951 52.423248,
 0.305244 11.901174 52.423248 27.401245,
 1.431316 0.722194 -0.788926 0.731979,
 0.722194 15.100775 19.190010 3.880016,
 -0.788926 19.190010 50.065666 15.482768,
 0.731979 3.880016 15.482768 11.161919,

Cross-correlations of the modulus of all oriented sub-bands with all oriented sub-bands at the coarser scale (size QxQ)
 3.869314 2.956819 -0.465881 4.651606,
 3.279526 8.471746 13.050812 4.820193,
 3.586911 12.332760 46.768700 16.700222,
 3.751860 5.066621 20.226372 13.502741,
 2.207494 0.847669 -1.765141 1.403621,
 2.426816 0.970396 -7.131962 -1.757200,
 3.378458 -0.436333 -1.476952 2.088869,
 3.193504 0.586870 0.823558 5.285866,
 0.788438 1.472713 0.517791 0.726613,
 -0.178278 3.823083 7.786566 3.561835,
 -1.044063 0.483029 20.489597 13.914455,
 0.838585 0.023836 6.216841 7.258294,

Cross-correlations of the real part of each oriented sub-band with both the real and imaginary part of all phase-doubled oriented sub-bands at the next coarser scale (Q matrices of size 1x2Q, which are computed and stored in a matrix of size Qx2Q)
 -0.897065 -0.714322 -0.372456 -0.555272 0.165836 0.012853 0.152113 0.026651,
 -0.580113 -14.063058 -22.983805 -8.993587 0.120152 2.585658 4.833495 0.816397,
 -0.205352 -24.541317 -63.673981 -36.340782 0.110699 3.546136 7.180703 2.467623,
 -0.476314 -5.861847 -25.778276 -19.379900 0.081345 0.391594 1.587605 1.343847,
 0.087707 -0.322015 -0.120848 -0.289499 -0.210244 -0.100962 0.199231 0.274397,
 0.010397 -12.285729 -21.146513 -4.695271 -0.117447 5.509418 6.784644 -1.401142,
 -0.131150 -25.038788 -51.254646 -13.959188 0.110141 8.742063 7.599550 -3.497350,
 -0.092335 -6.967847 -16.141706 -5.854197 -0.010114 1.018432 0.081863 0.018512,
 -0.082391 -0.380989 -0.141053 -0.116379 0.019066 0.285415 0.207985 -0.167340,
 -0.134237 -1.750485 -3.821166 -0.735238 0.090680 16.487623 30.305344 6.542305,
 0.008148 1.749934 -6.897045 -1.245757 0.105830 33.940281 75.247437 16.493656,
 0.019324 2.003144 -1.175360 -0.325354 0.128258 9.535872 24.787880 4.549839,
