Low-band skewness and kurtosis
 -0.594349 2.206855,
 -0.504443 2.307632,
 -0.279602 2.081986,
 0.073224 1.643175,
 0.200379 1.598747,

High-band variance
 955.916809,

Skewness, kurtosis, variance, mean, maximum and minimum of the reconstructed texture
 -0.712821 2.018555 5798.197266 190.795959 255.000000 6.000000,

Auto-correlations of the low-frequency bands at each scale
 1372.046997 1348.261841 1319.307861 1291.923096 1270.173584 1259.016479 1262.957397 1287.153198 1225.121704 1200.390869 1226.795166 1306.493164 1435.191772 1595.824341 2680.829102 2800.912109 2940.605225 3072.430664 3172.656494 3246.681641 3299.794434 4201.219727 4406.791992 4567.019531 4630.877930 4567.019531 4406.791992 4201.219727 3299.794434 3246.681641 3172.656494 3072.430664 2940.605225 2800.912109 2680.829102 1595.824341 1435.191772 1306.493164 1226.795166 1200.390869 1225.121704 1287.153198 1262.957397 1259.016479 1270.173584 1291.923096 1319.307861 1348.261841 1372.046997,
 1402.313110 1392.345215 1375.707397 1353.351440 1326.785278 1299.543945 1273.237427 1225.637451 1177.822510 1151.160889 1152.872192 1182.989258 1241.480469 1321.487061 1990.851074 2059.914062 2150.728760 2241.965820 2309.556396 2357.193359 2393.665039 2992.804199 3119.633301 3224.281250 3267.990723 3224.281250 3119.633301 2992.804199 2393.665039 2357.193359 2309.556396 2241.965820 2150.728760 2059.914062 1990.851074 1321.487061 1241.480469 1182.989258 1152.872192 1151.160889 1177.822510 1225.637451 1273.237427 1299.543945 1326.785278 1353.351440 1375.707397 1392.345215 1402.313110,
 1172.875610 1195.148804 1214.994385 1229.643555 1238.113770 1242.471558 1244.189087 1236.512451 1211.207031 1192.509644 1184.546021 1187.886597 1203.922363 1230.149170 1715.128784 1742.090942 1781.331787 1817.387207 1833.127930 1833.413940 1828.317017 2208.702148 2283.230957 2349.212891 2377.878418 2349.212891 2283.230957 2208.702148 1828.317017 1833.413940 1833.127930 1817.387207 1781.331787 1742.090942 1715.128784 1230.149170 1203.922363 1187.886597 1184.546021 1192.509644 1211.207031 1236.512451 1244.189087 1242.471558 1238.113770 1229.643555 1214.994385 1195.148804 1172.875610,
 574.474243 558.450500 547.613281 544.544678 546.624146 551.646545 558.249268 1019.798279 1008.537842 1015.405334 1037.009399 1059.237305 1080.249268 1102.715576 1469.508911 1492.818970 1533.597412 1571.852051 1582.163574 1574.368286 1566.941040 1757.136353 1801.302490 1851.333252 1876.297119 1851.333252 1801.302490 1757.136353 1566.941040 1574.368286 1582.163574 1571.852051 1533.597412 1492.818970 1469.508911 1102.715576 1080.249268 1059.237305 1037.009399 1015.405334 1008.537842 1019.798279 558.249268 551.646545 546.624146 544.544678 547.613281 558.450500 574.474243,
 -1118.068115 -1129.735352 -1141.674072 -1145.362183 -1137.284668 -1124.121094 -1114.421143 -26.509308 -48.542908 -66.128456 -65.441277 -46.436852 -23.630798 -10.799023 1103.315796 1106.289917 1124.172607 1146.187866 1154.852051 1146.118774 1129.107544 1605.829468 1639.772827 1681.611450 1701.525635 1681.611450 1639.772827 1605.829468 1129.107544 1146.118774 1154.852051 1146.187866 1124.172607 1106.289917 1103.315796 -10.799023 -23.630798 -46.436852 -65.441277 -66.128456 -48.542908 -26.509308 -1114.421143 -1124.121094 -1137.284668 -1145.362183 -1141.674072 -1129.735352 -1118.068115,

Auto-correlations of the modulus of each oriented sub-band
 3.191813 4.476893 5.571746 6.022103 5.619748 4.587735 3.389852 3.532065 4.862441 5.984907 6.443022 6.026306 4.956281 3.700547 4.284759 5.952262 7.340558 7.849587 7.234771 5.839984 4.277519 4.745090 6.721261 8.490267 9.223850 8.490267 6.721261 4.745090 4.277519 5.839984 7.234771 7.849587 7.340558 5.952262 4.284759 3.700547 4.956281 6.026306 6.443022 5.984907 4.862441 3.532065 3.389852 4.587735 5.619748 6.022103 5.571746 4.476893 3.191813,
 65.310127 68.230598 71.321541 73.678268 74.781105 74.682518 73.858620 84.266319 91.571930 98.331131 102.163155 102.282944 99.620178 95.669365 108.440605 120.800087 131.938751 137.102051 134.394867 126.511177 117.109810 123.283463 136.916229 149.192627 154.464661 149.192627 136.916229 123.283463 117.109810 126.511177 134.394867 137.102051 131.938751 120.800087 108.440605 95.669365 99.620178 102.282944 102.163155 98.331131 91.571930 84.266319 73.858620 74.682518 74.781105 73.678268 71.321541 68.230598 65.310127,
 262.352386 269.126953 274.363129 274.730835 269.583160 262.620972 255.961395 357.719360 383.398865 404.810730 411.600586 399.789429 377.281677 353.210388 467.179993 518.850769 563.529297 580.684937 559.939697 514.823792 465.070374 517.829590 582.136475 639.771118 664.580627 639.771118 582.136475 517.829590 465.070374 514.823792 559.939697 580.684937 563.529297 518.850769 467.179993 353.210388 377.281677 399.789429 411.600586 404.810730 383.398865 357.719360 255.961395 262.620972 269.583160 274.730835 274.363129 269.126953 262.352386,
 37.879623 38.377155 38.676487 38.195969 36.728153 34.772182 33.111908 51.101006 53.804821 56.948605 58.184246 55.307713 49.594814 44.749550 63.329987 69.933296 78.483513 83.049744 78.008995 67.206688 58.527695 66.719162 76.390381 89.043915 95.642014 89.043915 76.390381 66.719162 58.527695 67.206688 78.008995 83.049744 78.483513 69.933296 63.329987 44.749550 49.594814 55.307713 58.184246 56.948605 53.804821 51.101006 33.111908 34.772182 36.728153 38.195969 38.676487 38.377155 37.879623,
 2.530554 3.151684 3.667828 3.838942 3.560604 2.951656 2.251232 2.736043 3.471445 4.043688 4.202712 3.883851 3.260566 2.591639 3.121633 4.256032 5.228590 5.527427 5.004350 4.018762 3.053457 3.388202 4.767671 6.148547 6.764356 6.148547 4.767671 3.388202 3.053457 4.018762 5.004350 5.527427 5.228590 4.256032 3.121633 2.591639 3.260566 3.883851 4.202712 4.043688 3.471445 2.736043 2.251232 2.951656 3.560604 3.838942 3.667828 3.151684 2.530554,
 35.091557 36.654381 38.266670 39.308201 40.133194 41.371544 42.863483 48.483818 53.315811 57.936852 60.103031 59.867477 58.974403 58.090981 65.756248 74.249863 82.762543 86.390213 83.457382 77.896713 72.642754 76.448479 85.405380 95.034012 99.754196 95.034012 85.405380 76.448479 72.642754 77.896713 83.457382 86.390213 82.762543 74.249863 65.756248 58.090981 58.974403 59.867477 60.103031 57.936852 53.315811 48.483818 42.863483 41.371544 40.133194 39.308201 38.266670 36.654381 35.091557,
 133.506485 137.432297 143.790771 149.734711 150.108368 145.711288 140.684311 204.345078 220.390015 236.084854 245.440979 240.841263 225.390198 206.663742 280.841492 314.352753 343.973450 358.228241 346.598328 316.570709 280.834656 314.899811 358.409729 396.137146 412.678467 396.137146 358.409729 314.899811 280.834656 316.570709 346.598328 358.228241 343.973450 314.352753 280.841492 206.663742 225.390198 240.841263 245.440979 236.084854 220.390015 204.345078 140.684311 145.711288 150.108368 149.734711 143.790771 137.432297 133.506485,
 20.326960 20.920898 21.192808 21.411808 21.108988 19.666565 17.816404 28.081593 29.526634 31.152191 32.888126 32.309704 28.649021 24.726112 34.810188 38.140251 42.943237 46.955803 44.757370 37.895111 32.103302 36.436058 41.898209 49.620987 54.085052 49.620987 41.898209 36.436058 32.103302 37.895111 44.757370 46.955803 42.943237 38.140251 34.810188 24.726112 28.649021 32.309704 32.888126 31.152191 29.526634 28.081593 17.816404 19.666565 21.108988 21.411808 21.192808 20.920898 20.326960,
 1.081184 1.520697 1.818169 1.835354 1.585996 1.204798 0.834012 1.112598 1.609221 2.026921 2.158720 1.953562 1.553616 1.132551 1.348983 2.127977 2.918018 3.264925 2.947172 2.243819 1.553925 1.679285 2.653572 3.720284 4.228620 3.720284 2.653572 1.679285 1.553925 2.243819 2.947172 3.264925 2.918018 2.127977 1.348983 1.132551 1.553616 1.953562 2.158720 2.026921 1.609221 1.112598 0.834012 1.204798 1.585996 1.835354 1.818169 1.520697 1.081184,
 10.419115 11.237223 12.465460 13.170326 13.101297 12.833542 12.398581 16.044407 18.960917 22.424189 23.578388 22.133322 20.499495 19.267963 21.746838 26.866457 33.243626 35.662964 32.053410 27.089361 23.735142 24.733650 30.148085 37.618263 41.679710 37.618263 30.148085 24.733650 23.735142 27.089361 32.053410 35.662964 33.243626 26.866457 21.746838 19.267963 20.499495 22.133322 23.578388 22.424189 18.960917 16.044407 12.398581 12.833542 13.101297 13.170326 12.465460 11.237223 10.419115,
 23.927576 30.163549 39.648281 50.261482 59.139072 65.142273 67.858971 57.634071 74.052818 92.923935 109.251602 117.839615 117.578194 109.829735 104.426743 132.387802 159.372253 176.720581 177.428131 162.607071 138.937408 138.024109 170.640594 197.962799 209.262787 197.962799 170.640594 138.024109 138.937408 162.607071 177.428131 176.720581 159.372253 132.387802 104.426743 109.829735 117.578194 117.839615 109.251602 92.923935 74.052818 57.634071 67.858971 65.142273 59.139072 50.261482 39.648281 30.163549 23.927576,
 5.983199 6.175449 6.758314 7.784986 8.509474 8.247149 7.811568 9.229019 10.450908 12.661751 15.447960 16.375002 14.779481 12.890291 13.557615 16.468760 20.986311 25.246170 24.677778 20.441637 16.636013 16.762154 21.069635 26.923748 30.346600 26.923748 21.069635 16.762154 16.636013 20.441637 24.677778 25.246170 20.986311 16.468760 13.557615 12.890291 14.779481 16.375002 15.447960 12.661751 10.450908 9.229019 7.811568 8.247149 8.509474 7.784986 6.758314 6.175449 5.983199,
 -0.067709 0.395251 0.896353 1.295646 1.419996 1.186793 0.676527 0.639053 1.271357 1.758925 1.952417 1.800206 1.380791 0.839240 1.662922 2.900548 3.854390 4.131108 3.624811 2.616837 1.517068 2.048196 3.589222 4.929974 5.477015 4.929974 3.589222 2.048196 1.517068 2.616837 3.624811 4.131108 3.854390 2.900548 1.662922 0.839240 1.380791 1.800206 1.952417 1.758925 1.271357 0.639053 0.676527 1.186793 1.419996 1.295646 0.896353 0.395251 -0.067709,
 -0.281415 -0.268424 -0.064596 0.457840 1.371415 2.007070 1.424435 2.572170 3.897392 4.109552 2.671678 0.925678 0.392689 0.598089 3.310966 7.162879 10.355565 9.477661 5.002433 1.071084 -0.366249 1.110221 5.021132 10.811567 13.985401 10.811567 5.021132 1.110221 -0.366249 1.071084 5.002433 9.477661 10.355565 7.162879 3.310966 0.598089 0.392689 0.925678 2.671678 4.109552 3.897392 2.572170 1.424435 2.007070 1.371415 0.457840 -0.064596 -0.268424 -0.281415,
 9.892591 10.270391 8.089432 3.584831 -1.749233 -7.036180 -11.999492 14.008415 17.442402 17.921764 13.957151 6.984066 -0.588577 -7.712981 19.512455 27.924118 33.759182 32.926910 24.999960 14.145416 3.609889 16.105242 28.025877 39.013641 43.935513 39.013641 28.025877 16.105242 3.609889 14.145416 24.999960 32.926910 33.759182 27.924118 19.512455 -7.712981 -0.588577 6.984066 13.957151 17.921764 17.442402 14.008415 -11.999492 -7.036180 -1.749233 3.584831 8.089432 10.270391 9.892591,
 0.313991 0.026298 -0.259427 -0.792944 -1.210803 -1.331387 -1.052885 0.746732 0.810206 0.354592 0.357494 0.883849 0.867618 0.089936 0.819328 1.349320 2.281308 4.231524 4.695665 2.662786 0.578788 0.781790 2.364114 5.155753 7.134336 5.155753 2.364114 0.781790 0.578788 2.662786 4.695665 4.231524 2.281308 1.349320 0.819328 0.089936 0.867618 0.883849 0.357494 0.354592 0.810206 0.746732 -1.052885 -1.331387 -1.210803 -0.792944 -0.259427 0.026298 0.313991,

Pairwise cross-correlations of the modulus of all oriented sub-bands at the same scale (size QxQ)
 9.223850 12.657667 10.580456 7.990457,
 12.657667 154.464661 277.889679 76.835754,
 10.580456 277.889679 664.580688 208.231857,
 7.990457 76.835754 208.231857 95.642014,
 6.764356 8.163181 9.957544 6.688821,
 8.163181 99.754204 177.457748 46.960800,
 9.957544 177.457748 412.678528 120.531822,
 6.688821 46.960800 120.531822 54.085052,
 4.228621 5.134461 6.909148 3.171238,
 5.134461 41.679710 78.106194 22.608837,
 6.909148 78.106194 209.262817 68.185539,
 3.171238 22.608837 68.185539 30.346603,
 5.477014 3.757957 -1.560024 1.237999,
 3.757957 13.985403 12.909367 2.895698,
 -1.560024 12.909367 43.935516 10.168283,
 1.237999 2.895698 10.168283 7.134337,

Cross-correlations of the modulus of all oriented sub-bands with all oriented sub-bands at the coarser scale (size QxQ)
 5.603476 8.658929 6.572482 6.430805,
 10.606283 57.786339 93.752167 30.070724,
 13.615245 98.019104 189.460617 59.157475,
 7.199888 31.043716 59.306831 26.632620,
 3.318188 6.749275 8.588017 3.471299,
 5.856670 23.980099 45.828636 15.925606,
 8.360363 39.694633 88.906166 30.133768,
 4.215683 13.225198 24.299416 8.705235,
 2.759339 2.273152 1.488837 1.362848,
 3.480419 7.682222 11.885551 2.754169,
 3.267940 11.391315 27.483221 4.838984,
 1.988568 3.922692 8.009558 2.763947,

Cross-correlations of the real part of each oriented sub-band with both the real and imaginary part of all phase-doubled oriented sub-bands at the next coarser scale (Q matrices of size 1x2Q, which are computed and stored in a matrix of size Qx2Q)
 -0.728684 -0.897257 -0.344986 -0.431352 0.602166 0.282402 0.179597 -0.073352,
 -0.687024 -22.506838 -35.693016 -10.935373 0.089794 4.856996 7.534998 1.822266,
 -0.327513 -43.133148 -86.294090 -33.455307 -0.120129 6.434400 16.471806 3.347709,
 -0.364528 -11.287955 -27.688002 -14.301666 0.160483 0.920974 5.128273 0.299060,
 -0.204400 -0.299869 0.243663 -0.432129 0.682045 0.237924 -0.123285 -0.088065,
 -0.523476 -0.900313 1.727857 -0.165144 0.251490 -4.967602 -16.554838 -4.692444,
 -0.317506 -3.791561 -5.038527 -3.686045 0.070422 -14.350898 -37.991592 -8.721365,
 -0.082316 -2.075644 -3.834207 -3.931480 0.364662 -4.657628 -10.682282 -1.595026,
 -0.434249 -0.607863 -0.027672 -0.098392 0.995430 0.326352 0.154774 -0.295859,
 -0.333617 -5.814041 -17.707722 -5.042343 0.512307 5.248269 -0.723509 -0.632133,
 0.134347 -11.891757 -47.290951 -15.157226 0.047284 5.387179 -3.947288 -1.022954,
 0.058374 -3.708347 -15.844018 -6.209626 0.364587 0.399240 -1.028671 0.006533,
