Low-band skewness and kurtosis
 -0.513130 2.232011,
 -0.472009 2.457233,
 -0.499806 2.449366,
 -0.458377 2.007457,
 -0.250532 1.709121,

High-band variance
 1000.481384,

Skewness, kurtosis, variance, mean, maximum and minimum of the reconstructed texture
 -0.639414 1.958660 5627.653809 188.053528 255.000000 3.000000,

Auto-correlations of the low-frequency bands at each scale
 784.584167 757.165894 774.546387 821.938232 881.146240 939.990112 987.683044 1273.328369 1004.483582 779.235474 639.083374 595.905518 639.106384 738.188538 3094.847656 3017.101074 2875.632568 2678.177002 2436.060303 2197.669434 2011.455200 3729.509766 4048.668457 4302.549316 4404.007324 4302.549316 4048.668457 3729.509766 2011.455200 2197.669434 2436.060303 2678.177002 2875.632568 3017.101074 3094.847656 738.188538 639.106384 595.905518 639.083374 779.235474 1004.483582 1273.328369 987.683044 939.990112 881.146240 821.938232 774.546387 757.165894 784.584167,
 882.990234 883.800659 908.568237 941.348267 964.601074 974.327026 970.981567 1025.581421 898.296509 801.605713 747.193481 731.801392 753.224365 798.994141 2056.615479 2022.484375 1951.145264 1840.234619 1696.776123 1564.102539 1476.301636 2450.658203 2625.932129 2772.603516 2833.851074 2772.603516 2625.932129 2450.658203 1476.301636 1564.102539 1696.776123 1840.234619 1951.145264 2022.484375 2056.615479 798.994141 753.224365 731.801392 747.193481 801.605713 898.296509 1025.581421 970.981567 974.327026 964.601074 941.348267 908.568237 883.800659 882.990234,
 847.842651 849.511475 862.581299 883.394775 901.643188 911.563354 913.221680 1028.566528 963.388794 913.857056 886.273987 875.166382 881.075317 900.697510 1530.287109 1515.857544 1487.090576 1431.958130 1343.856445 1255.214722 1195.632812 1684.974854 1786.230347 1880.939087 1923.489258 1880.939087 1786.230347 1684.974854 1195.632812 1255.214722 1343.856445 1431.958130 1487.090576 1515.857544 1530.287109 900.697510 881.075317 875.166382 886.273987 913.857056 963.388794 1028.566528 913.221680 911.563354 901.643188 883.394775 862.581299 849.511475 847.842651,
 319.088593 333.175659 346.779053 361.855042 381.793701 399.815735 406.711090 728.268738 686.307739 654.418396 639.365112 642.928284 664.891968 698.456116 1210.320557 1208.405151 1199.632812 1171.447388 1117.241455 1062.196655 1028.035400 1340.016602 1416.112305 1489.312988 1522.902710 1489.312988 1416.112305 1340.016602 1028.035400 1062.196655 1117.241455 1171.447388 1199.632812 1208.405151 1210.320557 698.456116 664.891968 642.928284 639.365112 654.418396 686.307739 728.268738 406.711090 399.815735 381.793701 361.855042 346.779053 333.175659 319.088593,
 -770.264282 -773.325012 -797.915466 -824.760742 -826.805115 -808.061707 -790.649048 -87.737923 -79.723007 -85.435852 -104.875420 -121.597015 -122.614548 -112.434837 787.656189 806.495300 827.927368 828.198486 801.301270 774.393127 768.749084 1200.949707 1222.932983 1263.237305 1285.425781 1263.237305 1222.932983 1200.949707 768.749084 774.393127 801.301270 828.198486 827.927368 806.495300 787.656189 -112.434837 -122.614548 -121.597015 -104.875420 -85.435852 -79.723007 -87.737923 -790.649048 -808.061707 -826.805115 -824.760742 -797.915466 -773.325012 -770.264282,

Auto-correlations of the modulus of each oriented sub-band
 3.895015 4.867888 5.702137 5.975376 5.506697 4.497622 3.343157 4.422565 5.512972 6.389993 6.658644 6.147844 5.034849 3.725986 5.069739 6.524641 7.885824 8.576843 8.103699 6.593134 4.741536 5.296547 7.453461 9.541597 10.457631 9.541597 7.453461 5.296547 4.741536 6.593134 8.103699 8.576843 7.885824 6.524641 5.069739 3.725986 5.034849 6.147844 6.658644 6.389993 5.512972 4.422565 3.343157 4.497622 5.506697 5.975376 5.702137 4.867888 3.895015,
 18.431892 20.539936 24.206375 26.608030 26.229813 24.456509 22.981529 30.790325 35.950134 44.278091 48.401482 44.834206 38.893013 35.158001 43.332310 52.333488 67.239838 74.692772 66.267059 53.411964 46.046566 49.582161 59.650063 77.255432 87.768234 77.255432 59.650063 49.582161 46.046566 53.411964 66.267059 74.692772 67.239838 52.333488 43.332310 35.158001 38.893013 44.834206 48.401482 44.278091 35.950134 30.790325 22.981529 24.456509 26.229813 26.608030 24.206375 20.539936 18.431892,
 105.400360 113.766060 122.691795 126.400398 120.149452 106.175163 90.645111 198.735168 228.421371 257.104645 269.168365 252.858856 215.864456 175.513641 292.320343 353.717194 412.549408 438.076721 409.055573 343.410492 273.499298 326.168945 407.253448 485.023315 519.800537 485.023315 407.253448 326.168945 273.499298 343.410492 409.055573 438.076721 412.549408 353.717194 292.320343 175.513641 215.864456 252.858856 269.168365 257.104645 228.421371 198.735168 90.645111 106.175163 120.149452 126.400398 122.691795 113.766060 105.400360,
 50.753773 49.235607 46.590256 42.941048 38.545715 33.821865 29.495266 79.339203 82.321632 82.950760 80.105560 72.784439 61.984245 51.004242 102.794601 114.517189 123.752869 125.767090 116.506439 99.129341 80.966370 103.815994 122.889282 140.547485 148.389862 140.547485 122.889282 103.815994 80.966370 99.129341 116.506439 125.767090 123.752869 114.517189 102.794601 51.004242 61.984245 72.784439 80.105560 82.950760 82.321632 79.339203 29.495266 33.821865 38.545715 42.941048 46.590256 49.235607 50.753773,
 2.892436 3.825081 4.528221 4.713326 4.287385 3.411969 2.396874 3.414880 4.421847 5.214179 5.470900 5.033638 4.041102 2.875746 3.851512 5.242997 6.549244 7.183943 6.680397 5.251879 3.648120 4.098671 5.945875 7.787562 8.621037 7.787562 5.945875 4.098671 3.648120 5.251879 6.680397 7.183943 6.549244 5.242997 3.851512 2.875746 4.041102 5.033638 5.470900 5.214179 4.421847 3.414880 2.396874 3.411969 4.287385 4.713326 4.528221 3.825081 2.892436,
 10.622857 11.272623 11.647608 10.978598 9.585175 8.771099 8.872947 15.999716 18.852333 21.625629 21.574318 19.059544 16.948765 15.972145 22.942217 27.996071 34.450756 36.264256 31.545824 26.582932 23.883013 26.754240 31.518240 39.313972 44.151573 39.313972 31.518240 26.754240 23.883013 26.582932 31.545824 36.264256 34.450756 27.996071 22.942217 15.972145 16.948765 19.059544 21.574318 21.625629 18.852333 15.999716 8.872947 8.771099 9.585175 10.978598 11.647608 11.272623 10.622857,
 75.515785 77.612183 72.925247 61.544876 45.314316 28.575382 15.828367 124.754204 145.732269 154.854584 146.653397 122.009132 89.830261 60.545998 170.584579 217.011154 250.535904 255.078629 225.929245 176.735977 126.220955 174.857758 234.905838 287.286865 309.241089 287.286865 234.905838 174.857758 126.220955 176.735977 225.929245 255.078629 250.535904 217.011154 170.584579 60.545998 89.830261 122.009132 146.653397 154.854584 145.732269 124.754204 15.828367 28.575382 45.314316 61.544876 72.925247 77.612183 75.515785,
 24.740175 25.729361 24.620234 21.645119 17.371901 12.512152 8.319090 37.969936 42.353348 44.287884 42.705170 36.422680 26.599525 17.435318 47.983913 58.801285 68.178871 71.358841 63.311970 47.616051 32.771481 46.133823 62.115349 78.597397 86.473839 78.597397 62.115349 46.133823 32.771481 47.616051 63.311970 71.358841 68.178871 58.801285 47.983913 17.435318 26.599525 36.422680 42.705170 44.287884 42.353348 37.969936 8.319090 12.512152 17.371901 21.645119 24.620234 25.729361 24.740175,
 1.039999 1.726671 2.331533 2.680128 2.633917 2.200177 1.550220 1.666877 2.636209 3.463779 3.830010 3.579151 2.869834 2.053014 2.340254 3.762815 5.159553 5.824891 5.330128 4.057847 2.752775 2.950327 4.647248 6.417965 7.227505 6.417965 4.647248 2.950327 2.752775 4.057847 5.330128 5.824891 5.159553 3.762815 2.340254 2.053014 2.869834 3.579151 3.830010 3.463779 2.636209 1.666877 1.550220 2.200177 2.633917 2.680128 2.331533 1.726671 1.039999,
 -0.540842 0.820987 1.925440 1.627559 1.125245 1.337303 1.997782 3.889635 6.056788 8.127284 7.257459 5.305555 4.719459 5.068433 7.230566 10.236366 14.678907 14.924709 10.767752 7.973598 7.530328 8.352483 10.416942 15.631653 19.293211 15.631653 10.416942 8.352483 7.530328 7.973598 10.767752 14.924709 14.678907 10.236366 7.230566 5.068433 4.719459 5.305555 7.257459 8.127284 6.056788 3.889635 1.997782 1.337303 1.125245 1.627559 1.925440 0.820987 -0.540842,
 -5.658258 -1.193596 2.916198 5.467158 6.348824 7.034944 8.883760 21.637690 32.508968 41.286564 44.239330 40.195400 32.379467 25.134626 49.427055 70.091858 87.464005 93.595383 85.045334 66.890533 47.515182 59.964668 85.560448 108.457153 118.051025 108.457153 85.560448 59.964668 47.515182 66.890533 85.045334 93.595383 87.464005 70.091858 49.427055 25.134626 32.379467 40.195400 44.239330 41.286564 32.508968 21.637690 8.883760 7.034944 6.348824 5.467158 2.916198 -1.193596 -5.658258,
 5.026846 4.712064 3.639799 2.722765 2.504429 2.939621 3.906999 10.935920 11.880133 12.190664 12.624481 12.177641 9.761820 6.751281 15.490514 19.503727 24.384674 28.211399 26.327591 18.960968 11.730952 15.702950 23.062796 32.116440 36.883701 32.116440 23.062796 15.702950 11.730952 18.960968 26.327591 28.211399 24.384674 19.503727 15.490514 6.751281 9.761820 12.177641 12.624481 12.190664 11.880133 10.935920 3.906999 2.939621 2.504429 2.722765 3.639799 4.712064 5.026846,
 -0.309688 0.596567 1.579762 2.073338 1.785544 0.916686 -0.085643 -0.399407 0.521069 1.471645 1.932649 1.642135 0.776397 -0.197927 -0.043558 1.326188 2.659595 3.263486 2.763117 1.479262 0.140879 0.430517 2.255691 4.052760 4.834099 4.052760 2.255691 0.430517 0.140879 1.479262 2.763117 3.263486 2.659595 1.326188 -0.043558 -0.197927 0.776397 1.642135 1.932649 1.471645 0.521069 -0.399407 -0.085643 0.916686 1.785544 2.073338 1.579762 0.596567 -0.309688,
 2.645602 4.134304 4.517408 3.880760 3.061665 2.414083 1.523319 4.234136 6.788239 8.123100 6.948073 4.974796 3.692213 2.610459 4.814281 7.969649 11.186125 11.109546 7.971451 5.334899 3.707254 4.521194 7.101314 10.951052 13.355472 10.951052 7.101314 4.521194 3.707254 5.334899 7.971451 11.109546 11.186125 7.969649 4.814281 2.610459 3.692213 4.974796 6.948073 8.123100 6.788239 4.234136 1.523319 2.414083 3.061665 3.880760 4.517408 4.134304 2.645602,
 19.629591 32.402626 41.351620 44.422050 40.052876 29.463329 17.713305 37.409386 56.834774 71.774765 76.673553 68.324493 50.816547 32.508621 48.746273 74.253151 96.070656 104.166725 92.831062 69.051689 44.544193 50.900169 78.460625 104.309845 115.636246 104.309845 78.460625 50.900169 44.544193 69.051689 92.831062 104.166725 96.070656 74.253151 48.746273 32.508621 50.816547 68.324493 76.673553 71.774765 56.834774 37.409386 17.713305 29.463329 40.052876 44.422050 41.351620 32.402626 19.629591,
 8.235565 10.477163 11.460690 10.541986 7.869182 5.148411 3.553175 13.054647 16.606152 19.980604 21.188021 18.861399 14.452287 10.401266 16.728596 21.975065 28.237743 31.710178 28.900734 22.034815 15.764005 17.959538 24.552124 32.531422 36.558594 32.531422 24.552124 17.959538 15.764005 22.034815 28.900734 31.710178 28.237743 21.975065 16.728596 10.401266 14.452287 18.861399 21.188021 19.980604 16.606152 13.054647 3.553175 5.148411 7.869182 10.541986 11.460690 10.477163 8.235565,

Pairwise cross-correlations of the modulus of all oriented sub-bands at the same scale (size QxQ)
 10.457632 5.928885 6.266258 11.401112,
 5.928885 87.768250 155.767746 40.924706,
 6.266258 155.767746 519.800598 213.041214,
 11.401112 40.924706 213.041214 148.389893,
 8.621038 4.575545 4.835013 4.143538,
 4.575545 44.151585 87.143166 23.803400,
 4.835013 87.143166 309.241150 130.393082,
 4.143538 23.803400 130.393082 86.473846,
 7.227506 2.010496 0.360323 1.355178,
 2.010496 19.293211 31.974817 5.446381,
 0.360323 31.974817 118.051033 46.841972,
 1.355178 5.446381 46.841972 36.883705,
 4.834099 3.197618 -1.896135 0.589833,
 3.197618 13.355473 25.141605 14.069046,
 -1.896135 25.141605 115.636261 57.732590,
 0.589833 14.069046 57.732590 36.558598,

Cross-correlations of the modulus of all oriented sub-bands with all oriented sub-bands at the coarser scale (size QxQ)
 6.290927 2.651759 1.102446 4.338602,
 6.899933 18.120792 16.407457 -0.053430,
 8.537939 24.379631 27.559652 0.325873,
 6.444512 2.253235 5.767127 10.277037,
 5.664114 1.886386 0.804366 2.084414,
 4.499167 7.405009 7.113821 -0.367899,
 5.073057 8.054009 18.828217 9.325635,
 2.119382 -0.868112 7.717736 12.514210,
 4.075651 5.010445 5.323450 4.385227,
 0.811692 3.253560 1.154772 -0.072434,
 -1.367779 3.444494 24.254173 6.699219,
 -0.573534 2.116218 20.347803 9.748408,

Cross-correlations of the real part of each oriented sub-band with both the real and imaginary part of all phase-doubled oriented sub-bands at the next coarser scale (Q matrices of size 1x2Q, which are computed and stored in a matrix of size Qx2Q)
 -1.141001 -0.663482 -0.967660 -1.641736 0.935944 0.107894 0.394640 0.238819,
 -0.464876 -25.090094 -38.949352 -12.115088 0.352247 0.943560 6.942495 2.903260,
 -0.785276 -50.470184 -107.690651 -55.167725 -0.119937 4.629105 31.699362 13.823876,
 -1.435089 -13.982058 -45.357384 -34.588799 0.239079 2.737328 18.156036 8.493643,
 -0.266180 -0.334038 0.346669 0.197989 0.381184 0.173157 0.304512 0.337324,
 -0.022742 -7.867986 -14.668915 -5.024465 0.149402 -0.678988 -5.374953 -1.758935,
 -0.089864 -16.993580 -42.658989 -13.721305 -0.118663 -3.603892 -9.944974 2.381842,
 -0.369390 -5.280178 -15.276219 -3.421026 0.077768 -1.396556 -0.123023 5.771379,
 -0.900075 -0.087864 -0.107302 -0.717266 -0.181818 -0.562440 -0.784887 -0.541106,
 -0.348338 -1.562614 3.752657 0.480098 -0.135001 -5.267349 -17.959143 -6.346306,
 -0.006639 1.283211 13.881886 -1.995692 0.085195 -11.088430 -72.041206 -36.464836,
 -0.420963 1.867374 5.803319 -3.872150 0.096372 -4.158404 -38.231194 -24.849764,
