Low-band skewness and kurtosis
 -0.526626 2.097494,
 -0.382629 2.153526,
 -0.217478 1.908431,
 -0.084155 1.519958,
 -0.229658 1.613991,

High-band variance
 979.596069,

Skewness, kurtosis, variance, mean, maximum and minimum of the reconstructed texture
 -0.677626 1.976005 5803.184082 189.004395 255.000000 1.000000,

Auto-correlations of the low-frequency bands at each scale
 1535.648071 1495.241089 1441.049805 1380.968018 1322.499023 1286.443970 1294.727417 1264.006958 1164.644653 1124.625366 1169.774414 1307.109009 1531.341675 1806.542847 2244.245850 2467.911377 2746.427490 3020.442627 3236.463135 3393.225342 3487.788330 3861.482910 4212.535156 4495.025879 4609.344727 4495.025879 4212.535156 3861.482910 3487.788330 3393.225342 3236.463135 3020.442627 2746.427490 2467.911377 2244.245850 1806.542847 1531.341675 1307.109009 1169.774414 1124.625366 1164.644653 1264.006958 1294.727417 1286.443970 1322.499023 1380.968018 1441.049805 1495.241089 1535.648071,
 1547.072998 1539.851807 1514.418335 1468.954102 1407.863892 1356.774414 1338.692139 1338.122559 1260.377686 1222.516113 1235.220947 1294.698975 1404.775391 1554.153320 1784.597656 1908.366943 2083.386719 2263.101074 2391.754883 2465.056885 2491.187012 2678.063477 2912.912109 3106.126953 3186.304443 3106.126953 2912.912109 2678.063477 2491.187012 2465.056885 2391.754883 2263.101074 2083.386719 1908.366943 1784.597656 1554.153320 1404.775391 1294.698975 1235.220947 1222.516113 1260.377686 1338.122559 1338.692139 1356.774414 1407.863892 1468.954102 1514.418335 1539.851807 1547.072998,
 1244.713867 1255.128418 1263.700195 1254.106934 1214.159668 1168.031494 1140.616455 1344.099609 1340.026978 1362.143921 1393.923828 1411.328491 1429.926147 1464.768066 1618.443604 1699.883423 1815.556641 1916.924927 1952.122314 1939.843872 1913.703613 1980.465210 2117.550293 2249.688232 2309.913818 2249.688232 2117.550293 1980.465210 1913.703613 1939.843872 1952.122314 1916.924927 1815.556641 1699.883423 1618.443604 1464.768066 1429.926147 1411.328491 1393.923828 1362.143921 1340.026978 1344.099609 1140.616455 1168.031494 1214.159668 1254.106934 1263.700195 1255.128418 1244.713867,
 432.981079 455.813324 511.434967 574.379700 609.561890 619.120544 615.073242 927.394348 955.490845 1016.787476 1073.235107 1078.549194 1058.222046 1044.238403 1402.100708 1468.714478 1566.678833 1633.204224 1603.312378 1525.216431 1458.320190 1655.436646 1759.607422 1883.077393 1947.010742 1883.077393 1759.607422 1655.436646 1458.320190 1525.216431 1603.312378 1633.204224 1566.678833 1468.714478 1402.100708 1044.238403 1058.222046 1078.549194 1073.235107 1016.787476 955.490845 927.394348 615.073242 619.120544 609.561890 574.379700 511.434967 455.813324 432.981079,
 -981.103149 -1057.367920 -1155.282471 -1175.462524 -1084.499268 -981.438843 -944.028564 -75.811447 -116.588127 -118.186356 -59.840595 6.261772 22.959251 -2.219997 928.061035 958.238647 1067.828735 1177.300659 1173.492065 1080.311035 995.531616 1405.041870 1498.014893 1654.529175 1740.370239 1654.529175 1498.014893 1405.041870 995.531616 1080.311035 1173.492065 1177.300659 1067.828735 958.238647 928.061035 -2.219997 22.959251 6.261772 -59.840595 -118.186356 -116.588127 -75.811447 -944.028564 -981.438843 -1084.499268 -1175.462524 -1155.282471 -1057.367920 -981.103149,

Auto-correlations of the modulus of each oriented sub-band
 5.607180 7.251861 8.687134 9.339127 8.921894 7.697694 6.241412 6.322109 8.137155 9.704447 10.404959 9.929977 8.531920 6.822870 7.545563 10.010636 12.067068 12.770925 11.862247 9.931872 7.781670 8.229910 11.103341 13.840122 15.025707 13.840122 11.103341 8.229910 7.781670 9.931872 11.862247 12.770925 12.067068 10.010636 7.545563 6.822870 8.531920 9.929977 10.404959 9.704447 8.137155 6.322109 6.241412 7.697694 8.921894 9.339127 8.687134 7.251861 5.607180,
 91.136925 94.355682 98.403168 102.279747 105.318039 107.234879 107.780556 111.998520 121.703018 131.708420 138.533508 140.745987 139.452744 135.756149 140.016632 156.917999 173.461548 182.140121 179.578369 170.131470 158.527008 160.306305 178.483566 195.806549 203.671127 195.806549 178.483566 160.306305 158.527008 170.131470 179.578369 182.140121 173.461548 156.917999 140.016632 135.756149 139.452744 140.745987 138.533508 131.708420 121.703018 111.998520 107.780556 107.234879 105.318039 102.279747 98.403168 94.355682 91.136925,
 202.683838 215.601639 228.323547 236.595810 238.284180 236.265427 232.840881 274.439941 307.611725 341.111359 359.228455 354.309540 336.430389 317.224060 361.783875 418.419403 476.729187 505.688324 486.999207 440.961700 395.134644 415.236877 479.266418 545.707764 576.799133 545.707764 479.266418 415.236877 395.134644 440.961700 486.999207 505.688324 476.729187 418.419403 361.783875 317.224060 336.430389 354.309540 359.228455 341.111359 307.611725 274.439941 232.840881 236.265427 238.284180 236.595810 228.323547 215.601639 202.683838,
 31.427000 31.713436 32.275200 32.099579 29.517517 25.654621 23.399385 41.115181 43.536827 48.436199 51.474449 46.758282 37.899460 33.144363 48.391075 53.904911 66.235764 74.981186 66.697495 50.987583 43.253532 49.353989 57.412086 75.409134 86.985832 75.409134 57.412086 49.353989 43.253532 50.987583 66.697495 74.981186 66.235764 53.904911 48.391075 33.144363 37.899460 46.758282 51.474449 48.436199 43.536827 41.115181 23.399385 25.654621 29.517517 32.099579 32.275200 31.713436 31.427000,
 4.593472 6.301054 7.828876 8.504582 7.967829 6.503014 4.792791 5.256526 7.119014 8.686089 9.260634 8.556463 6.917230 5.048708 6.093473 8.530491 10.657242 11.359969 10.249542 8.010145 5.630749 6.277903 9.081985 11.808484 13.018066 11.808484 9.081985 6.277903 5.630749 8.010145 10.249542 11.359969 10.657242 8.530491 6.093473 5.048708 6.917230 8.556463 9.260634 8.686089 7.119014 5.256526 4.792791 6.503014 7.967829 8.504582 7.828876 6.301054 4.593472,
 41.216934 46.142143 51.136887 55.436577 58.050209 58.408447 57.020218 55.422863 63.796638 72.166237 77.641754 78.972359 76.917564 72.503601 72.919334 85.894066 98.788147 105.550674 103.005737 94.872597 84.805687 85.315155 99.555054 113.231995 119.626495 113.231995 99.555054 85.315155 84.805687 94.872597 103.005737 105.550674 98.788147 85.894066 72.919334 72.503601 76.917564 78.972359 77.641754 72.166237 63.796638 55.422863 57.020218 58.408447 58.050209 55.436577 51.136887 46.142143 41.216934,
 57.947006 74.233040 89.649055 100.734619 104.933403 102.347206 94.151581 104.571243 134.077026 161.229752 177.667175 177.621811 163.220032 140.843597 157.016342 202.904236 244.442047 265.771606 256.479950 223.397766 181.455246 189.371704 242.261459 288.488586 308.006042 288.488586 242.261459 189.371704 181.455246 223.397766 256.479950 265.771606 244.442047 202.904236 157.016342 140.843597 163.220032 177.621811 177.667175 161.229752 134.077026 104.571243 94.151581 102.347206 104.933403 100.734619 89.649055 74.233040 57.947006,
 12.261728 13.983926 15.856133 16.674911 15.746833 13.623185 11.669336 19.303921 21.856596 24.737417 26.850525 25.535471 21.376581 17.854015 25.143021 29.092154 34.671062 39.264534 36.537159 29.318201 23.882423 26.823952 32.333099 40.559818 45.711407 40.559818 32.333099 26.823952 23.882423 29.318201 36.537159 39.264534 34.671062 29.092154 25.143021 17.854015 21.376581 25.535471 26.850525 24.737417 21.856596 19.303921 11.669336 13.623185 15.746833 16.674911 15.856133 13.983926 12.261728,
 3.212178 5.620010 7.808788 8.806311 8.070989 6.049742 3.717525 4.384645 7.188998 9.708130 10.828704 9.924622 7.561270 4.900402 5.813670 9.211112 12.297837 13.576159 12.272716 9.247958 5.999481 6.509742 10.191743 13.674162 15.181416 13.674162 10.191743 6.509742 5.999481 9.247958 12.272716 13.576159 12.297837 9.211112 5.813670 4.900402 7.561270 9.924622 10.828704 9.708130 7.188998 4.384645 3.717525 6.049742 8.070989 8.806311 7.808788 5.620010 3.212178,
 9.869942 10.741840 11.503371 11.834883 12.212995 13.046837 13.989161 15.159233 17.456264 19.199430 19.632856 19.425890 19.345901 19.472557 23.064009 28.077343 32.541264 33.459564 31.004221 27.983234 25.468908 27.553097 32.893112 38.899738 41.960670 38.899738 32.893112 27.553097 25.468908 27.983234 31.004221 33.459564 32.541264 28.077343 23.064009 19.472557 19.345901 19.425890 19.632856 19.199430 17.456264 15.159233 13.989161 13.046837 12.212995 11.834883 11.503371 10.741840 9.869942,
 22.568796 23.378870 23.297550 20.306980 15.773724 13.381479 14.696643 28.177485 36.831776 44.139816 44.071327 36.793625 29.372641 26.763468 40.289513 58.899933 77.134117 83.523293 72.998085 55.912575 42.587135 48.710594 70.146942 93.373901 104.683899 93.373901 70.146942 48.710594 42.587135 55.912575 72.998085 83.523293 77.134117 58.899933 40.289513 26.763468 29.372641 36.793625 44.071327 44.139816 36.831776 28.177485 14.696643 13.381479 15.773724 20.306980 23.297550 23.378870 22.568796,
 3.657426 3.535447 3.510300 3.695976 3.213354 1.788386 0.346765 4.714976 5.200319 6.144984 6.996480 6.425900 4.142769 1.541819 4.768916 6.982976 10.513626 13.668073 12.693211 7.781062 3.125568 4.142254 8.493962 14.808104 18.405926 14.808104 8.493962 4.142254 3.125568 7.781062 12.693211 13.668073 10.513626 6.982976 4.768916 1.541819 4.142769 6.425900 6.996480 6.144984 5.200319 4.714976 0.346765 1.788386 3.213354 3.695976 3.510300 3.535447 3.657426,
 -0.257978 3.203751 6.076584 7.191644 6.039639 3.202539 -0.160324 1.894828 6.729160 10.577025 11.790090 9.884635 5.938656 1.615306 4.161231 10.780974 16.277834 18.136503 15.462040 9.840768 3.789217 5.040437 12.315860 18.821846 21.516613 18.821846 12.315860 5.040437 3.789217 9.840768 15.462040 18.136503 16.277834 10.780974 4.161231 1.615306 5.938656 9.884635 11.790090 10.577025 6.729160 1.894828 -0.160324 3.202539 6.039639 7.191644 6.076584 3.203751 -0.257978,
 0.241685 0.261794 -1.207930 -2.567505 -2.462870 -0.924600 0.733021 0.137766 2.017023 2.167741 0.285070 -1.427980 -1.520683 -0.467471 1.560773 5.703060 10.025696 10.004021 5.987884 2.062324 0.384130 2.259211 6.488263 13.069834 16.669533 13.069834 6.488263 2.259211 0.384130 2.062324 5.987884 10.004021 10.025696 5.703060 1.560773 -0.467471 -1.520683 -1.427980 0.285070 2.167741 2.017023 0.137766 0.733021 -0.924600 -2.462870 -2.567505 -1.207930 0.261794 0.241685,
 -14.326003 -7.573775 -0.447238 3.508423 3.647336 2.217297 0.844379 -9.502123 1.307545 13.660116 21.717297 22.502977 18.438856 12.894369 1.573252 16.567192 33.294960 43.342300 41.031982 30.461227 18.403780 13.393812 29.579769 46.068844 53.674969 46.068844 29.579769 13.393812 18.403780 30.461227 41.031982 43.342300 33.294960 16.567192 1.573252 12.894369 18.438856 22.502977 21.717297 13.660116 1.307545 -9.502123 0.844379 2.217297 3.647336 3.508423 -0.447238 -7.573775 -14.326003,
 0.964332 1.320573 2.201883 2.741450 2.821072 2.877698 2.856322 2.616862 3.364798 4.142799 4.962696 6.056282 6.156099 5.048868 4.281072 5.163234 6.618525 9.113443 9.962503 7.839626 5.349385 5.087240 6.769608 9.901302 12.008812 9.901302 6.769608 5.087240 5.349385 7.839626 9.962503 9.113443 6.618525 5.163234 4.281072 5.048868 6.156099 6.056282 4.962696 4.142799 3.364798 2.616862 2.856322 2.877698 2.821072 2.741450 2.201883 1.320573 0.964332,

Pairwise cross-correlations of the modulus of all oriented sub-bands at the same scale (size QxQ)
 15.025707 16.745859 12.488661 9.098279,
 16.745859 203.671173 283.960785 50.060188,
 12.488661 283.960785 576.799194 153.892517,
 9.098279 50.060188 153.892517 86.985840,
 13.018066 10.251999 7.785634 6.579403,
 10.251999 119.626503 154.386703 20.446941,
 7.785634 154.386703 308.006073 75.017761,
 6.579403 20.446941 75.017761 45.711411,
 15.181416 6.536186 1.155344 5.295640,
 6.536186 41.960678 45.049736 8.053584,
 1.155344 45.049736 104.683899 26.165150,
 5.295640 8.053584 26.165150 18.405926,
 21.516613 9.419785 -7.016809 5.729325,
 9.419785 16.669533 11.073504 2.749220,
 -7.016809 11.073504 53.674973 10.177865,
 5.729325 2.749220 10.177865 12.008813,

Cross-correlations of the modulus of all oriented sub-bands with all oriented sub-bands at the coarser scale (size QxQ)
 10.423438 11.579985 8.046095 6.227867,
 12.008542 57.466507 49.069653 1.754258,
 11.429825 64.253685 82.639374 21.568830,
 6.814606 13.088960 27.047319 22.195902,
 10.417154 6.963509 -0.533066 3.655694,
 9.840562 24.864208 15.892250 0.612036,
 7.541680 30.666073 39.119869 8.137153,
 3.595135 6.260618 10.179070 8.924787,
 14.175489 8.135315 -5.216244 3.994908,
 4.111333 5.557717 -2.943581 -4.626564,
 -1.976983 3.661660 9.715788 -3.467344,
 3.100702 1.432177 1.257005 3.671521,

Cross-correlations of the real part of each oriented sub-band with both the real and imaginary part of all phase-doubled oriented sub-bands at the next coarser scale (Q matrices of size 1x2Q, which are computed and stored in a matrix of size Qx2Q)
 -0.938119 -1.239447 -1.458230 -1.476190 1.116330 -0.141224 -0.341382 -0.321657,
 -1.175659 -34.503250 -38.059376 -9.581161 0.367796 -14.347200 -20.593748 -2.244318,
 -0.865520 -54.561836 -76.061897 -40.728817 -0.038325 -21.355747 -29.036657 -3.086844,
 -0.553639 -11.121554 -26.426596 -25.921518 0.388668 -3.001770 -3.534996 -1.096063,
 0.245894 -0.872314 0.013227 -0.471688 -0.083445 -0.933802 -0.299579 0.292417,
 -0.269078 -5.022234 -11.533649 -4.731517 -0.205070 -11.804032 -14.145087 -1.234185,
 -0.102615 -13.719803 -41.031414 -20.422934 0.105490 -16.976307 -22.690603 -1.447194,
 0.169929 -5.386944 -17.394709 -12.126080 0.274501 -2.960295 -3.258901 0.221057,
 -0.362731 -2.240398 -0.233636 -0.145833 -2.586739 0.363247 0.255686 0.037338,
 -0.407849 -4.880060 -0.841375 -1.272799 -1.088605 3.835129 -0.114730 -1.108022,
 0.050839 -2.284583 -7.495245 -9.538056 0.053807 2.507383 -6.670405 -5.221963,
 0.112486 -0.579323 -5.823102 -6.225550 -0.896690 0.011096 -3.926331 -3.092112,
