Low-band skewness and kurtosis
 -0.557622 2.199105,
 -0.426608 2.235147,
 -0.283372 2.063548,
 -0.090116 1.825765,
 -0.078858 1.726348,

High-band variance
 1014.248596,

Skewness, kurtosis, variance, mean, maximum and minimum of the reconstructed texture
 -0.686375 1.991478 5870.878906 189.069702 255.000000 3.000000,

Auto-correlations of the low-frequency bands at each scale
 1494.907837 1426.538330 1402.351685 1411.521118 1440.410522 1484.407227 1537.218384 1745.910156 1512.043945 1321.655762 1232.508057 1263.224609 1397.801270 1586.184082 3017.882812 3074.626221 3090.172852 3053.688232 2955.224609 2833.391357 2731.354492 3799.849609 4182.505859 4498.680664 4627.075195 4498.680664 4182.505859 3799.849609 2731.354492 2833.391357 2955.224609 3053.688232 3090.172852 3074.626221 3017.882812 1586.184082 1397.801270 1263.224609 1232.508057 1321.655762 1512.043945 1745.910156 1537.218384 1484.407227 1440.410522 1411.521118 1402.351685 1426.538330 1494.907837,
 1592.055908 1583.099365 1593.877930 1608.545410 1612.390625 1608.748291 1603.671387 1668.438721 1529.983398 1417.328003 1361.623535 1369.199341 1435.693359 1532.472900 2281.336670 2307.293457 2317.560791 2296.205811 2232.759521 2163.340332 2119.061768 2695.338135 2913.134766 3108.727539 3192.232666 3108.727539 2913.134766 2695.338135 2119.061768 2163.340332 2232.759521 2296.205811 2317.560791 2307.293457 2281.336670 1532.472900 1435.693359 1369.199341 1361.623535 1417.328003 1529.983398 1668.438721 1603.671387 1608.748291 1612.390625 1608.545410 1593.877930 1583.099365 1592.055908,
 1334.903198 1335.758179 1346.539673 1353.997559 1349.885864 1347.336548 1354.326538 1574.368164 1526.487793 1492.875977 1470.086792 1451.796875 1452.109131 1471.305908 1940.701538 1963.812012 1984.563965 1978.911987 1928.997070 1866.527100 1817.095581 2112.767822 2222.411621 2325.686279 2372.785889 2325.686279 2222.411621 2112.767822 1817.095581 1866.527100 1928.997070 1978.911987 1984.563965 1963.812012 1940.701538 1471.305908 1452.109131 1451.796875 1470.086792 1492.875977 1526.487793 1574.368164 1354.326538 1347.336548 1349.885864 1353.997559 1346.539673 1335.758179 1334.903198,
 715.048706 703.252258 685.663940 659.117004 622.551147 587.282043 562.400513 1211.502197 1192.517700 1181.717896 1167.937256 1138.913696 1112.566772 1102.403076 1616.507080 1653.442017 1693.154663 1706.679932 1669.451050 1613.171753 1569.069336 1796.201660 1887.506104 1977.124512 2019.344360 1977.124512 1887.506104 1796.201660 1569.069336 1613.171753 1669.451050 1706.679932 1693.154663 1653.442017 1616.507080 1102.403076 1112.566772 1138.913696 1167.937256 1181.717896 1192.517700 1211.502197 562.400513 587.282043 622.551147 659.117004 685.663940 703.252258 715.048706,
 -1168.597656 -1196.507690 -1234.805542 -1250.590210 -1219.413452 -1170.480347 -1147.237549 42.459984 17.389879 -26.066563 -65.033646 -72.863174 -41.527817 5.865568 1188.228027 1237.463379 1274.830322 1261.662964 1192.571777 1127.139893 1114.424072 1602.489990 1685.696655 1799.661987 1856.754272 1799.661987 1685.696655 1602.489990 1114.424072 1127.139893 1192.571777 1261.662964 1274.830322 1237.463379 1188.228027 5.865568 -41.527817 -72.863174 -65.033646 -26.066563 17.389879 42.459984 -1147.237549 -1170.480347 -1219.413452 -1250.590210 -1234.805542 -1196.507690 -1168.597656,

Auto-correlations of the modulus of each oriented sub-band
 5.115115 6.807114 8.324156 8.989208 8.470819 7.065318 5.418152 5.542612 7.294947 8.829637 9.520405 9.046374 7.649992 5.966219 6.519411 8.777900 10.762788 11.691092 11.043746 9.121379 6.827834 7.096859 10.064910 13.008732 14.327336 13.008732 10.064910 7.096859 6.827834 9.121379 11.043746 11.691092 10.762788 8.777900 6.519411 5.966219 7.649992 9.046374 9.520405 8.829637 7.294947 5.542612 5.418152 7.065318 8.470819 8.989208 8.324156 6.807114 5.115115,
 50.420372 53.592064 57.681164 60.886490 62.074345 62.440903 63.271446 66.584091 75.080933 85.257607 90.909317 89.176140 84.715027 81.605728 85.543457 99.782814 117.597847 126.458351 118.936607 105.562737 95.750092 97.623444 112.764175 132.979950 144.072006 132.979950 112.764175 97.623444 95.750092 105.562737 118.936607 126.458351 117.597847 99.782814 85.543457 81.605728 84.715027 89.176140 90.909317 85.257607 75.080933 66.584091 63.271446 62.440903 62.074345 60.886490 57.681164 53.592064 50.420372,
 222.908600 234.447266 247.397934 255.286926 252.167404 240.199188 226.739349 299.615509 334.297791 369.121704 385.122192 369.311584 332.884460 297.151215 377.589020 442.109985 507.822449 537.216553 505.467529 437.349487 372.529816 409.034882 488.270020 571.535278 610.626282 571.535278 488.270020 409.034882 372.529816 437.349487 505.467529 537.216553 507.822449 442.109985 377.589020 297.151215 332.884460 369.311584 385.122192 369.121704 334.297791 299.615509 226.739349 240.199188 252.167404 255.286926 247.397934 234.447266 222.908600,
 113.791077 114.724167 114.754173 112.544914 107.636147 101.460403 95.552460 133.162933 139.258804 143.830338 143.628281 136.312180 124.617973 113.137749 147.361649 161.297516 174.526215 179.636902 170.176300 151.667572 133.660568 147.819885 167.371796 187.570618 197.245667 187.570618 167.371796 147.819885 133.660568 151.667572 170.176300 179.636902 174.526215 161.297516 147.361649 113.137749 124.617973 136.312180 143.628281 143.830338 139.258804 133.162933 95.552460 101.460403 107.636147 112.544914 114.754173 114.724167 113.791077,
 3.570020 4.732715 5.750511 6.201579 5.861626 4.899450 3.746508 4.189667 5.449268 6.532936 6.992027 6.611616 5.565531 4.281794 4.973041 6.728056 8.381207 9.123685 8.503589 6.892035 5.104918 5.498075 7.760158 10.058636 11.099716 10.058636 7.760158 5.498075 5.104918 6.892035 8.503589 9.123685 8.381207 6.728056 4.973041 4.281794 5.565531 6.611616 6.992027 6.532936 5.449268 4.189667 3.746508 4.899450 5.861626 6.201579 5.750511 4.732715 3.570020,
 27.327250 29.489874 31.751015 33.667168 35.563255 36.948891 37.013435 34.874054 40.681515 46.689442 49.259125 48.837749 47.475117 45.413864 44.050678 53.661217 64.859657 69.142014 64.166603 56.811165 50.942310 50.439301 60.054626 72.674408 79.579453 72.674408 60.054626 50.439301 50.942310 56.811165 64.166603 69.142014 64.859657 53.661217 44.050678 45.413864 47.475117 48.837749 49.259125 46.689442 40.681515 34.874054 37.013435 36.948891 35.563255 33.667168 31.751015 29.489874 27.327250,
 67.477676 79.802277 97.032181 111.298790 116.969284 116.534973 114.798767 108.712379 138.324417 172.739395 195.329468 193.621780 174.477829 152.344635 155.741119 204.831696 257.744904 287.042908 272.031219 227.955963 182.211029 185.740692 243.176727 302.412506 330.084106 302.412506 243.176727 185.740692 182.211029 227.955963 272.031219 287.042908 257.744904 204.831696 155.741119 152.344635 174.477829 193.621780 195.329468 172.739395 138.324417 108.712379 114.798767 116.534973 116.969284 111.298790 97.032181 79.802277 67.477676,
 48.528885 49.388214 50.290012 50.456795 49.434490 46.981323 43.754128 59.856205 63.936012 67.887238 70.155182 68.220978 61.591270 53.833721 68.410835 77.588295 87.557892 93.482010 89.114166 76.599617 64.054039 69.994530 83.307213 97.964478 105.161636 97.964478 83.307213 69.994530 64.054039 76.599617 89.114166 93.482010 87.557892 77.588295 68.410835 53.833721 61.591270 68.220978 70.155182 67.887238 63.936012 59.856205 43.754128 46.981323 49.434490 50.456795 50.290012 49.388214 48.528885,
 2.182806 3.591906 4.769222 5.263680 4.795125 3.564107 2.175432 2.664847 4.266229 5.653728 6.255664 5.723920 4.298040 2.660450 3.111721 5.088192 6.937193 7.748066 6.987202 5.109192 3.086586 3.321407 5.612614 7.887283 8.903086 7.887283 5.612614 3.321407 3.086586 5.109192 6.987202 7.748066 6.937193 5.088192 3.111721 2.660450 4.298040 5.723920 6.255664 5.653728 4.266229 2.664847 2.175432 3.564107 4.795125 5.263680 4.769222 3.591906 2.182806,
 6.793920 7.172501 7.645763 8.141912 7.930296 6.714697 5.003310 9.135837 11.674931 13.596082 13.792231 12.705279 10.669373 7.411094 11.143512 16.567467 21.998924 23.232460 19.624088 14.978710 10.247922 11.601950 17.697857 24.852280 28.819252 24.852280 17.697857 11.601950 10.247922 14.978710 19.624088 23.232460 21.998924 16.567467 11.143512 7.411094 10.669373 12.705279 13.792231 13.596082 11.674931 9.135837 5.003310 6.714697 7.930296 8.141912 7.645763 7.172501 6.793920,
 39.129978 36.457909 33.744591 31.879852 30.656776 29.766479 29.305302 43.883610 51.930321 59.394180 63.054485 59.952415 51.586967 41.740673 52.192741 74.238625 95.080315 105.264626 97.756721 77.553703 54.735054 58.598694 87.679893 114.849747 126.953812 114.849747 87.679893 58.598694 54.735054 77.553703 97.756721 105.264626 95.080315 74.238625 52.192741 41.740673 51.586967 59.952415 63.054485 59.394180 51.930321 43.883610 29.305302 29.766479 30.656776 31.879852 33.744591 36.457909 39.129978,
 19.276327 18.736052 17.726770 16.320250 14.921160 13.480880 12.432208 24.676701 25.723244 25.679935 25.216509 23.474979 19.912426 16.839897 27.240507 31.412893 35.767139 38.629250 35.664974 28.383730 22.336290 26.320133 33.082214 41.485443 46.086807 41.485443 33.082214 26.320133 22.336290 28.383730 35.664974 38.629250 35.767139 31.412893 27.240507 16.839897 19.912426 23.474979 25.216509 25.679935 25.723244 24.676701 12.432208 13.480880 14.921160 16.320250 17.726770 18.736052 19.276327,
 -0.344297 1.504698 3.268501 4.051300 3.396002 1.699408 -0.140579 0.371920 2.494409 4.407337 5.145332 4.251541 2.206215 0.026852 1.244069 4.181957 6.804862 7.796531 6.550981 3.803176 0.888338 1.505540 4.923049 8.103490 9.460437 8.103490 4.923049 1.505540 0.888338 3.803176 6.550981 7.796531 6.804862 4.181957 1.244069 0.026852 2.206215 4.251541 5.145332 4.407337 2.494409 0.371920 -0.140579 1.699408 3.396002 4.051300 3.268501 1.504698 -0.344297,
 3.842627 2.210179 0.248955 -0.407014 0.221257 0.917154 1.451422 6.858075 8.144771 6.846118 4.221447 2.547098 2.197987 2.442794 6.017660 10.307623 13.199982 11.627141 7.419823 4.191578 2.905473 3.931794 7.622469 12.980800 15.930985 12.980800 7.622469 3.931794 2.905473 4.191578 7.419823 11.627141 13.199982 10.307623 6.017660 2.442794 2.197987 2.547098 4.221447 6.846118 8.144771 6.858075 1.451422 0.917154 0.221257 -0.407014 0.248955 2.210179 3.842627,
 3.090800 5.108099 4.341331 0.052254 -4.635038 -4.095330 2.142500 12.890772 22.753319 27.753975 23.562519 12.421623 3.093085 0.551964 14.544996 31.474907 45.826950 47.215652 33.725418 16.026299 3.793047 10.027626 28.163759 48.275749 57.887756 48.275749 28.163759 10.027626 3.793047 16.026299 33.725418 47.215652 45.826950 31.474907 14.544996 0.551964 3.093085 12.421623 23.562519 27.753975 22.753319 12.890772 2.142500 -4.095330 -4.635038 0.052254 4.341331 5.108099 3.090800,
 2.394923 2.286019 1.409309 -0.448461 -1.205406 -0.562529 -0.046429 3.437282 4.030271 3.656420 3.775500 4.506889 3.677530 1.769920 4.381252 5.949142 8.271744 11.319483 11.182283 7.118632 3.496340 4.499080 7.612537 12.603753 15.674212 12.603753 7.612537 4.499080 3.496340 7.118632 11.182283 11.319483 8.271744 5.949142 4.381252 1.769920 3.677530 4.506889 3.775500 3.656420 4.030271 3.437282 -0.046429 -0.562529 -1.205406 -0.448461 1.409309 2.286019 2.394923,

Pairwise cross-correlations of the modulus of all oriented sub-bands at the same scale (size QxQ)
 14.327338 12.839689 16.310194 18.244162,
 12.839689 144.072037 211.567612 50.108509,
 16.310194 211.567612 610.626282 257.148804,
 18.244162 50.108509 257.148804 197.245667,
 11.099717 5.094699 7.319933 10.477071,
 5.094699 79.579445 113.191475 21.475084,
 7.319933 113.191475 330.084137 129.130096,
 10.477071 21.475084 129.130096 105.161644,
 8.903087 3.146053 6.168974 6.282897,
 3.146053 28.819252 40.506554 8.121631,
 6.168974 40.506554 126.953835 55.178974,
 6.282897 8.121631 55.178974 46.086815,
 9.460437 2.712901 1.607827 2.020583,
 2.712901 15.930986 20.013716 5.681348,
 1.607827 20.013716 57.887756 21.268600,
 2.020583 5.681348 21.268600 15.674212,

Cross-correlations of the modulus of all oriented sub-bands with all oriented sub-bands at the coarser scale (size QxQ)
 8.847352 4.882402 5.542999 10.908377,
 11.372526 46.505974 65.034370 18.626413,
 19.905848 58.448009 147.575409 80.604118,
 15.306110 6.647636 54.314388 65.695587,
 6.386126 3.862823 7.224716 5.818552,
 3.501028 14.617497 14.211939 2.709034,
 6.683750 20.931700 41.124725 28.434200,
 7.124107 2.595399 26.926077 31.284925,
 6.580420 2.906406 3.587725 3.486215,
 1.861508 7.448633 5.832308 -1.876893,
 -0.227859 20.097542 30.978958 7.411129,
 1.487407 11.541441 24.690706 11.565127,

Cross-correlations of the real part of each oriented sub-band with both the real and imaginary part of all phase-doubled oriented sub-bands at the next coarser scale (Q matrices of size 1x2Q, which are computed and stored in a matrix of size Qx2Q)
 -0.609194 -2.037901 -1.394093 -1.713252 2.079798 -0.256704 -0.025706 0.095918,
 -1.228540 -38.721527 -41.104942 -8.282475 0.374022 -6.533764 -14.132854 -4.201525,
 -1.653624 -55.422077 -75.644974 -30.713076 -0.295934 -12.841702 -43.334610 -11.998671,
 -1.181922 -9.829658 -20.144827 -20.185099 0.702495 -4.230010 -17.540300 -3.452481,
 -0.490871 -0.726094 -0.955746 -1.202120 2.393918 0.156788 -0.037914 -0.255268,
 -0.333784 -8.394096 -9.202579 -4.123139 0.854368 0.161269 -7.972295 -2.765859,
 -0.228048 -11.544701 -28.096607 -23.887980 -0.224272 1.370645 -18.999470 -9.158405,
 -0.463521 -2.541748 -16.008997 -17.999495 0.662286 0.643368 -6.865631 -3.903389,
 -0.553932 0.380155 0.030378 -0.570170 1.516195 0.861944 0.148371 -0.157973,
 0.051155 2.038294 14.257742 1.949374 0.557867 2.197558 1.753933 0.693047,
 0.209401 7.454076 37.640881 2.299807 -0.098788 4.138524 8.472400 3.042613,
 -0.172830 3.464005 12.498672 -1.799538 0.427767 1.821622 4.903982 1.288897,
