Low-band skewness and kurtosis
 -0.626436 2.122458,
 -0.452215 1.999083,
 -0.336778 1.853781,
 -0.361177 1.878263,
 -0.269560 1.696486,

High-band variance
 868.154846,

Skewness, kurtosis, variance, mean, maximum and minimum of the reconstructed texture
 -0.742331 2.017544 6050.088379 191.354614 255.000000 6.000000,

Auto-correlations of the low-frequency bands at each scale
 2006.903564 2016.453369 2031.709717 2047.447876 2057.061523 2065.295654 2074.404785 1941.927368 1872.272217 1826.674316 1809.801147 1818.784668 1857.185059 1920.071167 3519.770020 3521.971680 3519.680420 3501.722168 3457.754639 3404.220215 3357.455566 4700.858887 4837.574219 4944.451660 4987.755371 4944.451660 4837.574219 4700.858887 3357.455566 3404.220215 3457.754639 3501.722168 3519.680420 3521.971680 3519.770020 1920.071167 1857.185059 1818.784668 1809.801147 1826.674316 1872.272217 1941.927368 2074.404785 2065.295654 2057.061523 2047.447876 2031.709717 2016.453369 2006.903564,
 2140.613037 2132.029785 2126.635986 2122.882324 2117.039795 2109.473145 2100.205322 2069.507812 2024.247803 1993.180420 1976.298706 1969.775391 1977.152832 1998.716187 2792.730713 2812.248535 2833.357666 2838.895020 2816.229736 2783.014160 2758.749756 3447.964355 3538.533447 3618.081543 3652.541992 3618.081543 3538.533447 3447.964355 2758.749756 2783.014160 2816.229736 2838.895020 2833.357666 2812.248535 2792.730713 1998.716187 1977.152832 1969.775391 1976.298706 1993.180420 2024.247803 2069.507812 2100.205322 2109.473145 2117.039795 2122.882324 2126.635986 2132.029785 2140.613037,
 1820.162720 1804.545410 1793.294556 1786.819580 1783.243530 1781.372070 1779.816528 2041.508545 2011.206543 1993.049438 1985.927856 1984.935181 1994.140381 2014.441162 2492.421875 2503.078857 2517.270020 2518.002686 2490.440918 2454.438232 2430.930176 2768.856201 2831.821533 2894.853027 2924.597168 2894.853027 2831.821533 2768.856201 2430.930176 2454.438232 2490.440918 2518.002686 2517.270020 2503.078857 2492.421875 2014.441162 1994.140381 1984.935181 1985.927856 1993.049438 2011.206543 2041.508545 1779.816528 1781.372070 1783.243530 1786.819580 1793.294556 1804.545410 1820.162720,
 791.700500 803.059509 808.845093 811.606812 817.305054 823.921570 824.388000 1535.618286 1513.067139 1492.859375 1478.378540 1473.590576 1482.856934 1502.768433 2219.931885 2212.184326 2208.303223 2196.153320 2166.161133 2135.439209 2120.866455 2488.939941 2531.056396 2578.435791 2601.719238 2578.435791 2531.056396 2488.939941 2120.866455 2135.439209 2166.161133 2196.153320 2208.303223 2212.184326 2219.931885 1502.768433 1482.856934 1473.590576 1478.378540 1492.859375 1513.067139 1535.618286 824.388000 823.921570 817.305054 811.606812 808.845093 803.059509 791.700500,
 -1608.055908 -1611.128540 -1613.597900 -1613.002563 -1608.115234 -1603.341675 -1602.484131 -83.747299 -89.245270 -98.520012 -107.191986 -107.898598 -99.179626 -88.347519 1610.875732 1618.588867 1623.404663 1617.025513 1601.870972 1592.875000 1596.101807 2360.222168 2373.199463 2394.522949 2406.041748 2394.522949 2373.199463 2360.222168 1596.101807 1592.875000 1601.870972 1617.025513 1623.404663 1618.588867 1610.875732 -88.347519 -99.179626 -107.898598 -107.191986 -98.520012 -89.245270 -83.747299 -1602.484131 -1603.341675 -1608.115234 -1613.002563 -1613.597900 -1611.128540 -1608.055908,

Auto-correlations of the modulus of each oriented sub-band
 3.636348 5.018973 6.205235 6.685034 6.204571 4.995317 3.563528 3.897415 5.366152 6.633508 7.147440 6.632770 5.341438 3.817221 4.271977 5.946796 7.413804 8.030340 7.457691 5.987145 4.255212 4.536458 6.438491 8.113162 8.801625 8.113162 6.438491 4.536458 4.255212 5.987145 7.457691 8.030340 7.413804 5.946796 4.271977 3.817221 5.341438 6.632770 7.147440 6.633508 5.366152 3.897415 3.563528 4.995317 6.204571 6.685034 6.205235 5.018973 3.636348,
 59.847260 61.189011 62.399818 62.951611 62.499405 61.343948 60.113014 72.224396 76.553780 80.400726 81.655373 79.904633 76.603203 73.343719 86.121956 93.943199 101.776100 104.650215 100.800713 93.860847 87.492134 93.238106 101.962883 111.512894 116.127579 111.512894 101.962883 93.238106 87.492134 93.860847 100.800713 104.650215 101.776100 93.943199 86.121956 73.343719 76.603203 79.904633 81.655373 80.400726 76.553780 72.224396 60.113014 61.343948 62.499405 62.951611 62.399818 61.189011 59.847260,
 391.561646 394.906433 397.284821 396.858521 391.679657 382.786377 373.039673 495.576813 513.277039 527.369995 531.836304 522.464722 502.267029 478.191010 609.260254 647.349609 678.246521 690.113525 675.585999 640.985962 598.647095 657.830139 708.188110 749.478149 766.348572 749.478149 708.188110 657.830139 598.647095 640.985962 675.585999 690.113525 678.246521 647.349609 609.260254 478.191010 502.267029 522.464722 531.836304 527.369995 513.277039 495.576813 373.039673 382.786377 391.679657 396.858521 397.284821 394.906433 391.561646,
 67.584747 67.407936 66.994652 65.936996 63.975258 61.350945 58.762806 86.595741 88.792976 90.447258 90.404320 87.589348 82.364830 76.630531 104.676155 110.919861 116.512062 118.771759 115.102257 106.776779 97.652519 109.915894 119.501030 128.503082 132.543900 128.503082 119.501030 109.915894 97.652519 106.776779 115.102257 118.771759 116.512062 110.919861 104.676155 76.630531 82.364830 87.589348 90.404320 90.447258 88.792976 86.595741 58.762806 61.350945 63.975258 65.936996 66.994652 67.407936 67.584747,
 2.468585 3.462311 4.316507 4.655863 4.314806 3.497874 2.594792 3.037057 4.019767 4.866601 5.187716 4.792255 3.895351 2.915568 3.834100 5.083933 6.196529 6.634013 6.110226 4.910486 3.605880 4.196663 5.734764 7.157704 7.763813 7.157704 5.734764 4.196663 3.605880 4.910486 6.110226 6.634013 6.196529 5.083933 3.834100 2.915568 3.895351 4.792255 5.187716 4.866601 4.019767 3.037057 2.594792 3.497874 4.314806 4.655863 4.316507 3.462311 2.468585,
 25.029766 26.048313 26.550920 26.532722 26.183786 25.785492 25.613209 35.426418 38.656715 40.898811 41.038383 39.716705 38.252815 37.117290 46.803368 52.400383 57.642632 58.928661 55.804581 51.637238 48.325508 52.554825 58.137367 64.666550 68.027473 64.666550 58.137367 52.554825 48.325508 51.637238 55.804581 58.928661 57.642632 52.400383 46.803368 37.117290 38.252815 39.716705 41.038383 40.898811 38.656715 35.426418 25.613209 25.785492 26.183786 26.532722 26.550920 26.048313 25.029766,
 130.416260 136.555313 141.337692 143.352081 141.358780 136.936264 132.560333 201.630524 217.082275 228.631134 233.218063 228.788055 217.782532 204.376892 285.541016 313.509186 334.881287 343.313232 335.082581 314.353241 288.150146 326.625763 360.495850 387.192566 397.924255 387.192566 360.495850 326.625763 288.150146 314.353241 335.082581 343.313232 334.881287 313.509186 285.541016 204.376892 217.782532 228.788055 233.218063 228.631134 217.082275 201.630524 132.560333 136.936264 141.358780 143.352081 141.337692 136.555313 130.416260,
 23.936234 24.713516 25.449425 25.817728 25.469330 24.285805 22.869167 33.647171 35.746708 38.163795 39.819744 38.862724 35.316242 31.650574 44.326496 48.893501 54.529934 58.156197 55.749020 49.004112 42.830944 48.727913 55.404984 63.477791 67.639832 63.477791 55.404984 48.727913 42.830944 49.004112 55.749020 58.156197 54.529934 48.893501 44.326496 31.650574 35.316242 38.862724 39.819744 38.163795 35.746708 33.647171 22.869167 24.285805 25.469330 25.817728 25.449425 24.713516 23.936234,
 2.073164 3.107644 3.937430 4.237745 3.863555 2.978060 1.930896 2.306547 3.503187 4.506751 4.919776 4.542465 3.566956 2.407062 2.923984 4.504514 5.915533 6.541242 6.026904 4.678066 3.134893 3.497866 5.349244 7.038845 7.755811 7.038845 5.349244 3.497866 3.134893 4.678066 6.026904 6.541242 5.915533 4.504514 2.923984 2.407062 3.566956 4.542465 4.919776 4.506751 3.503187 2.306547 1.930896 2.978060 3.863555 4.237745 3.937430 3.107644 2.073164,
 2.855255 3.619926 4.406834 4.310165 3.686916 3.574244 4.203835 8.306920 9.969278 11.663226 11.667645 10.255342 9.171663 9.035800 15.428673 18.530230 22.052671 22.840763 20.145544 17.102110 15.316494 18.583172 21.898548 26.430664 29.008673 26.430664 21.898548 18.583172 15.316494 17.102110 20.145544 22.840763 22.052671 18.530230 15.428673 9.035800 9.171663 10.255342 11.667645 11.663226 9.969278 8.306920 4.203835 3.574244 3.686916 4.310165 4.406834 3.619926 2.855255,
 11.968575 9.688305 8.565404 8.213079 7.957489 8.776505 11.038776 44.195610 46.293720 48.434166 48.233101 44.570236 40.115276 37.465179 79.559013 89.451706 98.675156 101.523483 94.283661 82.546753 72.049019 92.527168 107.076942 121.726799 128.901764 121.726799 107.076942 92.527168 72.049019 82.546753 94.283661 101.523483 98.675156 89.451706 79.559013 37.465179 40.115276 44.570236 48.233101 48.434166 46.293720 44.195610 11.038776 8.776505 7.957489 8.213079 8.565404 9.688305 11.968575,
 6.414593 6.350122 6.243703 5.994839 5.594575 5.149014 4.832983 11.808895 11.988645 12.517247 13.294916 13.334056 12.020614 10.387489 16.481422 18.082451 20.900639 23.693645 23.143963 19.469353 16.073334 18.492109 21.848907 26.766554 29.585545 26.766554 21.848907 18.492109 16.073334 19.469353 23.143963 23.693645 20.900639 18.082451 16.481422 10.387489 12.020614 13.334056 13.294916 12.517247 11.988645 11.808895 4.832983 5.149014 5.594575 5.994839 6.243703 6.350122 6.414593,
 0.700452 1.380140 1.865920 1.975458 1.676361 1.107202 0.503193 1.172524 1.789449 2.261907 2.405757 2.133456 1.528653 0.831760 1.827346 2.733597 3.557704 3.918614 3.564547 2.610765 1.467725 2.179785 3.637815 4.960606 5.513509 4.960606 3.637815 2.179785 1.467725 2.610765 3.564547 3.918614 3.557704 2.733597 1.827346 0.831760 1.528653 2.133456 2.405757 2.261907 1.789449 1.172524 0.503193 1.107202 1.676361 1.975458 1.865920 1.380140 0.700452,
 -0.178331 0.564306 0.699699 0.264800 -0.192789 -0.634678 -1.271354 2.852630 4.688641 5.875666 5.480435 4.142911 2.803697 1.475900 5.211299 7.957644 10.541846 10.897616 8.834611 6.339448 4.258157 5.750761 8.520355 11.767391 13.458092 11.767391 8.520355 5.750761 4.258157 6.339448 8.834611 10.897616 10.541846 7.957644 5.211299 1.475900 2.803697 4.142911 5.480435 5.875666 4.688641 2.852630 -1.271354 -0.634678 -0.192789 0.264800 0.699699 0.564306 -0.178331,
 -4.824901 2.842353 12.156302 18.709465 17.190853 9.102874 -0.382921 12.746965 23.690493 35.716568 42.866859 39.026352 27.311338 14.348986 29.130585 43.401688 58.126301 65.872643 59.820858 45.037537 29.392487 35.966770 52.208885 68.210594 75.744125 68.210594 52.208885 35.966770 29.392487 45.037537 59.820858 65.872643 58.126301 43.401688 29.130585 14.348986 27.311338 39.026352 42.866859 35.716568 23.690493 12.746965 -0.382921 9.102874 17.190853 18.709465 12.156302 2.842353 -4.824901,
 -1.170729 -0.343592 0.920142 2.498440 3.757658 3.711076 2.312613 5.620571 7.096121 9.631311 12.470154 13.894892 12.772985 10.069761 12.373531 15.222712 19.307266 22.758682 22.932167 19.785566 15.753332 16.465088 20.585266 25.219463 27.458904 25.219463 20.585266 16.465088 15.753332 19.785566 22.932167 22.758682 19.307266 15.222712 12.373531 10.069761 12.772985 13.894892 12.470154 9.631311 7.096121 5.620571 2.312613 3.711076 3.757658 2.498440 0.920142 -0.343592 -1.170729,

Pairwise cross-correlations of the modulus of all oriented sub-bands at the same scale (size QxQ)
 8.801625 6.795857 7.849106 7.845541,
 6.795857 116.127579 270.108002 92.446800,
 7.849106 270.108002 766.348450 288.055511,
 7.845541 92.446800 288.055511 132.543915,
 7.763813 6.588867 8.984859 7.836082,
 6.588867 68.027473 144.974670 47.236523,
 8.984859 144.974670 397.924286 142.052582,
 7.836082 47.236523 142.052582 67.639832,
 7.755812 5.275589 -0.184714 4.246010,
 5.275589 29.008675 42.731438 15.444323,
 -0.184714 42.731438 128.901794 46.584297,
 4.246010 15.444323 46.584297 29.585548,
 5.513509 2.726283 0.969742 6.529135,
 2.726283 13.458092 23.010654 12.756586,
 0.969742 23.010654 75.744141 32.049461,
 6.529135 12.756586 32.049461 27.458904,

Cross-correlations of the modulus of all oriented sub-bands with all oriented sub-bands at the coarser scale (size QxQ)
 6.428488 4.241632 2.431342 6.076893,
 8.331884 39.609119 83.995865 31.995161,
 15.186726 92.702194 228.278351 88.315933,
 8.802598 34.440083 88.439964 41.158356,
 5.589127 5.258403 1.747871 4.666961,
 6.074248 18.343801 25.655132 10.353971,
 10.522035 34.653534 67.190933 26.868254,
 7.201216 15.403917 24.947556 15.247282,
 4.599704 4.021057 1.400380 7.319217,
 1.305721 5.826512 5.105559 4.856868,
 -0.792483 5.301483 16.574286 6.386859,
 3.246999 4.090846 7.637866 10.385406,

Cross-correlations of the real part of each oriented sub-band with both the real and imaginary part of all phase-doubled oriented sub-bands at the next coarser scale (Q matrices of size 1x2Q, which are computed and stored in a matrix of size Qx2Q)
 -0.470587 -0.425498 -0.380078 -0.653663 1.524372 0.204295 0.016525 -0.330018,
 -0.217943 -19.033421 -29.121523 -3.294713 0.476375 0.913331 2.845543 0.520082,
 -0.172749 -39.280079 -58.381962 -6.113264 0.013094 3.523016 8.792616 0.680938,
 -0.373517 -10.294031 -13.687057 -2.945160 0.595829 1.735000 3.366650 -0.803765,
 -0.616708 -0.694251 -0.597455 -0.637559 1.523074 0.739958 0.146401 -0.282609,
 -0.300104 -18.140352 -30.779408 -5.950167 0.761110 -2.651859 -3.262558 -0.561252,
 -0.035931 -33.168434 -69.201607 -21.097565 0.151554 -7.669946 -4.336509 2.726762,
 -0.274408 -8.165188 -22.235313 -11.300528 0.614675 -2.053810 0.611162 2.736716,
 -0.249106 -0.527595 0.062530 -0.101147 1.314415 0.293689 0.136396 -0.121045,
 -0.351676 -5.240475 0.950022 3.448917 0.373779 1.803494 -0.761443 -0.078027,
 -0.106605 -4.771533 21.864141 19.056253 -0.157402 0.338774 -10.995049 0.141752,
 -0.019531 0.516418 15.248960 10.841935 0.533669 -1.138355 -6.008162 0.847317,
