Low-band skewness and kurtosis
 -0.472339 2.097634,
 -0.378310 2.274520,
 -0.241183 2.042246,
 -0.050963 1.899743,
 0.147060 1.717587,

High-band variance
 1016.447266,

Skewness, kurtosis, variance, mean, maximum and minimum of the reconstructed texture
 -0.614344 1.907727 5774.043457 186.587280 255.000000 1.000000,

Auto-correlations of the low-frequency bands at each scale
 1356.342163 1204.089966 1125.839355 1128.568359 1184.110352 1262.220825 1343.094604 1851.869751 1561.776245 1268.329590 1107.401489 1141.010010 1328.300659 1560.279419 2921.026123 3069.243896 3106.261719 3011.660889 2813.759766 2605.634033 2454.930908 3327.189941 3862.157959 4342.019531 4542.508789 4342.019531 3862.157959 3327.189941 2454.930908 2605.634033 2813.759766 3011.660889 3106.261719 3069.243896 2921.026123 1560.279419 1328.300659 1141.010010 1107.401489 1268.329590 1561.776245 1851.869751 1343.094604 1262.220825 1184.110352 1128.568359 1125.839355 1204.089966 1356.342163,
 1401.836792 1297.226929 1234.341797 1219.622192 1230.816650 1246.995483 1260.968384 1591.212646 1404.514893 1210.280640 1095.812012 1103.102905 1212.672119 1353.554443 2057.206055 2159.442383 2205.862793 2167.013184 2054.626465 1941.667847 1870.384277 2320.255371 2651.857422 2965.237793 3100.949463 2965.237793 2651.857422 2320.255371 1870.384277 1941.667847 2054.626465 2167.013184 2205.862793 2159.442383 2057.206055 1353.554443 1212.672119 1103.102905 1095.812012 1210.280640 1404.514893 1591.212646 1260.968384 1246.995483 1230.816650 1219.622192 1234.341797 1297.226929 1401.836792,
 1144.001587 1075.119507 1014.197632 981.262695 985.411987 1026.819702 1090.519409 1373.382202 1282.648926 1173.263062 1092.309570 1067.519165 1105.224609 1184.217896 1674.397461 1743.688965 1776.466797 1750.814331 1663.555176 1559.334229 1481.834473 1751.154907 1956.070679 2147.090576 2229.262207 2147.090576 1956.070679 1751.154907 1481.834473 1559.334229 1663.555176 1750.814331 1776.466797 1743.688965 1674.397461 1184.217896 1105.224609 1067.519165 1092.309570 1173.263062 1282.648926 1373.382202 1090.519409 1026.819702 985.411987 981.262695 1014.197632 1075.119507 1144.001587,
 629.400513 601.108521 580.020386 559.546021 522.020386 468.657715 417.036774 1083.676636 1038.974854 976.338684 926.869324 906.524841 915.540405 931.223206 1328.107666 1402.395020 1443.272827 1428.130859 1372.134399 1330.803467 1325.143066 1448.008179 1562.676392 1688.674927 1747.659180 1688.674927 1562.676392 1448.008179 1325.143066 1330.803467 1372.134399 1428.130859 1443.272827 1402.395020 1328.107666 931.223206 915.540405 906.524841 926.869324 976.338684 1038.974854 1083.676636 417.036774 468.657715 522.020386 559.546021 580.020386 601.108521 629.400513,
 -887.584900 -899.508606 -969.540039 -1055.455078 -1089.796387 -1056.162842 -989.608337 49.016479 76.897400 47.133514 -34.393509 -108.061844 -119.616425 -74.753700 970.236389 1037.076538 1084.510132 1064.246826 984.856079 915.304504 896.926819 1329.859375 1402.576538 1499.402100 1547.529541 1499.402100 1402.576538 1329.859375 896.926819 915.304504 984.856079 1064.246826 1084.510132 1037.076538 970.236389 -74.753700 -119.616425 -108.061844 -34.393509 47.133514 76.897400 49.016479 -989.608337 -1056.162842 -1089.796387 -1055.455078 -969.540039 -899.508606 -887.584900,

Auto-correlations of the modulus of each oriented sub-band
 6.952715 7.931201 8.768624 9.077851 8.630134 7.585181 6.358823 7.749439 9.086234 10.121654 10.427504 9.880939 8.689286 7.254360 8.578321 10.620669 12.495690 13.523876 12.986014 11.000886 8.530219 9.069089 12.394760 16.031689 17.767265 16.031689 12.394760 9.069089 8.530219 11.000886 12.986014 13.523876 12.495690 10.620669 8.578321 7.254360 8.689286 9.880939 10.427504 10.121654 9.086234 7.749439 6.358823 7.585181 8.630134 9.077851 8.768624 7.931201 6.952715,
 41.777534 47.326210 54.479042 61.422832 65.508202 67.404465 68.732674 60.336952 72.056465 85.974709 95.389542 95.391930 90.656105 86.158287 81.389656 99.481689 121.380760 133.533707 126.080421 110.538635 97.627220 96.194092 115.257195 139.004318 151.939316 139.004318 115.257195 96.194092 97.627220 110.538635 126.080421 133.533707 121.380760 99.481689 81.389656 86.158287 90.656105 95.391930 95.389542 85.974709 72.056465 60.336952 68.732674 67.404465 65.508202 61.422832 54.479042 47.326210 41.777534,
 158.969925 172.299377 186.294662 190.050980 179.204971 162.719482 151.694443 208.467896 246.191101 288.711090 305.757812 279.934784 233.707031 197.798706 255.050278 322.358307 402.811279 440.209625 396.553101 313.452179 247.389664 272.134766 353.046814 453.637543 504.857361 453.637543 353.046814 272.134766 247.389664 313.452179 396.553101 440.209625 402.811279 322.358307 255.050278 197.798706 233.707031 279.934784 305.757812 288.711090 246.191101 208.467896 151.694443 162.719482 179.204971 190.050980 186.294662 172.299377 158.969925,
 124.759811 126.464798 124.936157 119.456337 111.460693 103.701767 97.809769 145.715622 156.291550 162.851486 160.330154 147.197556 129.472092 114.857956 158.804749 181.139008 202.060883 208.440598 191.629547 162.614838 137.429291 155.552597 184.701309 216.558258 232.006607 216.558258 184.701309 155.552597 137.429291 162.614838 191.629547 208.440598 202.060883 181.139008 158.804749 114.857956 129.472092 147.197556 160.330154 162.851486 156.291550 145.715622 97.809769 103.701767 111.460693 119.456337 124.936157 126.464798 124.759811,
 4.814973 5.453843 5.854972 5.876145 5.499639 4.851266 4.175282 5.570199 6.411555 7.041580 7.266271 6.929123 6.058993 4.973412 6.283796 8.085044 9.864175 10.795952 10.211087 8.366303 6.247337 6.939923 9.833788 12.866875 14.263813 12.866875 9.833788 6.939923 6.247337 8.366303 10.211087 10.795952 9.864175 8.085044 6.283796 4.973412 6.058993 6.929123 7.266271 7.041580 6.411555 5.570199 4.175282 4.851266 5.499639 5.876145 5.854972 5.453843 4.814973,
 21.602411 26.311552 30.821310 33.645096 34.081772 33.045837 31.959387 33.321686 43.119854 52.126045 55.746521 53.328728 48.265720 43.503853 45.558159 60.445477 75.820534 81.608948 74.375069 62.368046 51.981720 52.941792 68.054962 85.612274 94.649483 85.612274 68.054962 52.941792 51.981720 62.368046 74.375069 81.608948 75.820534 60.445477 45.558159 43.503853 48.265720 53.328728 55.746521 52.126045 43.119854 33.321686 31.959387 33.045837 34.081772 33.645096 30.821310 26.311552 21.602411,
 60.735828 70.092499 82.690544 90.208481 88.235542 81.364990 74.536575 80.770905 110.154045 145.975372 166.057068 154.777374 124.795174 97.647446 106.548935 158.293121 220.505432 253.372452 227.183563 168.257050 117.501419 122.205353 184.049240 258.060791 295.091309 258.060791 184.049240 122.205353 117.501419 168.257050 227.183563 253.372452 220.505432 158.293121 106.548935 97.647446 124.795174 154.777374 166.057068 145.975372 110.154045 80.770905 74.536575 81.364990 88.235542 90.208481 82.690544 70.092499 60.735828,
 68.675255 69.121002 66.636452 62.217556 56.928917 51.863342 48.287548 80.658432 88.314980 93.486259 93.722672 86.735603 74.912407 63.952530 89.703865 106.218689 122.621918 130.063019 120.268784 99.632950 80.370476 90.227463 112.136765 136.020386 147.722382 136.020386 112.136765 90.227463 80.370476 99.632950 120.268784 130.063019 122.621918 106.218689 89.703865 63.952530 74.912407 86.735603 93.722672 93.486259 88.314980 80.658432 48.287548 51.863342 56.928917 62.217556 66.636452 69.121002 68.675255,
 2.241179 3.134234 3.905287 4.139745 3.784766 3.060629 2.280118 2.315881 3.193193 3.850785 4.075446 3.787236 3.086482 2.354258 2.839226 4.170115 5.604067 6.463882 5.995464 4.482288 2.967464 3.305827 5.422488 7.885929 9.136906 7.885929 5.422488 3.305827 2.967464 4.482288 5.995464 6.463882 5.604067 4.170115 2.839226 2.354258 3.086482 3.787236 4.075446 3.850785 3.193193 2.315881 2.280118 3.060629 3.784766 4.139745 3.905287 3.134234 2.241179,
 10.238296 11.501893 12.450884 12.536907 11.543776 10.520474 9.782290 12.102354 15.994534 19.524454 20.653748 18.655870 15.464863 12.924265 14.489113 21.559050 29.115452 31.992289 27.929222 21.357302 15.976337 16.438128 24.091396 33.362328 38.253136 33.362328 24.091396 16.438128 15.976337 21.357302 27.929222 31.992289 29.115452 21.559050 14.489113 12.924265 15.464863 18.655870 20.653748 19.524454 15.994534 12.102354 9.782290 10.520474 11.543776 12.536907 12.450884 11.501893 10.238296,
 13.712155 21.335636 28.505463 33.699600 36.549240 36.253597 31.238750 19.562004 36.095860 55.998798 67.751228 64.687553 52.679180 39.181889 27.021490 54.787560 91.033127 111.298851 97.969193 67.634911 41.787048 36.388618 69.127777 111.267151 133.341705 111.267151 69.127777 36.388618 41.787048 67.634911 97.969193 111.298851 91.033127 54.787560 27.021490 39.181889 52.679180 64.687553 67.751228 55.998798 36.095860 19.562004 31.238750 36.253597 36.549240 33.699600 28.505463 21.335636 13.712155,
 21.283016 22.915648 24.160227 24.584385 24.050470 22.326262 19.350231 28.394379 33.303879 37.346348 38.839363 36.899258 32.332336 27.086514 35.022865 44.584976 53.733246 57.936882 53.676361 43.907211 34.199585 37.642475 49.789463 62.337578 68.233635 62.337578 49.789463 37.642475 34.199585 43.907211 53.676361 57.936882 53.733246 44.584976 35.022865 27.086514 32.332336 36.899258 38.839363 37.346348 33.303879 28.394379 19.350231 22.326262 24.050470 24.584385 24.160227 22.915648 21.283016,
 -0.107219 1.347677 2.679650 3.154865 2.469817 1.030934 -0.459023 0.069887 1.341647 2.605677 3.246492 2.883806 1.704185 0.261292 -0.037630 1.598727 3.505490 4.786825 4.654681 3.225388 1.339069 1.066510 3.476504 5.923020 7.010321 5.923020 3.476504 1.066510 1.339069 3.225388 4.654681 4.786825 3.505490 1.598727 -0.037630 0.261292 1.704185 2.883806 3.246492 2.605677 1.341647 0.069887 -0.459023 1.030934 2.469817 3.154865 2.679650 1.347677 -0.107219,
 2.609076 3.169972 3.837731 3.648024 2.542820 1.314157 0.188244 5.674062 7.017328 8.150249 7.676649 5.755258 3.914828 2.467937 7.118975 9.979689 13.081770 13.220970 9.899069 6.553760 4.647943 6.346702 9.227761 13.827049 16.481148 13.827049 9.227761 6.346702 4.647943 6.553760 9.899069 13.220970 13.081770 9.979689 7.118975 2.467937 3.914828 5.755258 7.676649 8.150249 7.017328 5.674062 0.188244 1.314157 2.542820 3.648024 3.837731 3.169972 2.609076,
 4.006403 -5.267087 -0.126603 11.094806 13.266683 7.997159 6.196982 7.676241 1.920849 15.247442 31.519543 27.842051 15.399439 11.847935 11.429050 10.991192 32.613098 52.789352 40.296234 19.425346 14.533943 14.186350 17.962173 43.030571 62.637794 43.030571 17.962173 14.186350 14.533943 19.425346 40.296234 52.789352 32.613098 10.991192 11.429050 11.847935 15.399439 27.842051 31.519543 15.247442 1.920849 7.676241 6.196982 7.997159 13.266683 11.094806 -0.126603 -5.267087 4.006403,
 4.985822 5.302538 6.355941 6.690473 5.812570 5.036247 4.909683 10.155359 10.816044 12.366402 13.416551 12.729799 11.588524 10.897734 13.635943 15.020783 18.732880 21.764700 20.368755 16.779394 14.392369 15.081560 17.743134 23.034733 26.288601 23.034733 17.743134 15.081560 14.392369 16.779394 20.368755 21.764700 18.732880 15.020783 13.635943 10.897734 11.588524 12.729799 13.416551 12.366402 10.816044 10.155359 4.909683 5.036247 5.812570 6.690473 6.355941 5.302538 4.985822,

Pairwise cross-correlations of the modulus of all oriented sub-bands at the same scale (size QxQ)
 17.767267 14.062603 18.034817 25.968096,
 14.062603 151.939331 171.588501 18.459026,
 18.034817 171.588501 504.857422 217.094864,
 25.968096 18.459026 217.094864 232.006638,
 14.263814 8.849839 14.858264 20.868917,
 8.849839 94.649506 108.203522 9.122837,
 14.858264 108.203522 295.091309 122.152107,
 20.868917 9.122837 122.152107 147.722382,
 9.136907 4.080696 4.885468 8.587873,
 4.080696 38.253136 39.463821 3.483192,
 4.885468 39.463821 133.341721 57.326534,
 8.587873 3.483192 57.326534 68.233635,
 7.010322 0.424084 -0.742053 3.108747,
 0.424084 16.481150 18.650932 5.463124,
 -0.742053 18.650932 62.637802 18.955877,
 3.108747 5.463124 18.955877 26.288601,

Cross-correlations of the modulus of all oriented sub-bands with all oriented sub-bands at the coarser scale (size QxQ)
 10.377680 7.047432 9.388644 16.679609,
 11.188639 52.432373 48.671577 4.759159,
 19.389168 43.826347 92.734192 54.482300,
 18.812239 -4.836218 39.898129 72.094658,
 7.361320 3.293455 5.374103 10.355844,
 5.678995 17.842691 15.419907 4.057572,
 10.358377 9.378836 29.740721 31.643654,
 12.701937 -6.507895 15.883117 40.006901,
 5.096968 2.670712 2.313836 4.914816,
 5.457385 0.816411 8.467264 6.853503,
 3.288303 8.299478 35.592854 19.775421,
 1.760224 9.911262 19.846060 18.174976,

Cross-correlations of the real part of each oriented sub-band with both the real and imaginary part of all phase-doubled oriented sub-bands at the next coarser scale (Q matrices of size 1x2Q, which are computed and stored in a matrix of size Qx2Q)
 -2.213343 -3.618149 -1.064761 -2.516713 1.298478 0.254507 -0.635680 -0.378958,
 -2.808376 -42.922443 -43.399845 -10.370482 0.225401 0.042433 -1.313052 0.448947,
 -3.264184 -54.278721 -86.192520 -32.899364 -0.253584 1.250771 -4.006697 -3.338262,
 -3.724154 -9.310267 -24.300711 -19.580223 0.328542 1.235435 -4.234989 -4.969673,
 -0.305468 -1.247561 -1.075834 -2.808881 0.374551 -0.412246 0.603693 1.291082,
 -0.617445 -15.890341 -12.794691 -1.391770 0.188329 -2.706426 9.064358 0.683002,
 -1.391647 -19.075497 -17.172262 -7.170367 -0.111451 2.749340 33.557194 12.158096,
 -1.748874 -3.174650 -3.515226 -9.696289 -0.132775 2.511384 17.130659 13.180791,
 -0.141053 0.482432 -0.278370 -1.557747 -0.272450 0.534645 0.156477 0.379757,
 -0.201687 -0.040500 3.715489 1.448353 0.032997 1.899253 -2.019175 0.705895,
 -0.423353 0.958333 19.111925 1.741879 -0.621416 -0.102836 0.215042 7.322568,
 -0.424187 1.109880 8.661219 -5.137691 -1.006654 -0.394257 3.280856 6.294950,
