Low-band skewness and kurtosis
 -0.668061 2.223192,
 -0.591126 2.281428,
 -0.420061 2.021641,
 -0.271912 1.653225,
 -0.399192 1.601126,

High-band variance
 831.355774,

Skewness, kurtosis, variance, mean, maximum and minimum of the reconstructed texture
 -0.755438 2.082417 5968.776367 191.175049 255.000000 1.000000,

Auto-correlations of the low-frequency bands at each scale
 2186.433594 2186.230225 2168.846436 2137.346436 2097.000244 2069.824463 2080.898438 2158.793213 2093.102539 2066.174316 2104.065186 2215.559082 2397.534180 2618.784912 2992.281250 3168.604004 3402.747314 3643.080566 3840.454834 3986.010254 4069.486328 4342.708008 4622.378906 4851.412109 4944.577148 4851.412109 4622.378906 4342.708008 4069.486328 3986.010254 3840.454834 3643.080566 3402.747314 3168.604004 2992.281250 2618.784912 2397.534180 2215.559082 2104.065186 2066.174316 2093.102539 2158.793213 2080.898438 2069.824463 2097.000244 2137.346436 2168.846436 2186.230225 2186.433594,
 2351.412598 2342.435059 2319.181885 2282.946289 2240.433838 2211.710938 2213.974609 2001.383423 1960.654907 1947.921143 1972.053467 2032.344971 2132.643066 2262.765869 2501.039551 2608.864990 2763.599609 2925.065186 3044.415039 3115.100830 3142.617676 3429.125977 3610.734375 3763.802246 3828.067383 3763.802246 3610.734375 3429.125977 3142.617676 3115.100830 3044.415039 2925.065186 2763.599609 2608.864990 2501.039551 2262.765869 2132.643066 2032.344971 1972.053467 1947.921143 1960.654907 2001.383423 2213.974609 2211.710938 2240.433838 2282.946289 2319.181885 2342.435059 2351.412598,
 2008.816284 2031.060791 2036.787354 2022.765015 1989.103027 1953.576416 1931.813354 2211.714111 2185.308838 2171.332031 2170.868164 2178.890137 2204.531006 2246.351318 2391.426514 2442.132080 2532.663574 2623.012207 2670.477539 2682.994385 2677.262939 2718.291016 2829.042480 2938.570068 2988.747314 2938.570068 2829.042480 2718.291016 2677.262939 2682.994385 2670.477539 2623.012207 2532.663574 2442.132080 2391.426514 2246.351318 2204.531006 2178.890137 2170.868164 2171.332031 2185.308838 2211.714111 1931.813354 1953.576416 1989.103027 2022.765015 2036.787354 2031.060791 2008.816284,
 704.232056 716.838623 741.237244 767.261719 773.696228 760.744995 742.095947 1525.346069 1540.915527 1577.743164 1612.554565 1613.603027 1593.403564 1576.010132 2192.038574 2238.022705 2310.425781 2365.642822 2359.387207 2319.601318 2286.213379 2526.711914 2588.217773 2665.636230 2706.019775 2665.636230 2588.217773 2526.711914 2286.213379 2319.601318 2359.387207 2365.642822 2310.425781 2238.022705 2192.038574 1576.010132 1593.403564 1613.603027 1612.554565 1577.743164 1540.915527 1525.346069 742.095947 760.744995 773.696228 767.261719 741.237244 716.838623 704.232056,
 -1571.234497 -1618.979370 -1674.763916 -1685.252930 -1624.274414 -1550.989136 -1523.952515 -203.018921 -218.117752 -207.271210 -173.284592 -138.724182 -125.967972 -138.941559 1524.328369 1551.540894 1625.329834 1686.362305 1674.380371 1617.491577 1570.186768 2367.358887 2422.227295 2517.017822 2569.668945 2517.017822 2422.227295 2367.358887 1570.186768 1617.491577 1674.380371 1686.362305 1625.329834 1551.540894 1524.328369 -138.941559 -125.967972 -138.724182 -173.284592 -207.271210 -218.117752 -203.018921 -1523.952515 -1550.989136 -1624.274414 -1685.252930 -1674.763916 -1618.979370 -1571.234497,

Auto-correlations of the modulus of each oriented sub-band
 4.531438 6.014255 7.328247 7.941802 7.619951 6.597173 5.328546 5.179423 6.793746 8.229824 8.947145 8.605534 7.411092 5.947017 6.214473 8.399941 10.156606 10.776780 10.084256 8.499452 6.621085 6.759849 9.231365 11.551575 12.551756 11.551575 9.231365 6.759849 6.621085 8.499452 10.084256 10.776780 10.156606 8.399941 6.214473 5.947017 7.411092 8.605534 8.947145 8.229824 6.793746 5.179423 5.328546 6.597173 7.619951 7.941802 7.328247 6.014255 4.531438,
 79.580719 85.841003 92.690155 99.217255 104.478775 107.930023 109.507965 102.200989 114.399429 126.058128 134.812546 139.541687 140.195099 137.231567 132.085968 150.379486 166.796173 176.023651 175.884918 168.654938 157.352875 155.399368 173.955627 189.636047 196.210571 189.636047 173.955627 155.399368 157.352875 168.654938 175.884918 176.023651 166.796173 150.379486 132.085968 137.231567 140.195099 139.541687 134.812546 126.058128 114.399429 102.200989 109.507965 107.930023 104.478775 99.217255 92.690155 85.841003 79.580719,
 249.895493 262.734009 277.670654 289.201233 293.718323 293.244202 290.287720 315.295349 347.574249 381.074036 401.057983 399.421692 384.260590 366.064148 393.220062 447.237030 501.598267 529.518372 514.747314 474.027679 430.725494 443.186493 503.831360 563.864990 591.385315 563.864990 503.831360 443.186493 430.725494 474.027679 514.747314 529.518372 501.598267 447.237030 393.220062 366.064148 384.260590 399.421692 401.057983 381.074036 347.574249 315.295349 290.287720 293.244202 293.718323 289.201233 277.670654 262.734009 249.895493,
 33.663597 33.792175 34.982716 36.118103 35.130825 32.922623 31.742790 40.508900 42.644867 47.110626 50.392170 47.448151 41.270523 38.041668 46.269749 51.064674 61.017277 68.229385 62.117069 50.334000 44.435261 47.829411 54.452412 68.441101 77.440109 68.441101 54.452412 47.829411 44.435261 50.334000 62.117069 68.229385 61.017277 51.064674 46.269749 38.041668 41.270523 47.448151 50.392170 47.110626 42.644867 40.508900 31.742790 32.922623 35.130825 36.118103 34.982716 33.792175 33.663597,
 3.891988 5.148682 6.194911 6.603943 6.188703 5.144941 3.914852 4.148370 5.536352 6.714646 7.188575 6.729894 5.584415 4.261887 4.882384 6.776426 8.460232 9.078070 8.280579 6.585592 4.793748 5.228638 7.463004 9.645563 10.613388 9.645563 7.463004 5.228638 4.793748 6.585592 8.280579 9.078070 8.460232 6.776426 4.882384 4.261887 5.584415 6.729894 7.188575 6.714646 5.536352 4.148370 3.914852 5.144941 6.188703 6.603943 6.194911 5.148682 3.891988,
 39.552681 45.307682 51.320820 56.208035 58.831837 58.898235 57.213226 54.669846 65.166183 75.410515 81.739227 82.882469 79.802231 73.973892 71.853645 87.447639 102.678078 110.174080 106.855324 96.946190 84.908562 83.990067 100.600403 116.628036 123.941681 116.628036 100.600403 83.990067 84.908562 96.946190 106.855324 110.174080 102.678078 87.447639 71.853645 73.973892 79.802231 82.882469 81.739227 75.410515 65.166183 54.669846 57.213226 58.898235 58.831837 56.208035 51.320820 45.307682 39.552681,
 157.401016 176.129013 193.914154 205.716202 207.421783 199.110733 184.287460 209.755890 243.107513 273.666595 292.018036 291.148102 272.833221 244.451813 264.117981 312.772583 355.467560 377.453217 368.701935 334.930847 289.528442 297.256073 352.009521 397.359283 415.990723 397.359283 352.009521 297.256073 289.528442 334.930847 368.701935 377.453217 355.467560 312.772583 264.117981 244.451813 272.833221 291.148102 292.018036 273.666595 243.107513 209.755890 184.287460 199.110733 207.421783 205.716202 193.914154 176.129013 157.401016,
 21.864550 22.355570 23.864634 25.996307 27.124186 26.597933 25.149008 27.155066 28.718105 31.810547 35.612320 36.798035 34.480251 31.230608 31.999243 34.944962 40.354980 45.881271 45.188126 39.619919 34.775528 34.873734 39.374123 46.543427 51.000347 46.543427 39.374123 34.873734 34.775528 39.619919 45.188126 45.881271 40.354980 34.944962 31.999243 31.230608 34.480251 36.798035 35.612320 31.810547 28.718105 27.155066 25.149008 26.597933 27.124186 25.996307 23.864634 22.355570 21.864550,
 3.460248 5.011258 6.372629 6.968682 6.522295 5.254408 3.679745 4.299353 6.028382 7.469631 8.031870 7.446157 5.955795 4.097920 5.262673 7.455126 9.334119 10.016163 9.140807 7.184640 4.925203 5.725111 8.340831 10.728464 11.753959 10.728464 8.340831 5.725111 4.925203 7.184640 9.140807 10.016163 9.334119 7.455126 5.262673 4.097920 5.955795 7.446157 8.031870 7.469631 6.028382 4.299353 3.679745 5.254408 6.522295 6.968682 6.372629 5.011258 3.460248,
 17.938662 18.697859 19.115759 19.163408 18.821455 17.855936 16.211592 24.602989 27.511560 29.408571 29.552118 28.267225 25.893270 22.500183 29.675976 35.747334 40.614288 41.712246 38.805649 33.933041 28.265347 31.034576 38.268715 44.904510 47.889133 44.904510 38.268715 31.034576 28.265347 33.933041 38.805649 41.712246 40.614288 35.747334 29.675976 22.500183 25.893270 28.267225 29.552118 29.408571 27.511560 24.602989 16.211592 17.855936 18.821455 19.163408 19.115759 18.697859 17.938662,
 43.494537 43.870155 43.483162 42.422836 38.750343 33.349525 29.016403 53.858116 58.917469 64.761696 67.928543 63.019390 52.247639 41.499825 61.769714 75.109001 90.112274 98.043930 90.173691 72.295647 54.847847 62.913643 82.021095 102.694565 112.836197 102.694565 82.021095 62.913643 54.847847 72.295647 90.173691 98.043930 90.112274 75.109001 61.769714 41.499825 52.247639 63.019390 67.928543 64.761696 58.917469 53.858116 29.016403 33.349525 38.750343 42.422836 43.483162 43.870155 43.494537,
 5.458879 7.380942 8.654250 9.027678 8.230525 6.418691 4.484472 6.573276 8.177645 9.504863 10.909910 10.910136 8.505552 5.684348 7.596043 9.199445 12.112361 15.623792 15.049714 10.652995 7.127178 7.805855 10.505827 15.522252 18.809143 15.522252 10.505827 7.805855 7.127178 10.652995 15.049714 15.623792 12.112361 9.199445 7.596043 5.684348 8.505552 10.910136 10.909910 9.504863 8.177645 6.573276 4.484472 6.418691 8.230525 9.027678 8.654250 7.380942 5.458879,
 1.125499 3.018826 4.403314 4.763278 3.896309 2.174718 0.285586 2.753121 5.362661 7.301097 7.719874 6.321854 3.821421 1.307381 3.943873 7.377784 10.183655 11.025829 9.299240 5.995544 2.632798 3.923812 7.825035 11.374484 12.883408 11.374484 7.825035 3.923812 2.632798 5.995544 9.299240 11.025829 10.183655 7.377784 3.943873 1.307381 3.821421 6.321854 7.719874 7.301097 5.362661 2.753121 0.285586 2.174718 3.896309 4.763278 4.403314 3.018826 1.125499,
 0.193470 -1.960592 -3.597739 -3.555819 -2.228795 -0.915571 -0.391930 2.429976 2.668876 1.668922 0.172756 -0.342843 0.076233 0.529202 2.510638 5.997344 8.520659 7.717181 4.581182 1.841616 0.423495 1.138763 4.961111 9.778710 12.323717 9.778710 4.961111 1.138763 0.423495 1.841616 4.581182 7.717181 8.520659 5.997344 2.510638 0.529202 0.076233 -0.342843 0.172756 1.668922 2.668876 2.429976 -0.391930 -0.915571 -2.228795 -3.555819 -3.597739 -1.960592 0.193470,
 -3.770360 -4.807354 -3.876626 -1.433886 1.240669 3.943888 5.832229 -2.443787 -0.159454 4.025871 8.476691 11.083412 12.283120 12.236953 4.007683 9.224112 15.577363 20.331097 20.697586 18.344667 15.036783 11.734605 17.453220 23.181261 26.036266 23.181261 17.453220 11.734605 15.036783 18.344667 20.697586 20.331097 15.577363 9.224112 4.007683 12.236953 12.283120 11.083412 8.476691 4.025871 -0.159454 -2.443787 5.832229 3.943888 1.240669 -1.433886 -3.876626 -4.807354 -3.770360,
 -0.309802 0.162221 0.209794 0.155844 0.241779 0.054048 -0.354847 -0.443347 -0.517314 -0.176211 0.964295 1.648897 0.897575 -0.245923 -0.688796 -0.509640 1.097776 3.373720 3.418436 1.338374 -0.353205 -0.677195 0.479406 3.218905 5.021845 3.218905 0.479406 -0.677195 -0.353205 1.338374 3.418436 3.373720 1.097776 -0.509640 -0.688796 -0.245923 0.897575 1.648897 0.964295 -0.176211 -0.517314 -0.443347 -0.354847 0.054048 0.241779 0.155844 0.209794 0.162221 -0.309802,

Pairwise cross-correlations of the modulus of all oriented sub-bands at the same scale (size QxQ)
 12.551758 16.614340 17.087456 9.738867,
 16.614340 196.210587 293.502472 67.329163,
 17.087456 293.502472 591.385254 166.697296,
 9.738867 67.329163 166.697296 77.440117,
 10.613389 10.918112 14.705342 8.873238,
 10.918112 123.941689 197.429596 47.481792,
 14.705342 197.429596 415.990784 116.490059,
 8.873238 47.481792 116.490059 51.000351,
 11.753960 6.534459 4.548799 7.027084,
 6.534459 47.889133 58.688087 16.195505,
 4.548799 58.688087 112.836197 26.381466,
 7.027084 16.195505 26.381466 18.809145,
 12.883407 3.286175 -6.781526 2.691431,
 3.286175 12.323716 9.306186 1.042889,
 -6.781526 9.306186 26.036266 1.454297,
 2.691431 1.042889 1.454297 5.021845,

Cross-correlations of the modulus of all oriented sub-bands with all oriented sub-bands at the coarser scale (size QxQ)
 8.561839 12.127851 13.461563 7.951885,
 11.073906 67.900063 104.287445 30.351780,
 16.608080 94.796280 194.582016 67.946465,
 8.870993 28.189594 64.690559 29.931665,
 8.082920 8.564022 6.609331 7.712203,
 7.615546 35.539501 47.936127 13.914429,
 11.242629 57.262310 93.593025 26.806078,
 6.061741 19.730595 26.994961 13.587455,
 9.241570 3.367764 -4.923319 2.983531,
 3.831956 5.402365 -1.229069 3.111989,
 2.620784 3.967276 -4.075530 0.709073,
 5.614495 1.399098 -5.377058 2.657220,

Cross-correlations of the real part of each oriented sub-band with both the real and imaginary part of all phase-doubled oriented sub-bands at the next coarser scale (Q matrices of size 1x2Q, which are computed and stored in a matrix of size Qx2Q)
 -0.785430 -1.201723 -0.562614 -0.406686 0.646774 -0.074145 0.130704 -0.027292,
 -1.702756 -13.718615 -17.701094 -7.585571 0.128721 3.965775 17.732365 3.749390,
 -1.418617 -19.010593 -53.291523 -29.765137 -0.076440 10.721217 36.434994 9.564285,
 -0.437870 -4.604956 -22.885038 -14.854026 0.244661 3.191957 9.429528 3.153870,
 -0.439270 -0.432817 -0.157737 -0.129755 -0.061936 -0.115387 -0.137826 0.516496,
 -0.664058 -7.213572 0.333508 3.328470 0.002008 1.589175 -3.836823 -3.296567,
 -0.417708 -8.056215 11.982845 9.260535 -0.018722 2.330492 -12.677158 -8.531202,
 -0.050561 -0.688812 6.191776 2.759516 -0.301662 0.251708 -5.261845 -1.785942,
 -0.476719 -0.115657 0.106782 -0.574385 -1.092782 -0.970790 -0.103640 -0.069416,
 -0.409956 3.110770 0.344301 -0.062844 -0.084164 -3.268537 -8.662510 -1.250712,
 0.122378 3.365764 -3.188657 -0.938532 0.159794 -5.458450 -19.201523 -4.374804,
 -0.014374 0.145998 -2.148703 -1.543824 -0.487742 -1.755846 -5.587768 -2.606244,
