Low-band skewness and kurtosis
 -0.510869 2.082010,
 -0.363868 2.094963,
 -0.271147 2.036130,
 -0.045737 1.601992,
 0.113673 1.479398,

High-band variance
 960.830933,

Skewness, kurtosis, variance, mean, maximum and minimum of the reconstructed texture
 -0.645935 1.920569 5695.499023 189.381042 255.000000 5.000000,

Auto-correlations of the low-frequency bands at each scale
 1423.279663 1410.039917 1400.802246 1400.294678 1411.572754 1436.223755 1471.669067 1454.068848 1318.098267 1219.185181 1176.115723 1193.618042 1266.281616 1374.700195 2971.449219 2971.085693 2973.329102 2959.511963 2911.579102 2840.404541 2761.785156 4058.572998 4280.755859 4453.916992 4522.541504 4453.916992 4280.755859 4058.572998 2761.785156 2840.404541 2911.579102 2959.511963 2973.329102 2971.085693 2971.449219 1374.700195 1266.281616 1193.618042 1176.115723 1219.185181 1318.098267 1454.068848 1471.669067 1436.223755 1411.572754 1400.294678 1400.802246 1410.039917 1423.279663,
 1447.688599 1453.885132 1461.775757 1469.690186 1476.236694 1483.044556 1492.030640 1469.719482 1397.732422 1346.768677 1327.046997 1339.210327 1381.362793 1444.763672 2255.771484 2255.240479 2256.586182 2247.946533 2215.577393 2172.819092 2135.937500 2824.285156 2955.606445 3064.439453 3109.941895 3064.439453 2955.606445 2824.285156 2135.937500 2172.819092 2215.577393 2247.946533 2256.586182 2255.240479 2255.771484 1444.763672 1381.362793 1339.210327 1327.046997 1346.768677 1397.732422 1469.719482 1492.030640 1483.044556 1476.236694 1469.690186 1461.775757 1453.885132 1447.688599,
 1395.712280 1405.009155 1408.705200 1407.098267 1402.177368 1397.236938 1393.910522 1417.778076 1369.520874 1337.680542 1326.151611 1335.199829 1366.371216 1414.533203 1852.382202 1854.921143 1866.135864 1871.512207 1858.785522 1840.565430 1829.465942 2188.835205 2269.277100 2340.643066 2371.791260 2340.643066 2269.277100 2188.835205 1829.465942 1840.565430 1858.785522 1871.512207 1866.135864 1854.921143 1852.382202 1414.533203 1366.371216 1335.199829 1326.151611 1337.680542 1369.520874 1417.778076 1393.910522 1397.236938 1402.177368 1407.098267 1408.705200 1405.009155 1395.712280,
 680.981689 678.045349 667.573181 656.492065 648.493713 643.639709 640.160278 1220.869263 1200.160767 1180.536255 1169.263550 1169.978638 1184.779663 1205.971558 1650.559448 1652.711548 1661.189331 1666.525146 1660.278198 1653.796997 1653.692749 1851.736084 1882.244141 1916.579102 1933.846558 1916.579102 1882.244141 1851.736084 1653.692749 1653.796997 1660.278198 1666.525146 1661.189331 1652.711548 1650.559448 1205.971558 1184.779663 1169.978638 1169.263550 1180.536255 1200.160767 1220.869263 640.160278 643.639709 648.493713 656.492065 667.573181 678.045349 680.981689,
 -1249.736328 -1249.934692 -1254.018311 -1259.468506 -1260.454834 -1256.461304 -1252.458008 -2.779317 -0.900789 -2.633326 -8.484982 -13.219415 -12.300770 -8.229753 1254.719727 1259.584106 1262.865723 1259.948486 1251.854980 1246.465698 1247.227051 1781.507080 1787.262695 1796.616455 1801.700562 1796.616455 1787.262695 1781.507080 1247.227051 1246.465698 1251.854980 1259.948486 1262.865723 1259.584106 1254.719727 -8.229753 -12.300770 -13.219415 -8.484982 -2.633326 -0.900789 -2.779317 -1252.458008 -1256.461304 -1260.454834 -1259.468506 -1254.018311 -1249.934692 -1249.736328,

Auto-correlations of the modulus of each oriented sub-band
 3.158979 4.336679 5.370202 5.811622 5.440879 4.461320 3.321623 3.470808 4.681363 5.728401 6.156068 5.746142 4.713533 3.520061 4.186824 5.697679 6.997291 7.492944 6.918275 5.590880 4.101281 4.638227 6.486513 8.169619 8.876207 8.169619 6.486513 4.638227 4.101281 5.590880 6.918275 7.492944 6.997291 5.697679 4.186824 3.520061 4.713533 5.746142 6.156068 5.728401 4.681363 3.470808 3.321623 4.461320 5.440879 5.811622 5.370202 4.336679 3.158979,
 41.068378 43.835777 46.329185 47.354088 46.942093 45.984245 45.244610 55.793514 63.203686 70.034538 72.421432 69.932777 65.312836 61.143368 72.603409 85.162613 97.761429 102.630157 96.949875 86.272751 76.592239 81.752449 95.543449 110.448616 117.515320 110.448616 95.543449 81.752449 76.592239 86.272751 96.949875 102.630157 97.761429 85.162613 72.603409 61.143368 65.312836 69.932777 72.421432 70.034538 63.203686 55.793514 45.244610 45.984245 46.942093 47.354088 46.329185 43.835777 41.068378,
 223.048889 236.308411 247.395630 251.426880 245.804504 233.269409 218.296326 325.431061 359.843048 389.148468 400.309906 386.534637 354.987030 318.253143 432.032715 494.729309 549.825134 572.164429 547.723694 490.831360 426.291748 477.676483 555.344604 624.959351 654.792480 624.959351 555.344604 477.676483 426.291748 490.831360 547.723694 572.164429 549.825134 494.729309 432.032715 318.253143 354.987030 386.534637 400.309906 389.148468 359.843048 325.431061 218.296326 233.269409 245.804504 251.426880 247.395630 236.308411 223.048889,
 55.387024 56.380589 56.844090 56.532696 55.264797 53.041286 50.430466 75.657562 79.384613 82.599991 83.755829 81.056015 74.920746 68.090683 94.696648 103.451202 112.159081 116.312820 111.634743 100.465698 88.837975 100.612137 113.367142 126.335960 132.367981 126.335960 113.367142 100.612137 88.837975 100.465698 111.634743 116.312820 112.159081 103.451202 94.696648 68.090683 74.920746 81.056015 83.755829 82.599991 79.384613 75.657562 50.430466 53.041286 55.264797 56.532696 56.844090 56.380589 55.387024,
 1.882085 2.389766 2.881848 3.154107 3.084900 2.721379 2.234044 2.064477 2.638222 3.190958 3.491630 3.401185 2.969291 2.390087 2.709425 3.659143 4.587650 5.015581 4.682373 3.819278 2.879700 3.182317 4.435831 5.709717 6.282168 5.709717 4.435831 3.182317 2.879700 3.819278 4.682373 5.015581 4.587650 3.659143 2.709425 2.390087 2.969291 3.401185 3.491630 3.190958 2.638222 2.064477 2.234044 2.721379 3.084900 3.154107 2.881848 2.389766 1.882085,
 15.494214 16.941149 18.008297 18.667103 19.110790 19.358076 19.135250 23.110310 27.473267 31.503918 32.928936 31.934185 30.188820 27.936592 31.346157 38.828152 47.030411 50.133457 46.223549 40.251652 34.984386 36.340385 44.196453 53.826126 59.022461 53.826126 44.196453 36.340385 34.984386 40.251652 46.223549 50.133457 47.030411 38.828152 31.346157 27.936592 30.188820 31.934185 32.928936 31.503918 27.473267 23.110310 19.135250 19.358076 19.110790 18.667103 18.008297 16.941149 15.494214,
 69.374146 73.004639 77.328682 79.806442 78.002953 73.335632 67.784637 117.467812 137.661652 156.184067 164.936005 158.787643 141.747284 120.605080 170.060471 211.000656 247.471207 263.742859 250.028519 215.312973 174.199417 195.939590 247.141037 292.217987 311.654388 292.217987 247.141037 195.939590 174.199417 215.312973 250.028519 263.742859 247.471207 211.000656 170.060471 120.605080 141.747284 158.787643 164.936005 156.184067 137.661652 117.467812 67.784637 73.335632 78.002953 79.806442 77.328682 73.004639 69.374146,
 20.430304 20.593458 20.831650 20.536385 19.353699 17.436579 15.370292 33.344593 35.201237 36.821453 37.338764 35.408070 30.999241 25.989216 44.372089 49.429283 54.751385 57.801579 54.834003 47.031212 38.890316 46.768883 55.033012 63.894817 68.267776 63.894817 55.033012 46.768883 38.890316 47.031212 54.834003 57.801579 54.751385 49.429283 44.372089 25.989216 30.999241 35.408070 37.338764 36.821453 35.201237 33.344593 15.370292 17.436579 19.353699 20.536385 20.831650 20.593458 20.430304,
 1.269260 1.442315 1.720255 1.923783 1.908636 1.717881 1.502627 1.503829 1.703610 1.995030 2.180320 2.097536 1.832887 1.578351 1.785644 2.325678 2.976605 3.288177 2.984692 2.338510 1.788042 1.969805 2.800664 3.803960 4.299175 3.803960 2.800664 1.969805 1.788042 2.338510 2.984692 3.288177 2.976605 2.325678 1.785644 1.578351 1.832887 2.097536 2.180320 1.995030 1.703610 1.503829 1.502627 1.717881 1.908636 1.923783 1.720255 1.442315 1.269260,
 9.399199 10.720501 11.335812 11.084504 10.967110 11.332647 11.323404 12.589972 15.368021 17.687263 17.342600 15.345561 13.927979 13.234581 15.327350 19.518887 24.614380 25.716885 21.863640 17.558041 15.243993 16.338364 20.319843 26.556526 30.094908 26.556526 20.319843 16.338364 15.243993 17.558041 21.863640 25.716885 24.614380 19.518887 15.327350 13.234581 13.927979 15.345561 17.342600 17.687263 15.368021 12.589972 11.323404 11.332647 10.967110 11.084504 11.335812 10.720501 9.399199,
 12.287025 24.608780 38.015682 44.787888 42.230900 35.268574 28.456020 33.864441 54.530540 74.393700 82.520111 74.347862 57.326042 39.923668 55.369175 86.516502 115.457855 127.256660 113.893478 85.470436 55.702084 64.201225 100.081238 133.979492 149.028717 133.979492 100.081238 64.201225 55.702084 85.470436 113.893478 127.256660 115.457855 86.516502 55.369175 39.923668 57.326042 74.347862 82.520111 74.393700 54.530540 33.864441 28.456020 35.268574 42.230900 44.787888 38.015682 24.608780 12.287025,
 7.009019 7.378309 7.558167 8.024606 8.698909 8.934754 8.760058 13.553085 14.576430 15.681811 17.066013 17.098835 14.898400 12.291555 18.734865 21.658209 25.411169 28.446711 26.931604 21.735643 17.059362 20.069742 24.826279 30.878380 34.186447 30.878380 24.826279 20.069742 17.059362 21.735643 26.931604 28.446711 25.411169 21.658209 18.734865 12.291555 14.898400 17.098835 17.066013 15.681811 14.576430 13.553085 8.760058 8.934754 8.698909 8.024606 7.558167 7.378309 7.009019,
 0.316817 0.482659 0.589621 0.605454 0.580762 0.561688 0.538160 0.476870 0.631781 0.772232 0.841694 0.878366 0.941920 1.011280 0.539028 0.927716 1.426247 1.720259 1.634916 1.364402 1.183184 0.977035 1.497651 2.203807 2.560981 2.203807 1.497651 0.977035 1.183184 1.364402 1.634916 1.720259 1.426247 0.927716 0.539028 1.011280 0.941920 0.878366 0.841694 0.772232 0.631781 0.476870 0.538160 0.561688 0.580762 0.605454 0.589621 0.482659 0.316817,
 2.306790 2.569636 2.829104 2.759562 2.550575 2.368779 2.192535 6.065090 6.884382 7.665709 7.407716 6.604777 6.226624 6.151381 9.365026 10.438109 12.238617 12.451070 10.831989 9.594254 9.397222 10.716051 11.400059 13.510015 14.951338 13.510015 11.400059 10.716051 9.397222 9.594254 10.831989 12.451070 12.238617 10.438109 9.365026 6.151381 6.226624 6.604777 7.407716 7.665709 6.884382 6.065090 2.192535 2.368779 2.550575 2.759562 2.829104 2.569636 2.306790,
 4.442041 7.528620 11.591416 13.391747 10.802732 5.268515 0.614139 11.602103 16.976402 23.833704 27.093086 23.111807 14.695416 7.509749 20.235451 28.558578 38.714718 43.686413 38.164120 26.823746 17.227325 23.251297 33.503922 45.819618 51.943554 45.819618 33.503922 23.251297 17.227325 26.823746 38.164120 43.686413 38.714718 28.558578 20.235451 7.509749 14.695416 23.111807 27.093086 23.833704 16.976402 11.602103 0.614139 5.268515 10.802732 13.391747 11.591416 7.528620 4.442041,
 0.539800 1.345425 2.162522 2.416878 1.841061 0.786872 0.104213 1.672496 2.647016 3.984135 5.334666 5.430673 3.918292 2.150491 2.685395 4.255422 7.022363 9.821018 9.322549 6.046795 3.183452 3.295972 5.834930 9.900838 12.379530 9.900838 5.834930 3.295972 3.183452 6.046795 9.322549 9.821018 7.022363 4.255422 2.685395 2.150491 3.918292 5.430673 5.334666 3.984135 2.647016 1.672496 0.104213 0.786872 1.841061 2.416878 2.162522 1.345425 0.539800,

Pairwise cross-correlations of the modulus of all oriented sub-bands at the same scale (size QxQ)
 8.876206 9.417045 9.721748 9.202286,
 9.417045 117.515305 226.735046 75.194565,
 9.721748 226.735046 654.792419 251.718475,
 9.202286 75.194565 251.718475 132.367996,
 6.282168 5.591908 5.231789 5.750403,
 5.591908 59.022469 106.388168 34.502098,
 5.231789 106.388168 311.654388 120.701347,
 5.750403 34.502098 120.701347 68.267784,
 4.299175 4.722197 6.228242 4.752394,
 4.722197 30.094912 51.098522 19.812988,
 6.228242 51.098522 149.028732 57.177555,
 4.752394 19.812988 57.177555 34.186447,
 2.560981 3.129579 3.858416 2.919943,
 3.129579 14.951337 18.547844 7.001809,
 3.858416 18.547844 51.943562 17.572983,
 2.919943 7.001809 17.572983 12.379530,

Cross-correlations of the modulus of all oriented sub-bands with all oriented sub-bands at the coarser scale (size QxQ)
 5.270732 5.069370 2.700000 6.276606,
 10.654385 26.888510 39.106365 20.883608,
 17.956450 51.014763 103.654762 52.935421,
 10.292413 21.582497 44.706486 30.746384,
 3.256595 4.934262 5.622966 5.661041,
 5.372473 12.895611 23.371460 13.458927,
 8.705823 23.391758 61.641502 31.648224,
 5.957137 12.299198 26.378073 18.101168,
 1.657718 3.755751 3.857575 2.803204,
 4.301872 7.991165 9.865599 7.120739,
 6.273462 13.394863 19.239157 11.946970,
 3.447713 6.941790 8.140648 8.003662,

Cross-correlations of the real part of each oriented sub-band with both the real and imaginary part of all phase-doubled oriented sub-bands at the next coarser scale (Q matrices of size 1x2Q, which are computed and stored in a matrix of size Qx2Q)
 -1.018398 -0.832401 -0.748248 -1.133989 0.933828 -0.172880 -0.309449 -0.549989,
 -0.655134 -26.262581 -38.049404 -9.129675 0.399336 -6.649737 -9.008775 -3.502349,
 -0.356632 -46.855068 -85.651619 -34.294415 0.006395 -9.780437 -21.462017 -14.852974,
 -0.698616 -10.895420 -27.708723 -19.379704 0.405066 -1.687528 -8.636806 -8.974464,
 -0.023945 -0.280093 -0.160433 -0.421800 0.102444 0.422000 0.256769 -0.346261,
 -0.127876 -6.142355 -10.251831 -4.734947 0.088148 10.511477 11.893849 1.330797,
 -0.119028 -13.960516 -34.598869 -17.944445 -0.015119 15.813993 20.764038 2.018352,
 -0.072105 -4.739031 -15.136873 -9.117964 0.062609 2.905505 4.379562 -1.071600,
 -0.146077 -0.333084 -0.268069 -0.046995 0.267416 -0.156237 0.236726 0.437999,
 -0.132470 -4.709792 -4.638817 -1.546412 -0.038840 1.512116 4.244845 1.632534,
 -0.035190 -7.135448 -15.989558 -5.873111 -0.151954 3.600015 19.698151 10.619866,
 -0.072892 -1.925601 -8.589548 -3.012294 0.037338 1.096834 11.275362 7.629218,
