Low-band skewness and kurtosis
 -0.621926 2.242300,
 -0.597774 2.441195,
 -0.503354 2.312739,
 -0.350413 2.045297,
 -0.355937 1.647509,

High-band variance
 912.232544,

Skewness, kurtosis, variance, mean, maximum and minimum of the reconstructed texture
 -0.731619 2.070910 5891.837402 190.331482 255.000000 0.000000,

Auto-correlations of the low-frequency bands at each scale
 1829.186646 1761.555542 1726.382690 1718.430664 1723.809204 1735.735229 1751.073608 2033.570557 1850.114014 1695.149170 1606.441895 1598.108887 1666.960693 1787.234863 3308.816650 3364.572021 3377.288086 3335.712891 3241.193359 3134.615479 3050.790283 4141.232422 4445.650879 4689.791992 4787.750000 4689.791992 4445.650879 4141.232422 3050.790283 3134.615479 3241.193359 3335.712891 3377.288086 3364.572021 3308.816650 1787.234863 1666.960693 1598.108887 1606.441895 1695.149170 1850.114014 2033.570557 1751.073608 1735.735229 1723.809204 1718.430664 1726.382690 1761.555542 1829.186646,
 1505.519409 1499.892334 1521.769409 1565.098389 1618.329224 1671.746826 1719.257935 1832.447754 1717.716431 1625.733521 1579.463379 1584.853149 1641.143677 1730.241455 2613.032471 2644.418701 2646.254639 2604.623779 2517.641846 2426.862061 2364.616943 3012.298096 3220.672363 3398.012939 3472.412109 3398.012939 3220.672363 3012.298096 2364.616943 2426.862061 2517.641846 2604.623779 2646.254639 2644.418701 2613.032471 1730.241455 1641.143677 1584.853149 1579.463379 1625.733521 1717.716431 1832.447754 1719.257935 1671.746826 1618.329224 1565.098389 1521.769409 1499.892334 1505.519409,
 1384.292236 1345.267822 1318.733398 1310.693481 1319.981689 1340.414551 1365.764648 1492.211182 1434.284546 1401.166992 1405.894409 1447.722412 1521.889526 1615.563477 2019.601562 2065.433838 2109.638672 2131.062988 2116.574219 2093.779541 2089.435059 2397.874512 2528.422607 2650.874268 2704.903809 2650.874268 2528.422607 2397.874512 2089.435059 2093.779541 2116.574219 2131.062988 2109.638672 2065.433838 2019.601562 1615.563477 1521.889526 1447.722412 1405.894409 1401.166992 1434.284546 1492.211182 1365.764648 1340.414551 1319.981689 1310.693481 1318.733398 1345.267822 1384.292236,
 708.805298 702.265076 690.830078 672.472412 650.420166 630.801697 615.670898 1249.746948 1207.689575 1170.514038 1143.469971 1130.400024 1137.977905 1161.938599 1724.661499 1742.159912 1764.506592 1781.841309 1786.115723 1789.767578 1797.968384 2040.572021 2101.068359 2156.331543 2181.356445 2156.331543 2101.068359 2040.572021 1797.968384 1789.767578 1786.115723 1781.841309 1764.506592 1742.159912 1724.661499 1161.938599 1137.977905 1130.400024 1143.469971 1170.514038 1207.689575 1249.746948 615.670898 630.801697 650.420166 672.472412 690.830078 702.265076 708.805298,
 -1305.949829 -1315.015625 -1319.722656 -1317.966309 -1308.622559 -1296.984619 -1291.846558 -42.763020 -55.693928 -75.314392 -91.215958 -92.883438 -78.424881 -57.790127 1315.028564 1329.842163 1332.860229 1320.272705 1297.744751 1280.842163 1280.508057 1884.757812 1913.321411 1945.936279 1960.836548 1945.936279 1913.321411 1884.757812 1280.508057 1280.842163 1297.744751 1320.272705 1332.860229 1329.842163 1315.028564 -57.790127 -78.424881 -92.883438 -91.215958 -75.314392 -55.693928 -42.763020 -1291.846558 -1296.984619 -1308.622559 -1317.966309 -1319.722656 -1315.015625 -1305.949829,

Auto-correlations of the modulus of each oriented sub-band
 4.154789 5.326239 6.335278 6.687699 6.189118 5.104851 3.895409 4.779898 6.139191 7.270632 7.675357 7.170359 5.975515 4.567813 5.619826 7.351720 8.888383 9.618782 9.083671 7.484493 5.596904 6.085310 8.342371 10.511979 11.464833 10.511979 8.342371 6.085310 5.596904 7.484493 9.083671 9.618782 8.888383 7.351720 5.619826 4.567813 5.975515 7.170359 7.675357 7.270632 6.139191 4.779898 3.895409 5.104851 6.189118 6.687699 6.335278 5.326239 4.154789,
 41.411499 43.827637 46.994118 49.441772 50.341026 50.514374 50.773331 57.723915 64.231255 71.807388 75.945694 74.723038 71.264107 68.456810 75.684090 86.707474 100.002525 106.428185 101.017097 91.048828 83.188148 86.444427 98.293396 113.336037 121.389252 113.336037 98.293396 86.444427 83.188148 91.048828 101.017097 106.428185 100.002525 86.707474 75.684090 68.456810 71.264107 74.723038 75.945694 71.807388 64.231255 57.723915 50.773331 50.514374 50.341026 49.441772 46.994118 43.827637 41.411499,
 205.992798 221.215836 235.559464 242.207672 237.415421 225.147720 211.378418 281.362213 317.979858 352.750122 368.019409 353.882446 320.600098 284.726532 359.505554 423.328735 485.196259 512.557251 485.768402 424.705078 360.901733 394.714966 472.163239 547.904541 581.956604 547.904541 472.163239 394.714966 360.901733 424.705078 485.768402 512.557251 485.196259 423.328735 359.505554 284.726532 320.600098 353.882446 368.019409 352.750122 317.979858 281.362213 211.378418 225.147720 237.415421 242.207672 235.559464 221.215836 205.992798,
 71.992279 72.112587 71.438789 69.603371 66.429115 62.384270 58.155392 93.012436 97.412354 100.821060 100.959579 95.756973 86.598679 77.028946 109.328674 120.805862 132.128952 136.956573 129.508591 113.827850 98.214905 111.661179 128.506897 146.070023 154.462158 146.070023 128.506897 111.661179 98.214905 113.827850 129.508591 136.956573 132.128952 120.805862 109.328674 77.028946 86.598679 95.756973 100.959579 100.821060 97.412354 93.012436 58.155392 62.384270 66.429115 69.603371 71.438789 72.112587 71.992279,
 3.088476 3.871265 4.631941 5.002803 4.784574 4.104929 3.322362 3.449790 4.403531 5.272559 5.673621 5.412761 4.646035 3.763808 4.308587 5.814209 7.293222 8.035624 7.548416 6.147570 4.619592 5.034770 7.053789 9.145667 10.104120 9.145667 7.053789 5.034770 4.619592 6.147570 7.548416 8.035624 7.293222 5.814209 4.308587 3.763808 4.646035 5.412761 5.673621 5.272559 4.403531 3.449790 3.322362 4.104929 4.784574 5.002803 4.631941 3.871265 3.088476,
 8.028547 10.500052 13.140678 14.667452 15.107536 15.432975 15.769245 16.510832 21.548824 26.482111 28.161446 26.549131 24.385132 22.597879 25.632591 34.033386 43.149063 46.335114 41.409134 34.445389 29.046913 30.649876 39.348995 50.210949 56.056366 50.210949 39.348995 30.649876 29.046913 34.445389 41.409134 46.335114 43.149063 34.033386 25.632591 22.597879 24.385132 26.549131 28.161446 26.482111 21.548824 16.510832 15.769245 15.432975 15.107536 14.667452 13.140678 10.500052 8.028547,
 33.120087 41.365215 53.999180 67.157837 75.784248 77.030167 72.088455 67.332130 93.164154 123.380241 144.812164 147.066589 131.863068 109.436974 112.130058 160.637939 211.393234 239.288666 227.406967 186.427002 140.102203 142.971039 202.051163 260.117432 285.942871 260.117432 202.051163 142.971039 140.102203 186.427002 227.406967 239.288666 211.393234 160.637939 112.130058 109.436974 131.863068 147.066589 144.812164 123.380241 93.164154 67.332130 72.088455 77.030167 75.784248 67.157837 53.999180 41.365215 33.120087,
 38.254234 38.444931 38.237911 37.218407 34.963657 31.550468 27.649384 50.292351 54.429893 57.883080 59.021996 55.633850 48.111061 39.683617 60.283092 70.173454 80.103157 85.145004 79.552574 66.274437 52.902332 61.560150 75.795143 90.896431 98.253555 90.896431 75.795143 61.560150 52.902332 66.274437 79.552574 85.145004 80.103157 70.173454 60.283092 39.683617 48.111061 55.633850 59.021996 57.883080 54.429893 50.292351 27.649384 31.550468 34.963657 37.218407 38.237911 38.444931 38.254234,
 2.653746 3.279013 3.923466 4.277719 4.143813 3.587688 2.872410 3.252357 3.889739 4.450245 4.656830 4.368591 3.701061 2.947705 4.126461 5.274945 6.321269 6.708652 6.127030 4.878232 3.581944 4.409836 6.187187 7.938261 8.712015 7.938261 6.187187 4.409836 3.581944 4.878232 6.127030 6.708652 6.321269 5.274945 4.126461 2.947705 3.701061 4.368591 4.656830 4.450245 3.889739 3.252357 2.872410 3.587688 4.143813 4.277719 3.923466 3.279013 2.653746,
 17.755501 21.744341 24.317009 24.196529 21.128773 16.539175 13.010477 20.502649 26.517117 31.517794 32.485687 29.173697 23.898838 19.155409 24.531382 32.457302 40.802200 43.541241 38.791466 31.370844 25.050810 27.011618 34.876900 44.461109 49.453537 44.461109 34.876900 27.011618 25.050810 31.370844 38.791466 43.541241 40.802200 32.457302 24.531382 19.155409 23.898838 29.173697 32.485687 31.517794 26.517117 20.502649 13.010477 16.539175 21.128773 24.196529 24.317009 21.744341 17.755501,
 41.061348 44.286800 46.426125 43.250046 35.810699 28.831684 24.829636 68.610626 81.289742 90.174210 86.885666 71.503525 53.438225 40.556580 87.404228 113.160614 135.974228 140.268906 120.167343 89.949921 64.894920 85.546822 117.289032 150.754700 166.582153 150.754700 117.289032 85.546822 64.894920 89.949921 120.167343 140.268906 135.974228 113.160614 87.404228 40.556580 53.438225 71.503525 86.885666 90.174210 81.289742 68.610626 24.829636 28.831684 35.810699 43.250046 46.426125 44.286800 41.061348,
 4.529143 5.321773 6.401386 7.443908 7.897477 7.269681 5.760231 13.514849 16.801336 20.069590 22.164936 21.546251 17.983850 13.613392 23.207359 29.995789 36.916958 40.971207 38.369045 30.685425 22.765865 27.244211 36.418846 46.081474 50.838516 46.081474 36.418846 27.244211 22.765865 30.685425 38.369045 40.971207 36.916958 29.995789 23.207359 13.613392 17.983850 21.546251 22.164936 20.069590 16.801336 13.514849 5.760231 7.269681 7.897477 7.443908 6.401386 5.321773 4.529143,
 0.063045 0.415553 0.753581 0.885766 0.719141 0.357184 0.017519 0.066269 0.483285 0.981402 1.352775 1.397588 1.100747 0.647951 0.265213 0.954969 1.777473 2.316496 2.210154 1.566839 0.841065 0.605281 1.617460 2.728742 3.245231 2.728742 1.617460 0.605281 0.841065 1.566839 2.210154 2.316496 1.777473 0.954969 0.265213 0.647951 1.100747 1.397588 1.352775 0.981402 0.483285 0.066269 0.017519 0.357184 0.719141 0.885766 0.753581 0.415553 0.063045,
 2.021097 3.864465 4.467106 3.731576 2.178244 0.078239 -1.747655 4.995084 7.547773 9.240813 8.734392 6.807951 4.620914 2.453631 7.801847 10.654953 13.800095 14.251486 11.660770 8.847912 6.760197 8.749194 11.163502 14.835543 16.958035 14.835543 11.163502 8.749194 6.760197 8.847912 11.660770 14.251486 13.800095 10.654953 7.801847 2.453631 4.620914 6.807951 8.734392 9.240813 7.547773 4.995084 -1.747655 0.078239 2.178244 3.731576 4.467106 3.864465 2.021097,
 2.562036 11.239996 18.924212 22.075401 18.254404 10.156153 1.719864 10.760616 21.576134 32.802311 37.839493 32.068722 20.774014 10.466833 19.009701 32.351776 47.845783 55.352776 47.231205 31.711472 18.721947 22.266338 36.772953 54.422371 63.514812 54.422371 36.772953 22.266338 18.721947 31.711472 47.231205 55.352776 47.845783 32.351776 19.009701 10.466833 20.774014 32.068722 37.839493 32.802311 21.576134 10.760616 1.719864 10.156153 18.254404 22.075401 18.924212 11.239996 2.562036,
 -0.068841 0.737423 0.847114 -0.513870 -2.182314 -3.504500 -4.187212 0.827397 2.621696 3.928816 3.784018 1.943737 -0.936900 -2.837659 1.682515 4.764628 8.256921 10.248911 7.802974 2.923440 -0.282748 1.549392 5.347888 10.688896 13.847851 10.688896 5.347888 1.549392 -0.282748 2.923440 7.802974 10.248911 8.256921 4.764628 1.682515 -2.837659 -0.936900 1.943737 3.784018 3.928816 2.621696 0.827397 -4.187212 -3.504500 -2.182314 -0.513870 0.847114 0.737423 -0.068841,

Pairwise cross-correlations of the modulus of all oriented sub-bands at the same scale (size QxQ)
 11.464834 9.923093 13.950743 13.962227,
 9.923093 121.389259 210.389328 59.100700,
 13.950743 210.389328 581.956665 228.891815,
 13.962227 59.100700 228.891815 154.462173,
 10.104119 7.712920 9.947250 9.677101,
 7.712920 56.056370 88.297874 24.512014,
 9.947250 88.297874 285.942871 125.275940,
 9.677101 24.512014 125.275940 98.253571,
 8.712015 8.186970 4.857512 6.262220,
 8.186970 49.453541 58.455894 11.325196,
 4.857512 58.455894 166.582153 59.233612,
 6.262220 11.325196 59.233612 50.838516,
 3.245231 3.626791 2.213195 1.445981,
 3.626791 16.958035 23.185635 2.375645,
 2.213195 23.185635 63.514824 14.630346,
 1.445981 2.375645 14.630346 13.847853,

Cross-correlations of the modulus of all oriented sub-bands with all oriented sub-bands at the coarser scale (size QxQ)
 7.556233 6.971355 8.544265 9.863369,
 10.364260 36.063736 56.204407 21.460840,
 18.365324 58.026539 135.721634 69.118858,
 12.688145 20.388023 64.011604 52.737423,
 5.975502 7.496291 5.148911 6.546753,
 7.022996 14.055564 17.407038 5.037959,
 11.190623 9.540319 26.070030 20.309139,
 9.179059 -1.644948 5.935215 23.318487,
 3.527159 4.857632 2.798096 2.403109,
 3.941879 15.067793 13.357904 0.413679,
 3.666554 20.252090 30.556936 3.152113,
 2.943406 5.449186 6.825610 6.608148,

Cross-correlations of the real part of each oriented sub-band with both the real and imaginary part of all phase-doubled oriented sub-bands at the next coarser scale (Q matrices of size 1x2Q, which are computed and stored in a matrix of size Qx2Q)
 -0.513106 -1.020560 -1.244302 -1.734923 1.282408 0.569400 -0.109739 -0.298306,
 -0.519008 -12.831607 -8.367790 -6.000677 0.694426 2.819122 -0.161572 -0.589788,
 -1.225624 -16.168446 -32.786705 -36.094158 0.236939 3.483794 -6.866102 -6.145607,
 -1.271003 -3.329959 -22.611616 -27.137939 0.439423 0.624564 -5.629985 -5.038824,
 -0.369381 -0.869848 -1.140224 -1.197106 0.644060 0.745587 0.582713 0.134559,
 -0.183090 -13.295079 -21.930630 -6.760231 0.396302 8.730170 8.966947 2.852655,
 -0.778547 -19.388336 -53.803421 -32.030815 -0.027692 7.911509 8.591696 6.050251,
 -1.081219 -4.393353 -22.755161 -21.390690 0.160550 -0.163328 0.262722 2.118513,
 0.183993 -0.380172 -0.910445 -1.733831 1.147759 0.226027 -0.149456 -0.108129,
 0.011306 -12.852953 -12.745275 -0.966329 0.729558 -1.234029 1.930805 2.009557,
 -0.360349 -19.899405 -19.168985 -8.687449 -0.093698 -3.189365 4.393370 2.906637,
 -0.445582 -3.277984 -6.036978 -11.372594 -0.012387 -0.623837 0.546090 -1.236993,
