Low-band skewness and kurtosis
 -0.759097 2.221808,
 -0.662726 2.110256,
 -0.549280 1.862706,
 -0.507839 1.725524,
 -0.536635 1.733777,

High-band variance
 791.363037,

Skewness, kurtosis, variance, mean, maximum and minimum of the reconstructed texture
 -0.850591 2.156824 6451.013184 193.085144 255.000000 1.000000,

Auto-correlations of the low-frequency bands at each scale
 3148.371582 3081.473389 3055.117920 3069.682373 3112.156982 3172.708740 3241.379883 3494.324707 3294.942871 3113.764404 3012.520752 3013.789307 3101.783691 3228.039062 4432.286133 4465.378906 4448.597656 4368.470703 4223.593750 4060.342041 3925.131836 4772.126465 5096.562012 5378.231445 5495.020508 5378.231445 5096.562012 4772.126465 3925.131836 4060.342041 4223.593750 4368.470703 4448.597656 4465.378906 4432.286133 3228.039062 3101.783691 3013.789307 3012.520752 3113.764404 3294.942871 3494.324707 3241.379883 3172.708740 3112.156982 3069.682373 3055.117920 3081.473389 3148.371582,
 3095.347656 3068.594971 3063.092285 3073.364746 3086.958008 3100.747803 3113.845215 3263.540283 3156.710693 3064.452637 3022.802734 3044.984863 3123.427979 3220.514404 3782.933594 3814.191162 3821.432861 3786.326660 3706.935303 3625.579834 3570.702637 3980.279297 4179.993164 4365.680176 4446.195312 4365.680176 4179.993164 3980.279297 3570.702637 3625.579834 3706.935303 3786.326660 3821.432861 3814.191162 3782.933594 3220.514404 3123.427979 3044.984863 3022.802734 3064.452637 3156.710693 3263.540283 3113.845215 3100.747803 3086.958008 3073.364746 3063.092285 3068.594971 3095.347656,
 2720.349854 2699.051025 2686.890137 2673.276367 2651.974121 2633.679443 2626.203857 3076.320068 3033.414307 2993.456787 2964.989990 2950.589111 2957.097412 2976.307373 3414.276611 3446.178955 3472.386719 3469.900146 3427.698730 3374.917236 3334.384521 3572.103027 3677.141846 3782.409180 3830.244629 3782.409180 3677.141846 3572.103027 3334.384521 3374.917236 3427.698730 3469.900146 3472.386719 3446.178955 3414.276611 2976.307373 2957.097412 2950.589111 2964.989990 2993.456787 3033.414307 3076.320068 2626.203857 2633.679443 2651.974121 2673.276367 2686.890137 2699.051025 2720.349854,
 1004.359131 1001.349365 1000.282837 991.302734 974.654175 958.757324 944.486694 2202.939209 2182.880615 2161.332031 2143.105225 2129.894531 2127.030518 2127.355713 3099.917969 3126.577881 3144.309570 3132.656738 3082.466797 3024.493408 2982.279785 3369.240723 3445.836426 3529.413818 3569.382324 3529.413818 3445.836426 3369.240723 2982.279785 3024.493408 3082.466797 3132.656738 3144.309570 3126.577881 3099.917969 2127.355713 2127.030518 2129.894531 2143.105225 2161.332031 2182.880615 2202.939209 944.486694 958.757324 974.654175 991.302734 1000.282837 1001.349365 1004.359131,
 -2112.416504 -2136.349121 -2183.051758 -2217.693115 -2210.061035 -2173.220703 -2137.631348 -232.663589 -227.347382 -252.593369 -296.137726 -330.613831 -332.825714 -303.942810 2158.432617 2206.704102 2239.282959 2223.804932 2159.350342 2099.106934 2086.094727 3268.418701 3325.340332 3405.462891 3446.296875 3405.462891 3325.340332 3268.418701 2086.094727 2099.106934 2159.350342 2223.804932 2239.282959 2206.704102 2158.432617 -303.942810 -332.825714 -330.613831 -296.137726 -252.593369 -227.347382 -232.663589 -2137.631348 -2173.220703 -2210.061035 -2217.693115 -2183.051758 -2136.349121 -2112.416504,

Auto-correlations of the modulus of each oriented sub-band
 6.010252 6.977372 7.770937 7.997265 7.492104 6.459981 5.288153 6.690644 7.878699 8.796674 9.044237 8.492957 7.356582 6.047505 7.455531 9.159756 10.690865 11.399997 10.818447 9.169329 7.202594 7.874676 10.328038 12.765530 13.858186 12.765530 10.328038 7.874676 7.202594 9.169329 10.818447 11.399997 10.690865 9.159756 7.455531 6.047505 7.356582 8.492957 9.044237 8.796674 7.878699 6.690644 5.288153 6.459981 7.492104 7.997265 7.770937 6.977372 6.010252,
 55.317024 58.999062 63.283005 66.870926 69.397888 71.935097 74.846672 69.722649 77.330757 86.269127 91.231705 90.232887 87.578209 86.156212 84.396286 96.003433 110.760422 118.056213 111.786270 101.178375 93.753708 93.563728 105.462776 121.806076 130.927795 121.806076 105.462776 93.563728 93.753708 101.178375 111.786270 118.056213 110.760422 96.003433 84.396286 86.156212 87.578209 90.232887 91.231705 86.269127 77.330757 69.722649 74.846672 71.935097 69.397888 66.870926 63.283005 58.999062 55.317024,
 334.496552 342.825592 350.188416 351.788300 345.588623 336.259674 328.486969 391.822296 418.260742 443.307159 452.265289 436.255096 406.092041 377.673676 444.870544 495.648010 546.737000 568.565063 541.354553 485.794739 432.620544 462.533356 526.506165 593.147766 624.628113 593.147766 526.506165 462.533356 432.620544 485.794739 541.354553 568.565063 546.737000 495.648010 444.870544 377.673676 406.092041 436.255096 452.265289 443.307159 418.260742 391.822296 328.486969 336.259674 345.588623 351.788300 350.188416 342.825592 334.496552,
 135.500870 134.996017 132.423477 127.217972 119.729805 111.436905 104.015137 154.378403 159.911774 162.592621 159.814819 150.206665 136.337524 122.807907 167.190765 181.615311 193.731705 197.031799 186.513748 166.867844 146.849854 165.036011 186.126038 206.288498 215.433746 206.288498 186.126038 165.036011 146.849854 166.867844 186.513748 197.031799 193.731705 181.615311 167.190765 122.807907 136.337524 150.206665 159.814819 162.592621 159.911774 154.378403 104.015137 111.436905 119.729805 127.217972 132.423477 134.996017 135.500870,
 4.370954 5.169409 5.831957 6.071954 5.747046 4.971283 4.027699 4.871062 5.907208 6.752730 7.061248 6.643911 5.638992 4.440248 5.375659 6.976777 8.509287 9.210369 8.572336 6.955715 5.189631 5.678952 7.855976 10.112040 11.150311 10.112040 7.855976 5.678952 5.189631 6.955715 8.572336 9.210369 8.509287 6.976777 5.375659 4.440248 5.638992 6.643911 7.061248 6.752730 5.907208 4.871062 4.027699 4.971283 5.747046 6.071954 5.831957 5.169409 4.370954,
 22.509560 26.770351 31.193911 34.937508 37.879372 40.064259 41.462109 31.223160 38.295525 45.572933 49.838398 50.889805 50.840157 50.149414 41.329327 50.739124 61.238358 66.259827 63.302811 58.054218 53.473896 49.883682 58.367191 68.625488 74.237663 68.625488 58.367191 49.883682 53.473896 58.054218 63.302811 66.259827 61.238358 50.739124 41.329327 50.149414 50.840157 50.889805 49.838398 45.572933 38.295525 31.223160 41.462109 40.064259 37.879372 34.937508 31.193911 26.770351 22.509560,
 137.691330 147.034439 154.332870 155.880646 151.565201 145.833511 141.563034 173.141266 194.376724 213.600739 219.162323 206.216919 185.649887 168.818756 202.188812 238.151764 274.521454 288.811737 267.433502 228.857605 195.430908 210.390503 252.739136 299.177063 321.779724 299.177063 252.739136 210.390503 195.430908 228.857605 267.433502 288.811737 274.521454 238.151764 202.188812 168.818756 185.649887 206.216919 219.162323 213.600739 194.376724 173.141266 141.563034 145.833511 151.565201 155.880646 154.332870 147.034439 137.691330,
 58.996593 59.587605 58.952827 56.418861 51.831909 45.901157 40.407001 72.486923 77.410507 80.348152 79.577179 73.520164 63.282181 53.103401 80.578491 91.739235 101.841766 105.715042 98.401184 83.089577 68.013977 78.877609 94.703087 110.961472 118.675674 110.961472 94.703087 78.877609 68.013977 83.089577 98.401184 105.715042 101.841766 91.739235 80.578491 53.103401 63.282181 73.520164 79.577179 80.348152 77.410507 72.486923 40.407001 45.901157 51.831909 56.418861 58.952827 59.587605 58.996593,
 2.308162 3.200758 3.931550 4.294508 4.141167 3.456641 2.458472 2.886506 4.069269 5.131699 5.693914 5.478969 4.515604 3.140957 3.842983 5.648440 7.319901 8.125349 7.584566 5.979868 4.045741 4.511118 6.787712 8.923887 9.862105 8.923887 6.787712 4.511118 4.045741 5.979868 7.584566 8.125349 7.319901 5.648440 3.842983 3.140957 4.515604 5.478969 5.693914 5.131699 4.069269 2.886506 2.458472 3.456641 4.141167 4.294508 3.931550 3.200758 2.308162,
 3.573315 5.068070 6.745578 8.002162 8.680520 8.770782 8.283853 8.790764 11.817595 14.376547 15.113399 14.684484 14.171831 13.170389 13.860821 18.531038 23.264236 24.418941 21.703880 18.624208 16.280956 16.524227 20.842314 26.372528 29.420263 26.372528 20.842314 16.524227 16.280956 18.624208 21.703880 24.418941 23.264236 18.531038 13.860821 13.170389 14.171831 14.684484 15.113399 14.376547 11.817595 8.790764 8.283853 8.770782 8.680520 8.002162 6.745578 5.068070 3.573315,
 21.463730 30.184797 39.521057 41.794651 36.149429 28.764502 23.749622 34.714710 49.855682 66.395264 72.300110 63.348145 49.392685 38.787670 49.617844 70.783112 94.999687 105.602325 92.821877 70.525574 52.692520 57.434151 80.011414 107.095383 120.933632 107.095383 80.011414 57.434151 52.692520 70.525574 92.821877 105.602325 94.999687 70.783112 49.617844 38.787670 49.392685 63.348145 72.300110 66.395264 49.855682 34.714710 23.749622 28.764502 36.149429 41.794651 39.521057 30.184797 21.463730,
 9.687813 9.433457 8.834171 7.746956 6.548779 5.523385 4.617362 14.440948 16.356688 17.847368 18.403069 17.578115 14.927114 11.367927 19.037481 24.370457 29.679508 32.932842 31.255337 25.033413 17.978216 20.823744 28.750235 36.819534 40.697697 36.819534 28.750235 20.823744 17.978216 25.033413 31.255337 32.932842 29.679508 24.370457 19.037481 11.367927 14.927114 17.578115 18.403069 17.847368 16.356688 14.440948 4.617362 5.523385 6.548779 7.746956 8.834171 9.433457 9.687813,
 0.408364 1.071280 1.687471 1.856658 1.418040 0.725104 0.216003 0.977469 1.981493 2.922032 3.215013 2.631386 1.658126 0.943944 1.724420 3.411338 5.114343 5.770295 4.869762 3.170227 1.737511 2.052783 4.121015 6.433421 7.523339 6.433421 4.121015 2.052783 1.737511 3.170227 4.869762 5.770295 5.114343 3.411338 1.724420 0.943944 1.658126 2.631386 3.215013 2.922032 1.981493 0.977469 0.216003 0.725104 1.418040 1.856658 1.687471 1.071280 0.408364,
 0.645204 1.364044 1.348429 0.657086 -0.095355 -0.348106 -0.283299 0.782996 2.479637 3.655852 3.141700 1.490684 0.337533 0.255788 1.311800 3.850886 6.766734 7.232957 4.608901 1.869634 0.970476 1.382102 3.558769 7.357113 9.568624 7.357113 3.558769 1.382102 0.970476 1.869634 4.608901 7.232957 6.766734 3.850886 1.311800 0.255788 0.337533 1.490684 3.141700 3.655852 2.479637 0.782996 -0.283299 -0.348106 -0.095355 0.657086 1.348429 1.364044 0.645204,
 -3.664249 -0.885734 4.057689 6.512666 4.794641 0.934133 -3.357386 -1.915748 2.569878 10.443956 14.486942 10.427755 3.120277 -2.663042 -0.019260 6.327318 17.125154 22.985687 16.834288 6.336787 -0.667603 0.593578 7.929723 19.935482 26.900604 19.935482 7.929723 0.593578 -0.667603 6.336787 16.834288 22.985687 17.125154 6.327318 -0.019260 -2.663042 3.120277 10.427755 14.486942 10.443956 2.569878 -1.915748 -3.357386 0.934133 4.794641 6.512666 4.057689 -0.885734 -3.664249,
 2.051995 4.403112 5.919139 6.054883 4.482142 1.571584 -1.463096 2.235638 6.287726 10.316755 12.947454 12.135443 7.745468 2.447695 3.295910 9.665688 16.622482 21.052113 19.155075 12.224316 4.813963 4.731365 12.614735 20.936104 24.936327 20.936104 12.614735 4.731365 4.813963 12.224316 19.155075 21.052113 16.622482 9.665688 3.295910 2.447695 7.745468 12.135443 12.947454 10.316755 6.287726 2.235638 -1.463096 1.571584 4.482142 6.054883 5.919139 4.403112 2.051995,

Pairwise cross-correlations of the modulus of all oriented sub-bands at the same scale (size QxQ)
 13.858186 16.280506 26.662516 23.256287,
 16.280506 130.927795 206.914185 67.581497,
 26.662516 206.914185 624.628235 299.029266,
 23.256287 67.581497 299.029266 215.433777,
 11.150312 9.613853 14.767281 13.949814,
 9.613853 74.237671 105.510208 30.403681,
 14.767281 105.510208 321.779694 149.282608,
 13.949814 30.403681 149.282608 118.675690,
 9.862106 7.043160 6.724650 7.324993,
 7.043160 29.420265 38.704033 13.145109,
 6.724650 38.704033 120.933632 50.345123,
 7.324993 13.145109 50.345123 40.697701,
 7.523339 3.221697 5.994819 8.134801,
 3.221697 9.568625 3.606411 0.475686,
 5.994819 3.606411 26.900606 18.049322,
 8.134801 0.475686 18.049322 24.936327,

Cross-correlations of the modulus of all oriented sub-bands with all oriented sub-bands at the coarser scale (size QxQ)
 8.874031 9.461968 15.405497 15.559278,
 13.622267 61.648396 90.292007 35.365810,
 26.758066 91.084442 222.345840 125.754890,
 19.069513 28.095245 108.145645 92.039398,
 6.772792 6.824710 7.998011 7.916215,
 7.812646 24.390154 30.068426 7.275342,
 9.806314 37.232944 92.483765 41.038284,
 7.307637 14.071586 48.954151 35.516129,
 6.541718 3.143983 4.193696 6.091928,
 4.882779 6.150429 4.627266 4.592783,
 7.016672 4.099797 17.621641 17.903660,
 6.181924 1.338374 10.566465 16.044472,

Cross-correlations of the real part of each oriented sub-band with both the real and imaginary part of all phase-doubled oriented sub-bands at the next coarser scale (Q matrices of size 1x2Q, which are computed and stored in a matrix of size Qx2Q)
 -1.774017 -2.830199 -3.075168 -3.157123 0.946860 0.006898 0.033786 -0.048286,
 -2.144846 -31.938093 -20.474279 -1.108211 0.215067 -6.062180 -6.223651 0.422893,
 -3.369041 -33.127281 -11.006598 -9.860003 0.009225 -10.112278 -5.934642 2.695659,
 -3.549235 -2.813830 1.264574 -16.236197 0.467145 -1.840227 2.609169 1.776385,
 -0.135831 -1.251601 -1.495662 -2.159898 0.168780 0.000247 0.277478 0.747621,
 -0.446242 -9.187490 -3.707692 -0.816729 0.092747 3.693869 8.884397 3.849365,
 -1.505774 -6.589643 -2.892138 -10.215695 -0.190419 8.685457 33.081657 19.127262,
 -1.547866 0.027194 -4.069745 -13.116960 -0.351237 2.657597 16.041021 12.370434,
 -1.342582 -0.845959 -0.410931 -1.365976 -1.519533 -0.033263 -0.179098 -0.213388,
 -0.595717 -2.129480 2.962754 0.026197 -0.357378 0.758747 3.583196 -0.513134,
 -0.123178 -0.041694 3.584428 -7.262364 0.125884 1.429657 4.582442 -6.662592,
 -0.691066 0.342735 -2.788475 -9.367781 -0.811050 0.492466 -0.996958 -6.040498,
