Low-band skewness and kurtosis
 -0.756230 2.366988,
 -0.667851 2.369667,
 -0.597146 2.195417,
 -0.555681 2.007777,
 -0.415852 1.693448,

High-band variance
 855.984375,

Skewness, kurtosis, variance, mean, maximum and minimum of the reconstructed texture
 -0.835683 2.191722 6146.412598 192.910400 255.000000 0.000000,

Auto-correlations of the low-frequency bands at each scale
 2518.342041 2444.587891 2397.164795 2380.643311 2392.539795 2427.162598 2479.600342 2697.056152 2492.072754 2328.145508 2257.673828 2298.761230 2433.784180 2611.640137 3667.295654 3743.440674 3798.336914 3805.035156 3744.913574 3651.114990 3557.397217 4313.114258 4677.689453 4983.636230 5109.039062 4983.636230 4677.689453 4313.114258 3557.397217 3651.114990 3744.913574 3805.035156 3798.336914 3743.440674 3667.295654 2611.640137 2433.784180 2298.761230 2257.673828 2328.145508 2492.072754 2697.056152 2479.600342 2427.162598 2392.539795 2380.643311 2397.164795 2444.587891 2518.342041,
 2478.267334 2430.500732 2398.097168 2383.627686 2386.006836 2404.235107 2438.197998 2619.618896 2476.887939 2356.937500 2299.986084 2319.750977 2403.887939 2516.605225 3093.924805 3132.469482 3160.916016 3159.687744 3113.892090 3049.660889 2992.284668 3387.107178 3616.373779 3819.864502 3906.017090 3819.864502 3616.373779 3387.107178 2992.284668 3049.660889 3113.892090 3159.687744 3160.916016 3132.469482 3093.924805 2516.605225 2403.887939 2319.750977 2299.986084 2356.937500 2476.887939 2619.618896 2438.197998 2404.235107 2386.006836 2383.627686 2398.097168 2430.500732 2478.267334,
 1982.347046 1977.651245 1975.463379 1973.504761 1974.821289 1980.277466 1984.640747 2410.651855 2369.573486 2330.056641 2304.722168 2303.619629 2330.840576 2370.471191 2814.342773 2829.976074 2842.578857 2833.421875 2793.072998 2749.085938 2722.903320 2940.343262 3037.595459 3139.625000 3186.787354 3139.625000 3037.595459 2940.343262 2722.903320 2749.085938 2793.072998 2833.421875 2842.578857 2829.976074 2814.342773 2370.471191 2330.840576 2303.619629 2304.722168 2330.056641 2369.573486 2410.651855 1984.640747 1980.277466 1974.821289 1973.504761 1975.463379 1977.651245 1982.347046,
 840.302307 820.987427 804.214783 791.990784 786.736389 783.986328 776.533386 1684.598145 1641.407104 1595.515015 1560.670654 1549.747437 1567.408813 1601.032227 2438.074219 2457.172607 2468.078125 2460.367188 2432.097656 2407.906006 2403.104004 2780.128662 2843.335693 2907.849609 2938.179443 2907.849609 2843.335693 2780.128662 2403.104004 2407.906006 2432.097656 2460.367188 2468.078125 2457.172607 2438.074219 1601.032227 1567.408813 1549.747437 1560.670654 1595.515015 1641.407104 1684.598145 776.533386 783.986328 786.736389 791.990784 804.214783 820.987427 840.302307,
 -1755.231323 -1764.820679 -1769.807617 -1766.227539 -1753.704346 -1740.798218 -1737.553345 -97.077194 -108.532440 -126.169037 -141.036423 -142.744934 -128.904800 -109.607727 1763.068970 1780.511841 1785.279785 1770.281982 1742.907959 1723.819946 1725.039917 2590.931885 2619.578857 2654.463867 2670.908691 2654.463867 2619.578857 2590.931885 1725.039917 1723.819946 1742.907959 1770.281982 1785.279785 1780.511841 1763.068970 -109.607727 -128.904800 -142.744934 -141.036423 -126.169037 -108.532440 -97.077194 -1737.553345 -1740.798218 -1753.704346 -1766.227539 -1769.807617 -1764.820679 -1755.231323,

Auto-correlations of the modulus of each oriented sub-band
 5.818065 7.335174 8.691655 9.208811 8.612735 7.238538 5.696185 6.172487 7.792095 9.220045 9.826937 9.306786 7.924151 6.297985 7.185114 9.472003 11.448452 12.301105 11.573231 9.622602 7.336841 7.825410 10.825804 13.843956 15.205460 13.843956 10.825804 7.825410 7.336841 9.622602 11.573231 12.301105 11.448452 9.472003 7.185114 6.297985 7.924151 9.306786 9.826937 9.220045 7.792095 6.172487 5.696185 7.238538 8.612735 9.208811 8.691655 7.335174 5.818065,
 69.510307 74.651062 79.896423 83.779251 85.328384 85.433990 85.425270 87.251701 97.119293 107.319618 112.719635 111.312737 107.001892 102.947823 106.509781 121.469833 138.131393 146.004517 139.296402 126.900345 116.297836 118.188995 133.895447 152.509720 162.294815 152.509720 133.895447 118.188995 116.297836 126.900345 139.296402 146.004517 138.131393 121.469833 106.509781 102.947823 107.001892 111.312737 112.719635 107.319618 97.119293 87.251701 85.425270 85.433990 85.328384 83.779251 79.896423 74.651062 69.510307,
 298.247772 307.269806 314.161865 313.921661 303.113953 285.995697 269.193146 357.763123 386.481293 414.556763 424.548431 404.377686 365.869415 328.554932 408.919861 464.860840 522.953979 548.350159 516.434692 451.344910 389.689392 423.167755 494.594269 570.694946 606.960693 570.694946 494.594269 423.167755 389.689392 451.344910 516.434692 548.350159 522.953979 464.860840 408.919861 328.554932 365.869415 404.377686 424.548431 414.556763 386.481293 357.763123 269.193146 285.995697 303.113953 313.921661 314.161865 307.269806 298.247772,
 104.483276 102.644920 99.473694 94.546875 87.424652 79.359901 72.130539 122.895226 126.469528 128.764618 127.110390 118.451317 105.206894 92.547569 134.434372 146.321518 158.292603 163.064026 152.919067 133.654129 115.493668 131.930847 150.319946 170.272278 180.240936 170.272278 150.319946 131.930847 115.493668 133.654129 152.919067 163.064026 158.292603 146.321518 134.434372 92.547569 105.206894 118.451317 127.110390 128.764618 126.469528 122.895226 72.130539 79.359901 87.424652 94.546875 99.473694 102.644920 104.483276,
 4.218734 5.001538 5.621566 5.744803 5.319388 4.584823 3.868231 4.261371 5.194784 5.958070 6.178140 5.778047 4.991733 4.163237 4.656264 6.205028 7.740180 8.425842 7.811182 6.341843 4.826577 5.076582 7.240423 9.542152 10.608206 9.542152 7.240423 5.076582 4.826577 6.341843 7.811182 8.425842 7.740180 6.205028 4.656264 4.163237 4.991733 5.778047 6.178140 5.958070 5.194784 4.261371 3.868231 4.584823 5.319388 5.744803 5.621566 5.001538 4.218734,
 39.707264 42.364689 44.674294 45.855766 45.851494 45.111172 43.570354 45.585251 53.151058 60.194527 63.230564 61.795891 58.215267 53.881302 53.419903 66.126366 79.018486 84.406715 79.416328 69.806221 60.337017 59.695988 73.268097 87.895470 95.072945 87.895470 73.268097 59.695988 60.337017 69.806221 79.416328 84.406715 79.018486 66.126366 53.419903 53.881302 58.215267 61.795891 63.230564 60.194527 53.151058 45.585251 43.570354 45.111172 45.851494 45.855766 44.674294 42.364689 39.707264,
 111.908279 114.825439 119.727051 122.554535 117.360535 108.722900 101.311844 137.787354 158.403976 182.452774 195.191010 183.747177 158.273575 133.781555 162.747269 205.068420 252.626129 276.915588 255.067627 207.263550 162.623917 173.945526 227.249283 286.382660 315.643311 286.382660 227.249283 173.945526 162.623917 207.263550 255.067627 276.915588 252.626129 205.068420 162.747269 133.781555 158.273575 183.747177 195.191010 182.452774 158.403976 137.787354 101.311844 108.722900 117.360535 122.554535 119.727051 114.825439 111.908279,
 51.730843 51.498848 50.352757 48.483368 45.811970 42.345047 38.881882 61.271175 64.870056 67.582832 67.810318 63.349709 54.779556 46.020649 67.923149 77.779099 87.569893 92.059189 85.536949 71.272003 57.349953 66.614487 81.250755 96.771332 104.268822 96.771332 81.250755 66.614487 57.349953 71.272003 85.536949 92.059189 87.569893 77.779099 67.923149 46.020649 54.779556 63.349709 67.810318 67.582832 64.870056 61.271175 38.881882 42.345047 45.811970 48.483368 50.352757 51.498848 51.730843,
 3.085613 3.407147 3.600112 3.565982 3.338930 3.060717 2.831502 3.552347 3.956936 4.306946 4.416624 4.198441 3.802727 3.475406 4.633443 5.454831 6.336419 6.711366 6.255185 5.338657 4.558764 5.489837 6.763375 8.224499 8.921739 8.224499 6.763375 5.489837 4.558764 5.338657 6.255185 6.711366 6.336419 5.454831 4.633443 3.475406 3.802727 4.198441 4.416624 4.306946 3.956936 3.552347 2.831502 3.060717 3.338930 3.565982 3.600112 3.407147 3.085613,
 8.988737 8.736981 8.082351 7.294939 6.543560 5.588685 4.343357 9.211148 10.888860 12.094113 12.140590 11.394275 10.233314 8.577523 10.812723 15.371916 19.900972 21.341061 19.087870 15.442675 11.919401 12.402659 17.802555 23.941753 27.036758 23.941753 17.802555 12.402659 11.919401 15.442675 19.087870 21.341061 19.900972 15.371916 10.812723 8.577523 10.233314 11.394275 12.140590 12.094113 10.888860 9.211148 4.343357 5.588685 6.543560 7.294939 8.082351 8.736981 8.988737,
 11.865980 17.438087 22.276281 20.660437 10.508623 -0.023337 -3.143670 18.414255 28.999334 41.089531 43.760082 30.992516 14.019785 4.758494 23.892952 41.869217 64.785835 74.594940 58.714535 32.848175 15.232689 23.114847 44.961735 74.665184 90.467682 74.665184 44.961735 23.114847 15.232689 32.848175 58.714535 74.594940 64.785835 41.869217 23.892952 4.758494 14.019785 30.992516 43.760082 41.089531 28.999334 18.414255 -3.143670 -0.023337 10.508623 20.660437 22.276281 17.438087 11.865980,
 11.877334 12.539473 12.344822 11.508423 9.972795 7.932318 6.099330 15.574568 18.729774 20.764816 21.379250 19.660591 15.468795 10.635424 19.180304 25.452412 31.516388 35.162071 32.517410 24.415775 16.186655 19.708382 28.356937 37.931328 42.785221 37.931328 28.356937 19.708382 16.186655 24.415775 32.517410 35.162071 31.516388 25.452412 19.180304 10.635424 15.468795 19.660591 21.379250 20.764816 18.729774 15.574568 6.099330 7.932318 9.972795 11.508423 12.344822 12.539473 11.877334,
 0.570425 1.359670 2.107933 2.470423 2.236190 1.583060 0.902605 0.855763 1.382838 2.021198 2.451898 2.433535 2.002330 1.430029 1.061964 1.818064 2.780060 3.407107 3.269582 2.472749 1.532586 1.573290 3.024940 4.558075 5.250871 4.558075 3.024940 1.573290 1.532586 2.472749 3.269582 3.407107 2.780060 1.818064 1.061964 1.430029 2.002330 2.433535 2.451898 2.021198 1.382838 0.855763 0.902605 1.583060 2.236190 2.470423 2.107933 1.359670 0.570425,
 0.158068 2.987702 6.134718 9.160089 11.052057 11.241129 10.045925 4.721440 8.784655 12.852077 15.711319 16.679661 15.791584 13.375346 8.971631 13.682370 18.856812 21.517654 20.477264 17.733604 14.410840 12.581419 16.792315 21.620958 24.158587 21.620958 16.792315 12.581419 14.410840 17.733604 20.477264 21.517654 18.856812 13.682370 8.971631 13.375346 15.791584 16.679661 15.711319 12.852077 8.784655 4.721440 10.045925 11.241129 11.052057 9.160089 6.134718 2.987702 0.158068,
 -12.316475 0.988656 16.783199 27.760391 30.323635 30.208157 30.361401 9.573965 28.542555 49.431206 63.204315 63.291054 57.046913 49.202660 32.666039 55.814072 79.842743 94.276062 89.325653 74.360962 57.228577 50.770069 73.951004 96.347076 107.551163 96.347076 73.951004 50.770069 57.228577 74.360962 89.325653 94.276062 79.842743 55.814072 32.666039 49.202660 57.046913 63.291054 63.204315 49.431206 28.542555 9.573965 30.361401 30.208157 30.323635 27.760391 16.783199 0.988656 -12.316475,
 -3.414014 -0.239345 3.641450 7.552563 10.437855 12.187290 13.080619 2.839431 7.846322 13.195059 17.805197 20.071390 20.128094 18.921509 10.284997 16.469362 22.810513 27.324066 27.479645 24.338945 20.226517 16.825518 22.900528 28.757259 31.567272 28.757259 22.900528 16.825518 20.226517 24.338945 27.479645 27.324066 22.810513 16.469362 10.284997 18.921509 20.128094 20.071390 17.805197 13.195059 7.846322 2.839431 13.080619 12.187290 10.437855 7.552563 3.641450 -0.239345 -3.414014,

Pairwise cross-correlations of the modulus of all oriented sub-bands at the same scale (size QxQ)
 15.205461 20.124857 29.982290 22.810413,
 20.124857 162.294861 235.283508 64.517776,
 29.982290 235.283508 606.960693 247.954376,
 22.810413 64.517776 247.954376 180.240967,
 10.608205 13.181531 18.961407 14.537748,
 13.181531 95.072960 124.707108 32.526039,
 18.961407 124.707108 315.643311 128.328003,
 14.537748 32.526039 128.328003 104.268837,
 8.921740 5.653521 5.149073 6.491044,
 5.653521 27.036758 28.234173 12.415915,
 5.149073 28.234173 90.467682 43.129833,
 6.491044 12.415915 43.129833 42.785225,
 5.250870 5.912414 4.865446 6.824134,
 5.912414 24.158590 36.593399 20.931641,
 4.865446 36.593399 107.551163 43.752518,
 6.824134 20.931641 43.752518 31.567272,

Cross-correlations of the modulus of all oriented sub-bands with all oriented sub-bands at the coarser scale (size QxQ)
 8.795153 13.054862 13.510284 13.634731,
 16.869665 66.762924 80.964500 29.102343,
 31.183422 88.641228 166.398651 89.644455,
 16.298264 25.371254 70.275093 67.328796,
 6.413439 6.496411 4.650095 6.774261,
 12.126541 21.905794 19.635708 7.731985,
 18.721628 27.409786 61.763344 35.191547,
 11.084264 11.061414 34.293381 33.450542,
 4.911918 7.520366 6.190867 8.919505,
 3.853184 7.812659 3.434543 5.925879,
 3.449605 8.447069 22.894600 10.703222,
 4.074114 11.220525 21.446093 13.051540,

Cross-correlations of the real part of each oriented sub-band with both the real and imaginary part of all phase-doubled oriented sub-bands at the next coarser scale (Q matrices of size 1x2Q, which are computed and stored in a matrix of size Qx2Q)
 -1.309914 -2.341095 -2.447446 -3.283567 0.447546 0.862371 0.356612 0.104127,
 -2.024430 -28.043320 -21.079496 -4.691159 0.380610 6.743080 -1.727576 -1.473179,
 -2.971629 -29.875507 -42.788822 -35.936481 0.169191 5.103814 -10.003416 -6.603438,
 -2.320519 -3.638419 -22.946360 -33.436569 -0.015755 -0.407579 -3.768539 -3.285445,
 0.808654 -0.815723 -0.648496 -0.627141 0.546038 -0.476217 -0.065878 0.232731,
 0.117484 -12.005635 -9.444656 -1.318720 0.103001 -3.658252 -3.943608 -1.852690,
 -0.595160 -14.178667 -20.755671 -9.975281 -0.365963 -4.262858 -9.367493 -6.228430,
 -0.354619 -2.201634 -8.928494 -8.713040 -0.260276 -1.000617 -4.098314 -2.130193,
 -0.136867 -0.376714 0.264980 0.020050 0.244737 0.093114 -0.009889 0.499421,
 -0.108842 -1.637063 -4.883965 -3.230741 0.244991 -2.775074 -3.286876 -0.150855,
 -0.097826 -4.477998 -22.377945 -9.903723 0.006947 -3.490180 -6.049302 1.710801,
 0.108475 -1.900716 -9.957392 -3.380185 0.063223 -0.223114 -1.645936 3.274310,
