Low-band skewness and kurtosis
 -0.576915 2.181573,
 -0.477563 2.190007,
 -0.237025 1.860137,
 -0.064944 1.499581,
 -0.062374 1.629541,

High-band variance
 946.391174,

Skewness, kurtosis, variance, mean, maximum and minimum of the reconstructed texture
 -0.686144 1.972860 5907.423340 189.264587 255.000000 4.000000,

Auto-correlations of the low-frequency bands at each scale
 1436.337769 1405.183838 1379.744873 1366.785767 1372.017090 1404.039795 1467.376099 1421.723877 1305.945312 1232.299927 1238.872925 1337.068726 1511.352051 1715.192627 2783.451904 2899.473145 3036.040039 3151.787109 3207.716797 3211.507324 3177.557861 4059.581055 4376.435547 4642.455566 4751.536621 4642.455566 4376.435547 4059.581055 3177.557861 3211.507324 3207.716797 3151.787109 3036.040039 2899.473145 2783.451904 1715.192627 1511.352051 1337.068726 1238.872925 1232.299927 1305.945312 1421.723877 1467.376099 1404.039795 1372.017090 1366.785767 1379.744873 1405.183838 1436.337769,
 1600.350464 1600.551514 1591.908203 1578.682129 1569.289795 1577.129639 1610.134888 1406.416016 1333.513184 1286.363770 1291.469482 1356.795898 1476.144531 1620.886719 2059.001709 2129.680420 2232.517334 2331.030762 2383.153564 2393.123779 2376.118408 2837.545166 3045.361572 3230.524170 3309.665527 3230.524170 3045.361572 2837.545166 2376.118408 2393.123779 2383.153564 2331.030762 2232.517334 2129.680420 2059.001709 1620.886719 1476.144531 1356.795898 1291.469482 1286.363770 1333.513184 1406.416016 1610.134888 1577.129639 1569.289795 1578.682129 1591.908203 1600.551514 1600.350464,
 1464.925659 1459.037476 1436.087036 1397.990723 1349.919067 1310.446411 1296.407593 1574.550537 1532.833740 1506.959595 1502.767212 1517.010132 1553.997803 1607.525879 1759.880371 1814.425659 1903.477905 1990.273193 2035.544800 2047.123169 2039.469482 2116.379883 2232.257568 2343.997803 2394.790283 2343.997803 2232.257568 2116.379883 2039.469482 2047.123169 2035.544800 1990.273193 1903.477905 1814.425659 1759.880371 1607.525879 1553.997803 1517.010132 1502.767212 1506.959595 1532.833740 1574.550537 1296.407593 1310.446411 1349.919067 1397.990723 1436.087036 1459.037476 1464.925659,
 482.610443 490.246948 503.045349 520.380493 535.579407 547.281006 555.647278 1054.587402 1056.912598 1070.906006 1092.974976 1107.406738 1116.550781 1127.980713 1600.294922 1642.040527 1695.989502 1733.650879 1724.015381 1688.117188 1658.548828 1875.470825 1946.562744 2025.548462 2064.182617 2025.548462 1946.562744 1875.470825 1658.548828 1688.117188 1724.015381 1733.650879 1695.989502 1642.040527 1600.294922 1127.980713 1116.550781 1107.406738 1092.974976 1070.906006 1056.912598 1054.587402 555.647278 547.281006 535.579407 520.380493 503.045349 490.246948 482.610443,
 -1153.273071 -1183.942383 -1219.425415 -1228.292603 -1191.144897 -1141.736084 -1122.090454 -85.011856 -107.843369 -103.494202 -76.658829 -43.988983 -21.608475 -22.882181 1108.346436 1120.548828 1178.163208 1232.457642 1234.208862 1200.551514 1165.215332 1684.460205 1730.574951 1807.336792 1849.347656 1807.336792 1730.574951 1684.460205 1165.215332 1200.551514 1234.208862 1232.457642 1178.163208 1120.548828 1108.346436 -22.882181 -21.608475 -43.988983 -76.658829 -103.494202 -107.843369 -85.011856 -1122.090454 -1141.736084 -1191.144897 -1228.292603 -1219.425415 -1183.942383 -1153.273071,

Auto-correlations of the modulus of each oriented sub-band
 4.873605 6.165004 7.324367 7.877758 7.596839 6.683812 5.560950 5.548558 7.053815 8.357752 8.974980 8.647047 7.558528 6.196640 6.792629 9.048989 10.887816 11.541189 10.779616 9.064570 7.072539 7.454906 10.241231 12.923339 14.102882 12.923339 10.241231 7.454906 7.072539 9.064570 10.779616 11.541189 10.887816 9.048989 6.792629 6.196640 7.558528 8.647047 8.974980 8.357752 7.053815 5.548558 5.560950 6.683812 7.596839 7.877758 7.324367 6.165004 4.873605,
 59.246990 65.353241 70.918198 74.805496 76.392929 76.143906 75.131363 79.363876 92.028641 103.879250 110.113815 108.950462 103.229080 96.309616 102.540070 122.168938 141.458160 150.380981 144.027649 129.293579 114.016205 117.118820 138.327362 159.850937 169.983215 159.850937 138.327362 117.118820 114.016205 129.293579 144.027649 150.380981 141.458160 122.168938 102.540070 96.309616 103.229080 108.950462 110.113815 103.879250 92.028641 79.363876 75.131363 76.143906 76.392929 74.805496 70.918198 65.353241 59.246990,
 224.674225 240.461487 252.050171 255.131592 248.462555 236.416107 223.572357 307.210144 346.079865 379.942383 392.432861 375.871216 341.946747 306.473999 394.810822 461.595825 524.953003 551.681274 522.360474 459.462585 395.210480 435.207855 514.581787 592.871521 628.677979 592.871521 514.581787 435.207855 395.210480 459.462585 522.360474 551.681274 524.953003 461.595825 394.810822 306.473999 341.946747 375.871216 392.432861 379.942383 346.079865 307.210144 223.572357 236.416107 248.462555 255.131592 252.050171 240.461487 224.674225,
 61.930477 62.323540 62.193157 60.969410 58.132160 55.040916 52.619312 76.414642 79.962105 83.922707 85.643745 81.700340 74.594429 68.314514 89.636429 98.027489 109.097527 115.773987 109.432854 96.044411 85.009995 93.783676 105.915436 122.001236 130.972427 122.001236 105.915436 93.783676 85.009995 96.044411 109.432854 115.773987 109.097527 98.027489 89.636429 68.314514 74.594429 81.700340 85.643745 83.922707 79.962105 76.414642 52.619312 55.040916 58.132160 60.969410 62.193157 62.323540 61.930477,
 4.061921 5.266691 6.214925 6.525060 6.057018 5.015978 3.811787 4.054356 5.277462 6.305693 6.746875 6.429799 5.525761 4.404744 4.752659 6.564328 8.230020 8.926707 8.291381 6.782336 5.141003 5.476979 7.867611 10.236296 11.297016 10.236296 7.867611 5.476979 5.141003 6.782336 8.291381 8.926707 8.230020 6.564328 4.752659 4.404744 5.525761 6.429799 6.746875 6.305693 5.277462 4.054356 3.811787 5.015978 6.057018 6.525060 6.214925 5.266691 4.061921,
 46.353401 48.810135 50.995956 51.857498 50.986153 48.710159 45.501274 56.041718 63.538853 70.184616 72.488815 69.623154 63.714008 56.599564 65.770607 79.152206 92.358467 97.181114 90.602242 78.848206 66.963280 70.584320 85.659004 101.725380 109.640015 101.725380 85.659004 70.584320 66.963280 78.848206 90.602242 97.181114 92.358467 79.152206 65.770607 56.599564 63.714008 69.623154 72.488815 70.184616 63.538853 56.041718 45.501274 48.710159 50.986153 51.857498 50.995956 48.810135 46.353401,
 151.781769 160.259155 165.995712 166.588654 160.307938 149.751007 137.779449 197.576019 223.417908 245.351608 253.350494 241.072464 215.033752 186.060333 246.237061 293.698059 337.017639 355.248413 335.245422 289.997009 240.974854 267.338898 325.765839 380.677185 405.065735 380.677185 325.765839 267.338898 240.974854 289.997009 335.245422 355.248413 337.017639 293.698059 246.237061 186.060333 215.033752 241.072464 253.350494 245.351608 223.417908 197.576019 137.779449 149.751007 160.307938 166.588654 165.995712 160.259155 151.781769,
 36.113945 36.977043 37.957535 38.646301 38.443085 37.432564 36.062675 44.341190 47.534016 51.396984 54.526531 53.971592 49.248928 43.694759 52.740368 59.657112 68.487907 74.967651 71.913979 61.565407 51.949543 56.130295 66.193954 78.805824 85.605576 78.805824 66.193954 56.130295 51.949543 61.565407 71.913979 74.967651 68.487907 59.657112 52.740368 43.694759 49.248928 53.971592 54.526531 51.396984 47.534016 44.341190 36.062675 37.432564 38.443085 38.646301 37.957535 36.977043 36.113945,
 2.836579 4.319070 5.604043 6.154977 5.716662 4.505902 3.037888 3.132958 4.608002 5.949110 6.554937 6.098575 4.765496 3.127527 3.737634 5.668298 7.434856 8.145483 7.364492 5.528412 3.503500 3.917865 6.299509 8.582703 9.574304 8.582703 6.299509 3.917865 3.503500 5.528412 7.364492 8.145483 7.434856 5.668298 3.737634 3.127527 4.765496 6.098575 6.554937 5.949110 4.608002 3.132958 3.037888 4.505902 5.716662 6.154977 5.604043 4.319070 2.836579,
 17.982084 18.703159 19.199938 19.754622 20.312414 19.829769 18.011404 25.931063 30.478724 33.577854 33.607323 31.441677 28.361868 24.404913 31.448441 40.042477 47.606865 49.263706 44.323944 37.065189 29.858902 32.637661 42.191681 51.988564 56.735298 51.988564 42.191681 32.637661 29.858902 37.065189 44.323944 49.263706 47.606865 40.042477 31.448441 24.404913 28.361868 31.441677 33.607323 33.577854 30.478724 25.931063 18.011404 19.829769 20.312414 19.754622 19.199938 18.703159 17.982084,
 22.542469 22.702291 21.187416 17.403910 12.396956 8.288473 5.138723 40.237274 51.408096 58.593464 56.771759 46.539158 33.793335 22.805977 59.007545 81.638405 100.565010 105.051514 91.492912 69.047783 47.384621 63.287079 90.707077 116.805733 128.586288 116.805733 90.707077 63.287079 47.384621 69.047783 91.492912 105.051514 100.565010 81.638405 59.007545 22.805977 33.793335 46.539158 56.771759 58.593464 51.408096 40.237274 5.138723 8.288473 12.396956 17.403910 21.187416 22.702291 22.542469,
 3.309026 3.477791 3.511198 2.781577 1.814069 1.245283 1.184556 4.683121 5.512085 5.957446 6.292652 5.910307 4.410067 3.199439 6.145229 7.968964 10.775552 13.805929 12.682307 8.381356 5.499010 6.670353 9.686907 15.044884 18.649347 15.044884 9.686907 6.670353 5.499010 8.381356 12.682307 13.805929 10.775552 7.968964 6.145229 3.199439 4.410067 5.910307 6.292652 5.957446 5.512085 4.683121 1.184556 1.245283 1.814069 2.781577 3.511198 3.477791 3.309026,
 0.309343 2.443062 4.457961 5.296348 4.417078 2.299641 -0.002888 -0.117443 1.924513 3.962173 4.876472 4.085685 2.120322 0.083461 0.407141 3.013573 5.657327 6.915568 5.983154 3.569550 1.078086 1.348136 4.356349 7.341660 8.653209 7.341660 4.356349 1.348136 1.078086 3.569550 5.983154 6.915568 5.657327 3.013573 0.407141 0.083461 2.120322 4.085685 4.876472 3.962173 1.924513 -0.117443 -0.002888 2.299641 4.417078 5.296348 4.457961 2.443062 0.309343,
 -0.732410 0.081347 0.128354 -0.827799 -2.233039 -2.605478 -1.564672 1.974362 4.613255 6.243137 5.423917 2.935086 0.818768 -0.070648 4.345839 8.952478 13.432207 14.168995 10.535135 6.185870 2.949059 4.905181 9.819378 15.708911 18.892082 15.708911 9.819378 4.905181 2.949059 6.185870 10.535135 14.168995 13.432207 8.952478 4.345839 -0.070648 0.818768 2.935086 5.423917 6.243137 4.613255 1.974362 -1.564672 -2.605478 -2.233039 -0.827799 0.128354 0.081347 -0.732410,
 -14.678370 -15.806124 -12.776024 -7.092584 -1.372883 2.781204 4.990098 -12.826715 -9.694983 -3.253598 3.935807 8.749933 10.319206 9.537588 -3.414965 5.714604 16.162750 23.830296 24.937569 20.273232 12.980745 8.106445 19.699280 30.156088 34.683754 30.156088 19.699280 8.106445 12.980745 20.273232 24.937569 23.830296 16.162750 5.714604 -3.414965 9.537588 10.319206 8.749933 3.935807 -3.253598 -9.694983 -12.826715 4.990098 2.781204 -1.372883 -7.092584 -12.776024 -15.806124 -14.678370,
 -1.539299 0.064181 2.392235 3.710843 3.115455 1.256915 -0.609188 -0.156832 1.737047 4.611930 6.538029 5.815709 2.915597 0.187665 1.129594 3.714279 7.826105 10.792767 9.273195 4.705865 1.169713 1.651103 5.034846 10.256970 13.185282 10.256970 5.034846 1.651103 1.169713 4.705865 9.273195 10.792767 7.826105 3.714279 1.129594 0.187665 2.915597 5.815709 6.538029 4.611930 1.737047 -0.156832 -0.609188 1.256915 3.115455 3.710843 2.392235 0.064181 -1.539299,

Pairwise cross-correlations of the modulus of all oriented sub-bands at the same scale (size QxQ)
 14.102883 16.490559 13.502740 12.429404,
 16.490559 169.983215 252.574234 62.271809,
 13.502740 252.574234 628.677979 216.753052,
 12.429404 62.271809 216.753052 130.972443,
 11.297017 10.799315 12.303909 10.148956,
 10.799315 109.640015 160.158600 37.292755,
 12.303909 160.158600 405.065765 138.353210,
 10.148956 37.292755 138.353210 85.605583,
 9.574305 7.192048 2.468839 3.142827,
 7.192048 56.735302 65.924278 8.229370,
 2.468839 65.924278 128.586288 27.666473,
 3.142827 8.229370 27.666473 18.649349,
 8.653208 4.383594 -2.635521 3.080460,
 4.383594 18.892084 12.456763 -2.296798,
 -2.635521 12.456763 34.683754 4.790792,
 3.080460 -2.296798 4.790792 13.185281,

Cross-correlations of the modulus of all oriented sub-bands with all oriented sub-bands at the coarser scale (size QxQ)
 9.060562 9.091497 5.598458 8.576950,
 14.049063 47.812141 54.986183 15.859277,
 18.090612 57.342041 115.435722 53.020061,
 11.229862 14.367260 43.672253 37.685371,
 7.117220 7.143910 3.197911 4.131559,
 8.480801 33.814407 37.484528 6.903912,
 11.302977 41.610878 72.658134 23.964943,
 6.964193 10.060527 20.036770 16.788031,
 6.404100 2.186088 -3.076253 4.291840,
 5.769068 13.477694 3.724748 -6.855607,
 -0.006747 9.748776 7.317150 -7.426252,
 0.425425 -2.379871 -1.487615 4.600262,

Cross-correlations of the real part of each oriented sub-band with both the real and imaginary part of all phase-doubled oriented sub-bands at the next coarser scale (Q matrices of size 1x2Q, which are computed and stored in a matrix of size Qx2Q)
 -1.031788 -1.732033 -1.392137 -1.489556 1.269719 0.699836 0.424633 -0.352909,
 -1.868911 -22.080193 -21.916084 -8.228185 0.608261 3.633938 2.410522 -0.235866,
 -1.901675 -31.700684 -62.502354 -40.135357 0.233519 4.134255 6.902861 0.646366,
 -1.407445 -7.455772 -30.317221 -26.228281 0.607996 1.113662 4.107524 0.390411,
 -0.614232 -0.970536 -0.116224 -1.044592 0.156175 0.354860 0.069301 0.065211,
 -0.790102 -0.618588 4.899321 -1.872186 0.446204 4.005254 -4.121473 -3.309583,
 -0.432228 4.223992 6.504339 -12.587267 0.239059 2.442568 -23.323357 -12.883708,
 -0.504333 1.569351 -1.216230 -9.970768 0.126634 -0.830044 -11.883112 -6.741648,
 -0.725373 -0.314404 0.444726 -0.516911 -1.290492 0.771384 0.651885 0.544246,
 -0.365115 -0.107118 -7.403025 -2.669328 -0.770300 15.545020 22.099218 3.730640,
 -0.235102 -3.597431 -20.426186 -5.366272 -0.105699 20.787704 41.288269 9.139510,
 -0.714895 -1.764804 -5.141139 -1.628632 -0.439438 3.185208 11.615805 4.039086,
