Low-band skewness and kurtosis
 -0.522642 2.153083,
 -0.410116 2.211878,
 -0.260810 2.126415,
 -0.188966 2.136876,
 0.201726 1.750783,

High-band variance
 965.628845,

Skewness, kurtosis, variance, mean, maximum and minimum of the reconstructed texture
 -0.642118 1.956670 5696.241211 188.204468 255.000000 1.000000,

Auto-correlations of the low-frequency bands at each scale
 1032.572510 951.891602 907.113098 895.963867 903.936218 921.210693 944.339172 1616.020630 1373.016357 1157.597168 1027.836792 1004.877197 1076.020508 1198.632935 3069.248779 3086.100586 3058.071777 2971.432129 2825.745605 2665.220703 2530.237549 3752.572998 4105.612305 4400.236328 4520.017578 4400.236328 4105.612305 3752.572998 2530.237549 2665.220703 2825.745605 2971.432129 3058.071777 3086.100586 3069.248779 1198.632935 1076.020508 1004.877197 1027.836792 1157.597168 1373.016357 1616.020630 944.339172 921.210693 903.936218 895.963867 907.113098 951.891602 1032.572510,
 777.275879 740.125366 726.696289 730.723999 738.605713 743.606323 745.681885 1013.891296 859.888306 732.945496 661.529785 653.449280 703.065552 783.647400 2161.524414 2148.343262 2109.117432 2028.145264 1903.000610 1773.993774 1669.198120 2669.583984 2894.938477 3087.273438 3168.047363 3087.273438 2894.938477 2669.583984 1669.198120 1773.993774 1903.000610 2028.145264 2109.117432 2148.343262 2161.524414 783.647400 703.065552 653.449280 661.529785 732.945496 859.888306 1013.891296 745.681885 743.606323 738.605713 730.723999 726.696289 740.125366 777.275879,
 644.474243 625.006042 615.073608 611.767822 608.046631 603.905334 604.364136 858.275513 757.874268 667.115479 601.648438 566.732178 566.999268 597.366089 1576.087769 1549.663086 1506.752563 1434.742554 1327.445679 1212.945801 1116.683716 1810.582520 1961.533447 2089.877930 2143.980957 2089.877930 1961.533447 1810.582520 1116.683716 1212.945801 1327.445679 1434.742554 1506.752563 1549.663086 1576.087769 597.366089 566.999268 566.732178 601.648438 667.115479 757.874268 858.275513 604.364136 603.905334 608.046631 611.767822 615.073608 625.006042 644.474243,
 228.642212 252.291260 297.153198 352.192719 409.742493 469.033203 519.357666 660.295288 572.035400 501.315887 456.906616 442.713654 472.097321 540.787476 1213.395996 1183.390503 1133.735962 1054.773438 944.363892 842.579285 779.917542 1262.495728 1378.875488 1482.595581 1528.616455 1482.595581 1378.875488 1262.495728 779.917542 842.579285 944.363892 1054.773438 1133.735962 1183.390503 1213.395996 540.787476 472.097321 442.713654 456.906616 501.315887 572.035400 660.295288 519.357666 469.033203 409.742493 352.192719 297.153198 252.291260 228.642212,
 -734.865295 -734.714844 -745.248779 -757.770203 -755.918335 -744.578979 -738.552551 -14.158568 -16.145231 -19.454567 -28.524656 -35.370544 -29.910753 -18.283556 744.223633 753.832275 767.973450 764.487854 738.049866 718.897827 724.338013 1057.580688 1074.048462 1110.744629 1132.322021 1110.744629 1074.048462 1057.580688 724.338013 718.897827 738.049866 764.487854 767.973450 753.832275 744.223633 -18.283556 -29.910753 -35.370544 -28.524656 -19.454567 -16.145231 -14.158568 -738.552551 -744.578979 -755.918335 -757.770203 -745.248779 -734.714844 -734.865295,

Auto-correlations of the modulus of each oriented sub-band
 4.628800 5.582689 6.341136 6.554280 6.091881 5.146443 4.066432 5.417903 6.482345 7.292145 7.511321 7.006853 5.965888 4.765323 6.261256 7.952072 9.407635 10.048726 9.502619 7.960985 6.065528 6.639657 9.052911 11.437573 12.501842 11.437573 9.052911 6.639657 6.065528 7.960985 9.502619 10.048726 9.407635 7.952072 6.261256 4.765323 5.965888 7.006853 7.511321 7.292145 6.482345 5.417903 4.066432 5.146443 6.091881 6.554280 6.341136 5.582689 4.628800,
 22.473076 25.755817 29.892136 33.473934 35.417297 35.923183 35.866135 38.534492 46.386940 55.649670 60.950256 60.208500 56.590919 52.995560 55.747337 68.740753 84.727982 92.539352 86.362656 74.751999 65.463707 66.633934 80.466797 98.422073 108.033356 98.422073 80.466797 66.633934 65.463707 74.751999 86.362656 92.539352 84.727982 68.740753 55.747337 52.995560 56.590919 60.208500 60.950256 55.649670 46.386940 38.534492 35.866135 35.923183 35.417297 33.473934 29.892136 25.755817 22.473076,
 111.001900 118.678452 126.283646 130.020447 126.796280 118.499817 109.187096 186.141235 217.455078 250.379196 265.887115 251.343491 217.290833 182.867157 256.706238 319.186676 386.300385 417.983948 387.334625 319.319916 254.172440 285.619446 364.460938 449.531128 489.919800 449.531128 364.460938 285.619446 254.172440 319.319916 387.334625 417.983948 386.300385 319.186676 256.706238 182.867157 217.290833 251.343491 265.887115 250.379196 217.455078 186.141235 109.187096 118.499817 126.796280 130.020447 126.283646 118.678452 111.001900,
 68.392891 66.906113 64.706520 61.740269 58.114403 54.231834 50.791359 90.027939 94.325562 97.272659 96.229507 89.358627 78.908234 69.245575 106.985649 120.065636 132.572205 136.925491 127.267914 109.149284 92.207161 108.236206 127.280319 147.365494 156.938721 147.365494 127.280319 108.236206 92.207161 109.149284 127.267914 136.925491 132.572205 120.065636 106.985649 69.245575 78.908234 89.358627 96.229507 97.272659 94.325562 90.027939 50.791359 54.231834 58.114403 61.740269 64.706520 66.906113 68.392891,
 2.795114 3.699396 4.475893 4.776029 4.467202 3.735594 2.886182 3.052490 4.085935 4.982615 5.365442 5.061122 4.211764 3.160091 3.662411 5.231074 6.777091 7.569394 7.083030 5.597828 3.894903 4.289981 6.423718 8.615921 9.619979 8.615921 6.423718 4.289981 3.894903 5.597828 7.083030 7.569394 6.777091 5.231074 3.662411 3.160091 4.211764 5.061122 5.365442 4.982615 4.085935 3.052490 2.886182 3.735594 4.467202 4.776029 4.475893 3.699396 2.795114,
 11.203375 12.597459 13.953925 14.991034 15.826333 16.286119 16.127476 17.531097 23.264133 29.126001 31.408285 30.017172 27.536007 24.866966 25.615402 35.549194 47.137497 51.903915 46.410034 37.994095 31.069778 31.259165 41.696190 54.971146 62.308445 54.971146 41.696190 31.259165 31.069778 37.994095 46.410034 51.903915 47.137497 35.549194 25.615402 24.866966 27.536007 30.017172 31.408285 29.126001 23.264133 17.531097 16.127476 16.286119 15.826333 14.991034 13.953925 12.597459 11.203375,
 75.623421 83.507004 87.749077 85.289337 75.187447 60.954510 47.473282 128.802582 154.274429 175.161301 178.969055 160.359634 128.478134 97.119293 178.064865 226.711090 271.997864 288.177612 261.819641 209.361206 157.060257 192.079071 253.270554 313.851135 340.945709 313.851135 253.270554 192.079071 157.060257 209.361206 261.819641 288.177612 271.997864 226.711090 178.064865 97.119293 128.478134 160.359634 178.969055 175.161301 154.274429 128.802582 47.473282 60.954510 75.187447 85.289337 87.749077 83.507004 75.623421,
 29.399277 30.200613 29.425205 26.477400 20.904476 14.548059 10.199421 45.683434 50.327579 53.679031 53.001633 45.251167 33.308338 23.457937 57.189774 68.010834 79.547379 84.458969 74.905594 56.990990 41.769562 55.850716 71.753677 90.477425 100.088272 90.477425 71.753677 55.850716 41.769562 56.990990 74.905594 84.458969 79.547379 68.010834 57.189774 23.457937 33.308338 45.251167 53.001633 53.679031 50.327579 45.683434 10.199421 14.548059 20.904476 26.477400 29.425205 30.200613 29.399277,
 1.166906 1.837198 2.413839 2.638108 2.411375 1.836551 1.141400 1.341161 2.145362 2.972925 3.420570 3.230302 2.495907 1.578629 1.678279 2.913121 4.305666 5.064275 4.626132 3.353864 2.022057 2.087333 3.691618 5.481537 6.341076 5.481537 3.691618 2.087333 2.022057 3.353864 4.626132 5.064275 4.305666 2.913121 1.678279 1.578629 2.495907 3.230302 3.420570 2.972925 2.145362 1.341161 1.141400 1.836551 2.411375 2.638108 2.413839 1.837198 1.166906,
 4.073565 5.081152 6.541063 7.636399 7.309349 5.363216 2.411970 4.656128 8.001399 12.683743 15.493520 14.971409 11.840304 7.275640 6.924156 13.502442 22.681713 27.304895 23.779011 16.857178 10.209774 9.662560 17.533920 28.195419 34.169361 28.195419 17.533920 9.662560 10.209774 16.857178 23.779011 27.304895 22.681713 13.502442 6.924156 7.275640 11.840304 14.971409 15.493520 12.683743 8.001399 4.656128 2.411970 5.363216 7.309349 7.636399 6.541063 5.081152 4.073565,
 32.475628 36.698864 42.953014 46.925697 43.363972 31.554846 15.586377 64.309456 80.571213 98.421318 108.606567 102.454414 81.398117 54.338615 100.536224 134.140106 167.007980 182.982697 169.798294 134.636810 93.803589 114.186905 159.359589 201.173737 219.407928 201.173737 159.359589 114.186905 93.803589 134.636810 169.798294 182.982697 167.007980 134.140106 100.536224 54.338615 81.398117 102.454414 108.606567 98.421318 80.571213 64.309456 15.586377 31.554846 43.363972 46.925697 42.953014 36.698864 32.475628,
 11.229971 12.313759 13.168237 13.386784 12.523374 10.489454 7.989515 22.473890 26.640566 30.334579 31.891724 30.203217 25.746504 20.556047 33.041439 41.238468 49.338154 53.701767 50.662098 41.958103 32.592724 37.411697 48.307808 59.483665 64.873535 59.483665 48.307808 37.411697 32.592724 41.958103 50.662098 53.701767 49.338154 41.238468 33.041439 20.556047 25.746504 30.203217 31.891724 30.334579 26.640566 22.473890 7.989515 10.489454 12.523374 13.386784 13.168237 12.313759 11.229971,
 0.050192 0.865857 1.629753 2.036997 1.856164 1.150304 0.243576 0.657319 1.698447 2.635404 3.183293 3.045125 2.277475 1.210860 1.504004 3.219426 4.841110 5.705750 5.263645 3.849415 2.157871 2.223837 4.369826 6.423981 7.353158 6.423981 4.369826 2.223837 2.157871 3.849415 5.263645 5.705750 4.841110 3.219426 1.504004 1.210860 2.277475 3.045125 3.183293 2.635404 1.698447 0.657319 0.243576 1.150304 1.856164 2.036997 1.629753 0.865857 0.050192,
 0.808648 1.018702 1.400401 1.259025 1.003958 1.085059 0.526534 2.103075 3.438230 4.694990 4.012061 2.736977 2.400086 1.851124 2.285027 5.204170 9.116831 9.530347 6.099120 3.428461 2.106943 2.011176 4.738437 9.693251 12.941885 9.693251 4.738437 2.011176 2.106943 3.428461 6.099120 9.530347 9.116831 5.204170 2.285027 1.851124 2.400086 2.736977 4.012061 4.694990 3.438230 2.103075 0.526534 1.085059 1.003958 1.259025 1.400401 1.018702 0.808648,
 -12.298815 -9.440897 -4.267283 0.124537 0.123496 -3.153195 -7.430915 13.600912 22.205738 35.033688 45.477524 46.471134 38.994877 27.842329 44.730194 61.580456 82.117508 95.755165 92.700455 76.727745 57.393585 63.845249 85.905533 108.311333 118.674316 108.311333 85.905533 63.845249 57.393585 76.727745 92.700455 95.755165 82.117508 61.580456 44.730194 27.842329 38.994877 46.471134 45.477524 35.033688 22.205738 13.600912 -7.430915 -3.153195 0.123496 0.124537 -4.267283 -9.440897 -12.298815,
 0.857387 1.352421 2.285829 3.645132 4.652124 5.194258 5.705627 12.229698 14.104212 16.852785 19.396782 19.674597 17.896574 15.792944 22.757359 26.903223 32.174042 35.995552 34.904358 30.187700 25.480839 28.424511 34.010185 40.448242 43.750828 40.448242 34.010185 28.424511 25.480839 30.187700 34.904358 35.995552 32.174042 26.903223 22.757359 15.792944 17.896574 19.674597 19.396782 16.852785 14.104212 12.229698 5.705627 5.194258 4.652124 3.645132 2.285829 1.352421 0.857387,

Pairwise cross-correlations of the modulus of all oriented sub-bands at the same scale (size QxQ)
 12.501842 8.581161 10.134694 15.200381,
 8.581161 108.033356 158.325897 35.259357,
 10.134694 158.325897 489.919861 197.430206,
 15.200381 35.259357 197.430206 156.938721,
 9.619978 5.935716 8.317126 8.693388,
 5.935716 62.308445 99.601746 23.711020,
 8.317126 99.601746 340.945770 139.258774,
 8.693388 23.711020 139.258774 100.088280,
 6.341076 3.481208 3.630453 3.539170,
 3.481208 34.169365 57.302029 14.210429,
 3.630453 57.302029 219.407928 95.325638,
 3.539170 14.210429 95.325638 64.873535,
 7.353158 2.818003 -3.004542 2.587363,
 2.818003 12.941885 20.032265 5.943291,
 -3.004542 20.032265 118.674339 56.140190,
 2.587363 5.943291 56.140190 43.750832,

Cross-correlations of the modulus of all oriented sub-bands with all oriented sub-bands at the coarser scale (size QxQ)
 7.391899 4.934439 6.065890 8.979359,
 7.931180 26.081665 29.774199 8.545099,
 13.336282 24.028868 68.010193 39.662773,
 11.646502 4.284456 31.549433 36.500275,
 4.885917 3.302566 0.305863 2.133207,
 4.766732 9.644435 8.757006 2.097396,
 10.247197 9.522931 25.753662 18.864311,
 7.545992 1.019193 12.673355 17.888170,
 4.157984 1.650359 0.685322 3.881386,
 4.037560 6.022765 3.871713 -1.909730,
 4.411642 7.529861 26.899004 9.919102,
 2.680587 1.813810 15.303128 9.614812,

Cross-correlations of the real part of each oriented sub-band with both the real and imaginary part of all phase-doubled oriented sub-bands at the next coarser scale (Q matrices of size 1x2Q, which are computed and stored in a matrix of size Qx2Q)
 -1.122581 -1.782968 -1.134366 -2.099182 0.696036 -0.017211 -0.149129 0.082316,
 -1.028706 -32.751606 -43.129406 -12.167918 0.252014 2.634836 8.894116 1.508203,
 -2.107959 -52.263199 -111.366898 -45.224247 0.042835 6.196865 25.622477 3.824642,
 -2.666274 -12.110257 -41.930389 -26.589344 0.358669 1.854016 9.615973 0.847928,
 -0.654559 -1.267683 -1.241793 -1.557701 -0.580638 -0.169783 0.456949 0.233280,
 -0.629999 -20.218895 -33.677792 -12.435135 -0.222597 2.610753 3.031673 -1.551313,
 -0.758494 -30.266985 -108.519745 -64.297516 0.138886 4.960598 -3.087690 -3.969052,
 -0.972247 -7.329897 -52.947472 -41.072018 -0.206831 0.971024 -2.866394 -0.252885,
 -0.547040 -0.317478 -0.697597 -2.048485 -0.853181 -0.401031 0.184536 -0.016927,
 -0.024806 -1.217966 -0.225444 -1.562172 -0.319666 0.990200 13.972097 7.656998,
 -0.458444 -3.929519 -18.864452 -17.829086 -0.270714 11.129404 66.676636 27.424501,
 -1.222553 -2.092745 -16.194540 -17.716757 -0.451910 5.932048 35.002140 11.964890,
