Low-band skewness and kurtosis
 -0.571089 2.144126,
 -0.438195 2.134854,
 -0.193611 1.833825,
 -0.064263 1.741108,
 0.016768 1.594672,

High-band variance
 975.800049,

Skewness, kurtosis, variance, mean, maximum and minimum of the reconstructed texture
 -0.698366 2.004188 5902.838379 189.116760 255.000000 4.000000,

Auto-correlations of the low-frequency bands at each scale
 1629.599487 1590.540649 1556.330322 1539.235352 1557.348877 1610.287964 1668.630737 1819.668457 1652.793457 1536.247925 1530.785767 1642.370483 1820.537598 1998.932617 2921.113770 3023.635986 3158.603027 3286.159180 3337.389160 3305.885986 3234.511230 3900.345703 4262.595215 4584.577148 4720.697266 4584.577148 4262.595215 3900.345703 3234.511230 3305.885986 3337.389160 3286.159180 3158.603027 3023.635986 2921.113770 1998.932617 1820.537598 1642.370483 1530.785767 1536.247925 1652.793457 1819.668457 1668.630737 1610.287964 1557.348877 1539.235352 1556.330322 1590.540649 1629.599487,
 1648.667725 1633.811768 1622.987061 1623.058350 1649.143555 1703.353760 1761.263428 1660.267456 1540.850342 1462.076782 1463.277588 1546.168823 1678.500732 1814.563354 2269.202393 2324.369385 2410.059082 2495.439209 2525.523926 2499.873779 2453.265381 2865.694092 3101.908936 3318.911621 3413.146484 3318.911621 3101.908936 2865.694092 2453.265381 2499.873779 2525.523926 2495.439209 2410.059082 2324.369385 2269.202393 1814.563354 1678.500732 1546.168823 1463.277588 1462.076782 1540.850342 1660.267456 1761.263428 1703.353760 1649.143555 1623.058350 1622.987061 1633.811768 1648.667725,
 1557.279541 1537.017944 1515.041382 1496.442749 1493.440308 1509.069458 1529.865234 1622.791138 1574.145752 1554.253296 1576.176392 1634.208130 1707.465088 1771.736206 1931.528564 1968.428101 2033.279907 2102.710938 2137.395264 2135.501709 2118.189697 2259.929199 2377.924072 2493.997559 2546.546143 2493.997559 2377.924072 2259.929199 2118.189697 2135.501709 2137.395264 2102.710938 2033.279907 1968.428101 1931.528564 1771.736206 1707.465088 1634.208130 1576.176392 1554.253296 1574.145752 1622.791138 1529.865234 1509.069458 1493.440308 1496.442749 1515.041382 1537.017944 1557.279541,
 686.431213 690.215942 702.655762 719.314453 734.566406 746.785400 754.065613 1299.147705 1292.667358 1287.520264 1291.869751 1304.896973 1323.771606 1340.818115 1780.272095 1796.918091 1822.264526 1846.803101 1850.824585 1836.746460 1815.841187 2007.711792 2062.583740 2119.893066 2146.854004 2119.893066 2062.583740 2007.711792 1815.841187 1836.746460 1850.824585 1846.803101 1822.264526 1796.918091 1780.272095 1340.818115 1323.771606 1304.896973 1291.869751 1287.520264 1292.667358 1299.147705 754.065613 746.785400 734.566406 719.314453 702.655762 690.215942 686.431213,
 -1354.694458 -1374.127563 -1384.191895 -1375.217041 -1350.302002 -1328.280884 -1323.620728 -33.761089 -54.626926 -56.678661 -36.102028 -7.941174 8.880486 7.484352 1319.179077 1326.390137 1354.597168 1384.995850 1391.111572 1372.453369 1347.921265 1897.373779 1933.820679 1981.736572 2005.245361 1981.736572 1933.820679 1897.373779 1347.921265 1372.453369 1391.111572 1384.995850 1354.597168 1326.390137 1319.179077 7.484352 8.880486 -7.941174 -36.102028 -56.678661 -54.626926 -33.761089 -1323.620728 -1328.280884 -1350.302002 -1375.217041 -1384.191895 -1374.127563 -1354.694458,

Auto-correlations of the modulus of each oriented sub-band
 4.949731 6.510688 8.144522 9.340666 9.715651 9.294895 8.411306 6.135808 7.994015 9.743105 10.845926 10.966471 10.167671 8.814829 8.081008 10.757403 13.076301 14.131637 13.523417 11.660270 9.337161 9.353811 12.704669 15.862442 17.229500 15.862442 12.704669 9.353811 9.337161 11.660270 13.523417 14.131637 13.076301 10.757403 8.081008 8.814829 10.167671 10.966471 10.845926 9.743105 7.994015 6.135808 8.411306 9.294895 9.715651 9.340666 8.144522 6.510688 4.949731,
 77.504738 84.738159 93.042305 100.080330 103.574699 104.489624 105.029411 96.016953 109.352745 124.214828 133.479309 132.844437 126.757118 120.860718 117.665878 138.326645 161.557220 173.494080 165.584503 148.229263 132.885483 132.477539 154.717194 180.468765 193.524811 180.468765 154.717194 132.477539 132.885483 148.229263 165.584503 173.494080 161.557220 138.326645 117.665878 120.860718 126.757118 132.844437 133.479309 124.214828 109.352745 96.016953 105.029411 104.489624 103.574699 100.080330 93.042305 84.738159 77.504738,
 260.205139 274.511047 287.319397 294.092621 291.362671 282.031372 271.920471 317.254578 355.071381 392.616211 410.504364 396.385254 362.796356 329.819946 382.542480 449.743347 519.320312 552.069031 521.748413 455.029968 391.427490 416.107239 496.400360 581.582397 622.101562 581.582397 496.400360 416.107239 391.427490 455.029968 521.748413 552.069031 519.320312 449.743347 382.542480 329.819946 362.796356 396.385254 410.504364 392.616211 355.071381 317.254578 271.920471 282.031372 291.362671 294.092621 287.319397 274.511047 260.205139,
 66.572578 65.530464 64.003098 61.345337 57.019024 52.007484 48.077293 81.271637 84.799393 88.401314 88.883179 82.606895 71.819946 62.647984 92.390747 102.703186 115.260162 121.693436 112.682800 94.722855 80.049225 92.304688 107.760490 127.442398 137.954910 127.442398 107.760490 92.304688 80.049225 94.722855 112.682800 121.693436 115.260162 102.703186 92.390747 62.647984 71.819946 82.606895 88.883179 88.401314 84.799393 81.271637 48.077293 52.007484 57.019024 61.345337 64.003098 65.530464 66.572578,
 3.444322 4.031402 4.671327 5.219889 5.521155 5.464000 5.043750 4.033156 4.958072 5.770616 6.247954 6.309139 5.938786 5.206119 4.953501 6.827855 8.545660 9.232148 8.551899 7.006044 5.340244 5.458917 7.994382 10.623135 11.834511 10.623135 7.994382 5.458917 5.340244 7.006044 8.551899 9.232148 8.545660 6.827855 4.953501 5.206119 5.938786 6.309139 6.247954 5.770616 4.958072 4.033156 5.043750 5.464000 5.521155 5.219889 4.671327 4.031402 3.444322,
 45.003174 49.400791 53.211857 55.908981 57.473629 58.443172 58.535431 54.346355 64.776978 74.173729 77.612152 74.793907 69.862183 65.499039 64.792564 81.406517 98.463852 104.879883 96.737900 82.985130 71.306831 71.582741 89.020844 108.938591 118.923416 108.938591 89.020844 71.582741 71.306831 82.985130 96.737900 104.879883 98.463852 81.406517 64.792564 65.499039 69.862183 74.793907 77.612152 74.173729 64.776978 54.346355 58.535431 58.443172 57.473629 55.908981 53.211857 49.400791 45.003174,
 142.034332 149.438583 157.176346 159.710129 153.195938 140.099075 125.755066 170.330093 197.104111 223.652664 234.219849 220.339462 191.589493 162.208298 204.239029 255.751526 307.925720 330.859955 306.867126 254.941467 203.120163 220.885254 284.366455 349.478119 379.831635 349.478119 284.366455 220.885254 203.120163 254.941467 306.867126 330.859955 307.925720 255.751526 204.239029 162.208298 191.589493 220.339462 234.219849 223.652664 197.104111 170.330093 125.755066 140.099075 153.195938 159.710129 157.176346 149.438583 142.034332,
 37.974876 38.047741 37.386467 36.171871 34.379646 31.707706 28.627083 46.634617 49.489948 52.137623 53.816380 51.934063 45.842480 38.963650 54.051258 61.378223 69.996559 75.771042 71.831657 60.359509 49.602108 55.674789 66.672668 79.935135 86.906631 79.935135 66.672668 55.674789 49.602108 60.359509 71.831657 75.771042 69.996559 61.378223 54.051258 38.963650 45.842480 51.934063 53.816380 52.137623 49.489948 46.634617 28.627083 31.707706 34.379646 36.171871 37.386467 38.047741 37.974876,
 1.286026 1.712929 2.152180 2.387222 2.315987 2.033345 1.725877 2.002172 2.539725 3.009813 3.121432 2.761845 2.159866 1.642147 2.719211 3.901698 4.995847 5.321307 4.538409 3.168916 1.965213 2.702766 4.420306 6.257569 7.126899 6.257569 4.420306 2.702766 1.965213 3.168916 4.538409 5.321307 4.995847 3.901698 2.719211 1.642147 2.159866 2.761845 3.121432 3.009813 2.539725 2.002172 1.725877 2.033345 2.315987 2.387222 2.152180 1.712929 1.286026,
 9.781363 12.131776 15.125248 17.997677 19.160366 18.161640 16.898108 15.346266 20.547903 26.624102 30.536541 30.366545 27.147161 23.892778 24.237358 33.048992 43.304512 48.457657 44.827965 36.986782 30.121136 30.774750 40.494335 52.106583 58.078976 52.106583 40.494335 30.774750 30.121136 36.986782 44.827965 48.457657 43.304512 33.048992 24.237358 23.892778 27.147161 30.366545 30.536541 26.624102 20.547903 15.346266 16.898108 18.161640 19.160366 17.997677 15.125248 12.131776 9.781363,
 35.426685 36.390358 35.475510 32.537792 27.448969 21.947735 18.505360 53.223679 61.992249 69.209274 69.252411 60.192669 48.464935 40.407410 70.404694 89.500137 109.304016 115.944214 102.123627 80.212448 62.949459 75.294922 98.601067 125.653465 139.242249 125.653465 98.601067 75.294922 62.949459 80.212448 102.123627 115.944214 109.304016 89.500137 70.404694 40.407410 48.464935 60.192669 69.252411 69.209274 61.992249 53.223679 18.505360 21.947735 27.448969 32.537792 35.475510 36.390358 35.426685,
 6.488741 6.599884 6.820954 6.469003 4.789663 1.813782 -0.867495 9.955614 11.263974 12.650679 13.661556 12.309118 8.138549 3.894422 11.644040 15.143141 19.693401 23.434256 21.417255 14.757128 8.612546 11.190451 17.134151 24.617561 28.873775 24.617561 17.134151 11.190451 8.612546 14.757128 21.417255 23.434256 19.693401 15.143141 11.644040 3.894422 8.138549 12.309118 13.661556 12.650679 11.263974 9.955614 -0.867495 1.813782 4.789663 6.469003 6.820954 6.599884 6.488741,
 0.008507 0.485660 0.996146 1.243461 1.020414 0.469165 -0.038635 -0.209076 0.339277 0.909858 1.248693 1.148062 0.660857 0.127480 -0.034809 0.781550 1.708225 2.161339 1.799106 0.971317 0.230045 0.205940 1.236010 2.503502 3.132984 2.503502 1.236010 0.205940 0.230045 0.971317 1.799106 2.161339 1.708225 0.781550 -0.034809 0.127480 0.660857 1.148062 1.248693 0.909858 0.339277 -0.209076 -0.038635 0.469165 1.020414 1.243461 0.996146 0.485660 0.008507,
 -4.707238 -3.955101 -1.870012 0.249420 1.949831 3.482248 4.645105 -4.584535 -2.378583 1.545900 4.852444 6.558573 7.059248 6.897114 -1.271239 2.673473 8.276196 11.852858 11.497830 9.314054 6.870951 3.632761 7.786682 13.046623 15.959879 13.046623 7.786682 3.632761 6.870951 9.314054 11.497830 11.852858 8.276196 2.673473 -1.271239 6.897114 7.059248 6.558573 4.852444 1.545900 -2.378583 -4.584535 4.645105 3.482248 1.949831 0.249420 -1.870012 -3.955101 -4.707238,
 5.479114 3.605855 3.469446 5.170146 6.071136 5.940357 6.707703 6.750964 6.481257 10.349545 15.709442 16.666744 13.612809 10.683197 7.295669 11.569831 21.329039 29.570021 27.387182 18.641541 11.397553 9.266479 17.221476 29.550154 36.561932 29.550154 17.221476 9.266479 11.397553 18.641541 27.387182 29.570021 21.329039 11.569831 7.295669 10.683197 13.612809 16.666744 15.709442 10.349545 6.481257 6.750964 6.707703 5.940357 6.071136 5.170146 3.469446 3.605855 5.479114,
 -0.655650 0.161658 1.077295 1.399356 0.886760 -0.183292 -1.227609 0.270276 1.174406 2.078227 2.982283 3.014193 1.413169 -0.654007 0.550010 1.834201 3.863094 6.212062 5.743693 2.602400 -0.116896 0.326290 2.501367 5.993662 8.259090 5.993662 2.501367 0.326290 -0.116896 2.602400 5.743693 6.212062 3.863094 1.834201 0.550010 -0.654007 1.413169 3.014193 2.982283 2.078227 1.174406 0.270276 -1.227609 -0.183292 0.886760 1.399356 1.077295 0.161658 -0.655650,

Pairwise cross-correlations of the modulus of all oriented sub-bands at the same scale (size QxQ)
 17.229500 25.579409 19.176420 11.753319,
 25.579409 193.524826 256.630096 61.425621,
 19.176420 256.630096 622.101562 219.569626,
 11.753319 61.425621 219.569626 137.954926,
 11.834513 16.863558 12.788349 7.306445,
 16.863558 118.923409 151.790588 35.767876,
 12.788349 151.790588 379.831665 134.087143,
 7.306445 35.767876 134.087143 86.906639,
 7.126899 7.953224 5.410864 4.420876,
 7.953224 58.078979 58.554508 7.291654,
 5.410864 58.554508 139.242249 39.912689,
 4.420876 7.291654 39.912689 28.873777,
 3.132984 1.234202 -0.566078 0.858898,
 1.234202 15.959879 13.233728 0.866628,
 -0.566078 13.233728 36.561935 7.303523,
 0.858898 0.866628 7.303523 8.259090,

Cross-correlations of the modulus of all oriented sub-bands with all oriented sub-bands at the coarser scale (size QxQ)
 9.782979 17.397451 9.963609 6.645077,
 20.605690 66.327240 66.784462 17.048584,
 22.860689 90.568703 171.300537 67.930519,
 10.392953 28.903128 74.708054 49.766247,
 5.817448 8.905962 8.105394 4.993887,
 11.374187 35.159546 32.132618 8.271671,
 12.894196 46.709663 73.718452 26.572506,
 6.735096 17.971973 32.904079 18.938515,
 2.522311 3.273805 1.496728 1.517458,
 1.938751 11.194210 8.070807 0.324615,
 1.079157 2.637919 7.885458 2.080371,
 1.677118 -0.931407 0.248220 2.538188,

Cross-correlations of the real part of each oriented sub-band with both the real and imaginary part of all phase-doubled oriented sub-bands at the next coarser scale (Q matrices of size 1x2Q, which are computed and stored in a matrix of size Qx2Q)
 -2.923300 -6.069459 -1.846516 -1.919356 0.758044 0.094250 0.010849 -0.445108,
 -6.659776 -26.845650 -15.664790 -7.092795 0.275081 6.778417 20.214556 2.494027,
 -3.184154 -25.425755 -52.670795 -45.658993 0.099934 15.048144 42.705673 3.799059,
 -1.038053 -5.809447 -30.367558 -34.906540 0.310679 3.950475 10.703849 -0.773964,
 -1.055934 -3.874346 -0.664722 -0.215589 -0.018461 -1.085362 -0.024513 0.075871,
 -3.951611 -25.073229 -18.226974 -1.226025 -0.447934 -3.088432 1.445278 1.476890,
 -1.954870 -25.492973 -27.304331 -4.663317 -0.138545 -0.494172 4.008236 4.282856,
 -0.051899 -3.519661 -5.322093 -3.174861 0.067502 0.580099 1.784823 1.875166,
 0.109016 -1.024845 -0.045996 0.138347 0.024309 -0.674071 -0.109977 0.160578,
 -0.706889 1.731439 9.928205 0.303830 -0.838976 1.586365 10.994046 1.914325,
 -0.319917 7.822051 13.863729 1.751069 -0.310495 8.020651 28.686159 6.179710,
 0.191704 1.733594 1.260728 1.825195 0.186558 2.548992 9.755394 2.912000,
