Low-band skewness and kurtosis
 -0.443719 2.185808,
 -0.338514 2.329653,
 -0.266964 2.066256,
 -0.216537 1.702206,
 -0.143629 1.521357,

High-band variance
 985.021240,

Skewness, kurtosis, variance, mean, maximum and minimum of the reconstructed texture
 -0.568959 1.907606 5315.724609 187.269226 255.000000 6.000000,

Auto-correlations of the low-frequency bands at each scale
 450.670624 490.321655 532.491577 576.199097 619.085693 661.980591 703.528809 449.143463 367.691864 312.022308 283.409149 278.542450 300.329071 346.485931 2502.155518 2443.660889 2383.953125 2311.748535 2216.532715 2111.705322 2011.866943 3840.525635 3967.057617 4062.736328 4100.907715 4062.736328 3967.057617 3840.525635 2011.866943 2111.705322 2216.532715 2311.748535 2383.953125 2443.660889 2502.155518 346.485931 300.329071 278.542450 283.409149 312.022308 367.691864 449.143463 703.528809 661.980591 619.085693 576.199097 532.491577 490.321655 450.670624,
 684.223633 686.851440 687.400024 690.178894 698.959839 711.263062 721.774902 548.708801 506.697723 474.166687 455.239624 451.222656 462.705475 485.632751 1538.759644 1529.333862 1521.893921 1503.249634 1462.713013 1413.209106 1370.282837 2344.635498 2422.544434 2491.257324 2521.045166 2491.257324 2422.544434 2344.635498 1370.282837 1413.209106 1462.713013 1503.249634 1521.893921 1529.333862 1538.759644 485.632751 462.705475 451.222656 455.239624 474.166687 506.697723 548.708801 721.774902 711.263062 698.959839 690.178894 687.400024 686.851440 684.223633,
 573.990784 577.597717 582.741028 592.810852 608.120667 623.268372 632.393616 551.447693 526.291138 506.138733 497.708862 503.875305 522.533081 547.280090 1121.544800 1120.284546 1118.706421 1107.503662 1080.573364 1051.344116 1034.026001 1527.998047 1576.854248 1625.987793 1648.644043 1625.987793 1576.854248 1527.998047 1034.026001 1051.344116 1080.573364 1107.503662 1118.706421 1120.284546 1121.544800 547.280090 522.533081 503.875305 497.708862 506.138733 526.291138 551.447693 632.393616 623.268372 608.120667 592.810852 582.741028 577.597717 573.990784,
 395.333130 400.534454 406.626373 408.643005 406.503815 404.020538 402.012329 630.073853 624.634277 623.567383 622.135071 618.764038 618.400391 622.072998 889.955383 892.302002 900.789001 905.051819 897.580750 887.654053 883.036316 1068.455200 1083.971436 1104.374023 1115.210815 1104.374023 1083.971436 1068.455200 883.036316 887.654053 897.580750 905.051819 900.789001 892.302002 889.955383 622.072998 618.400391 618.764038 622.135071 623.567383 624.634277 630.073853 402.012329 404.020538 406.503815 408.643005 406.626373 400.534454 395.333130,
 -690.379089 -695.186279 -692.280701 -688.432129 -691.387634 -693.832642 -689.362000 -4.275778 -7.598084 -3.899940 -0.291244 -4.933664 -9.361348 -5.738299 688.666077 688.940796 696.329895 701.105225 693.419250 684.285889 684.994202 976.226562 978.545959 989.960754 997.717529 989.960754 978.545959 976.226562 684.994202 684.285889 693.419250 701.105225 696.329895 688.940796 688.666077 -5.738299 -9.361348 -4.933664 -0.291244 -3.899940 -7.598084 -4.275778 -689.362000 -693.832642 -691.387634 -688.432129 -692.280701 -695.186279 -690.379089,

Auto-correlations of the modulus of each oriented sub-band
 3.015107 4.372613 5.516881 5.971283 5.516711 4.374894 3.019394 3.154456 4.550601 5.729846 6.198383 5.728850 4.555068 3.164672 3.503490 5.106811 6.492369 7.056193 6.503592 5.125107 3.518901 3.762385 5.551840 7.121995 7.765141 7.121995 5.551840 3.762385 3.518901 5.125107 6.503592 7.056193 6.492369 5.106811 3.503490 3.164672 4.555068 5.728850 6.198383 5.729846 4.550601 3.154456 3.019394 4.374894 5.516711 5.971283 5.516881 4.372613 3.015107,
 10.235676 12.086253 13.736856 14.775623 15.007360 14.538445 13.764908 23.364758 28.400820 32.573303 34.195000 33.277954 30.773970 27.678371 39.674820 48.503944 56.407543 59.319023 56.236637 49.852669 42.909286 48.651108 58.498020 67.891350 72.107224 67.891350 58.498020 48.651108 42.909286 49.852669 56.236637 59.319023 56.407543 48.503944 39.674820 27.678371 30.773970 33.277954 34.195000 32.573303 28.400820 23.364758 13.764908 14.538445 15.007360 14.775623 13.736856 12.086253 10.235676,
 130.555573 134.948471 139.783173 143.114197 143.055206 139.661667 134.095032 246.501099 265.043884 281.016663 289.352661 286.439026 273.499084 254.540741 387.014435 425.526611 456.405884 470.054352 460.713318 432.235229 393.425385 456.726135 506.129700 544.450745 559.501709 544.450745 506.129700 456.726135 393.425385 432.235229 460.713318 470.054352 456.405884 425.526611 387.014435 254.540741 273.499084 286.439026 289.352661 281.016663 265.043884 246.501099 134.095032 139.661667 143.055206 143.114197 139.783173 134.948471 130.555573,
 30.280895 30.498606 30.481785 29.902134 28.696957 27.008154 25.060070 50.930424 52.860554 54.149574 54.320328 52.777687 49.345448 44.979351 73.505310 78.508957 82.637199 84.476387 82.240364 76.324997 69.202316 82.332901 89.954208 96.585037 99.464096 96.585037 89.954208 82.332901 69.202316 76.324997 82.240364 84.476387 82.637199 78.508957 73.505310 44.979351 49.345448 52.777687 54.320328 54.149574 52.860554 50.930424 25.060070 27.008154 28.696957 29.902134 30.481785 30.498606 30.280895,
 1.936125 3.109614 4.123500 4.529416 4.128721 3.134913 1.994023 2.085961 3.198225 4.151775 4.522012 4.116644 3.139435 2.024155 2.543391 3.845382 4.988273 5.448008 4.961325 3.779298 2.443892 2.913074 4.492410 5.910516 6.497900 5.910516 4.492410 2.913074 2.443892 3.779298 4.961325 5.448008 4.988273 3.845382 2.543391 2.024155 3.139435 4.116644 4.522012 4.151775 3.198225 2.085961 1.994023 3.134913 4.128721 4.529416 4.123500 3.109614 1.936125,
 8.738251 10.379988 11.424849 11.379976 10.466661 9.462538 8.678871 16.815943 20.159359 22.585331 22.419662 19.950481 17.078442 14.922372 25.862669 31.507484 36.828979 37.873032 33.788116 28.127380 23.673155 28.986076 35.200989 42.441582 46.050667 42.441582 35.200989 28.986076 23.673155 28.127380 33.788116 37.873032 36.828979 31.507484 25.862669 14.922372 17.078442 19.950481 22.419662 22.585331 20.159359 16.815943 8.678871 9.462538 10.466661 11.379976 11.424849 10.379988 8.738251,
 48.577675 54.748425 61.446285 66.163055 64.695320 59.228764 52.754738 118.415848 129.330841 138.695007 142.671204 135.749237 122.050461 106.628311 200.926147 222.810120 240.207840 246.569855 234.552536 211.095093 184.004822 231.713257 262.659515 288.372925 299.867493 288.372925 262.659515 231.713257 184.004822 211.095093 234.552536 246.569855 240.207840 222.810120 200.926147 106.628311 122.050461 135.749237 142.671204 138.695007 129.330841 118.415848 52.754738 59.228764 64.695320 66.163055 61.446285 54.748425 48.577675,
 8.599159 9.885707 11.310678 12.206970 11.981970 10.553712 8.521801 20.153412 22.171722 24.137058 25.259781 24.325993 21.095821 17.066048 33.278069 37.344292 41.553703 43.999310 41.924721 36.002983 29.575518 37.590782 44.068077 50.767067 53.988544 50.767067 44.068077 37.590782 29.575518 36.002983 41.924721 43.999310 41.553703 37.344292 33.278069 17.066048 21.095821 24.325993 25.259781 24.137058 22.171722 20.153412 8.521801 10.553712 11.981970 12.206970 11.310678 9.885707 8.599159,
 0.821960 1.284995 1.697497 1.855047 1.682452 1.294604 0.866931 0.852907 1.327322 1.765330 1.957181 1.803725 1.399391 0.931952 1.251522 1.991198 2.701943 3.037762 2.792623 2.115732 1.352253 1.662718 2.709751 3.703498 4.131305 3.703498 2.709751 1.662718 1.352253 2.115732 2.792623 3.037762 2.701943 1.991198 1.251522 0.931952 1.399391 1.803725 1.957181 1.765330 1.327322 0.852907 0.866931 1.294604 1.682452 1.855047 1.697497 1.284995 0.821960,
 1.779107 2.849373 3.871749 3.738072 2.387417 1.032151 0.434763 4.761666 7.614588 10.748941 11.335947 9.061270 6.463840 4.996771 9.773958 14.116848 19.728125 21.748367 18.211802 13.531113 10.576513 12.783192 17.098688 23.502764 27.163563 23.502764 17.098688 12.783192 10.576513 13.531113 18.211802 21.748367 19.728125 14.116848 9.773958 4.996771 6.463840 9.061270 11.335947 10.748941 7.614588 4.761666 0.434763 1.032151 2.387417 3.738072 3.871749 2.849373 1.779107,
 5.703080 4.661735 3.044257 -1.480431 -8.957046 -16.273380 -20.988102 40.689808 47.494503 52.532040 50.850338 41.137798 28.413654 17.021381 85.917694 103.598511 118.366203 122.255661 110.964516 91.376663 70.780075 103.021706 127.279434 148.770355 158.351486 148.770355 127.279434 103.021706 70.780075 91.376663 110.964516 122.255661 118.366203 103.598511 85.917694 17.021381 28.413654 41.137798 50.850338 52.532040 47.494503 40.689808 -20.988102 -16.273380 -8.957046 -1.480431 3.044257 4.661735 5.703080,
 2.816404 3.458271 3.664218 3.477512 2.874923 1.851713 0.384178 9.014144 10.415239 11.683743 12.533615 11.989178 9.645012 6.461159 15.903624 18.994997 22.658356 25.210693 23.801704 18.861601 13.800568 18.065632 23.008518 28.787701 31.778915 28.787701 23.008518 18.065632 13.800568 18.861601 23.801704 25.210693 22.658356 18.994997 15.903624 6.461159 9.645012 11.989178 12.533615 11.683743 10.415239 9.014144 0.384178 1.851713 2.874923 3.477512 3.664218 3.458271 2.816404,
 -0.123215 0.127633 0.417837 0.625299 0.671423 0.564049 0.390128 0.188925 0.380783 0.614563 0.760450 0.724482 0.534506 0.293924 0.447431 0.802072 1.177649 1.338834 1.137296 0.717758 0.315162 0.461530 0.996051 1.561337 1.824674 1.561337 0.996051 0.461530 0.315162 0.717758 1.137296 1.338834 1.177649 0.802072 0.447431 0.293924 0.534506 0.724482 0.760450 0.614563 0.380783 0.188925 0.390128 0.564049 0.671423 0.625299 0.417837 0.127633 -0.123215,
 -0.966983 -0.624625 -0.367120 -0.147162 0.297960 0.684918 0.766618 2.069902 3.202121 3.659331 2.918743 2.146995 2.194321 2.680057 4.396952 6.362880 8.282418 7.896185 5.633361 4.092263 4.026836 4.842708 6.262543 9.097200 10.816726 9.097200 6.262543 4.842708 4.026836 4.092263 5.633361 7.896185 8.282418 6.362880 4.396952 2.680057 2.194321 2.146995 2.918743 3.659331 3.202121 2.069902 0.766618 0.684918 0.297960 -0.147162 -0.367120 -0.624625 -0.966983,
 -8.963985 -5.428605 -1.659342 1.270784 2.967005 4.082211 5.142421 15.548656 20.078737 24.794735 27.836912 28.313095 27.265924 26.125980 39.791367 46.322948 52.781536 55.853378 53.846569 48.721684 43.585587 50.349213 57.959305 65.497238 68.813622 65.497238 57.959305 50.349213 43.585587 48.721684 53.846569 55.853378 52.781536 46.322948 39.791367 26.125980 27.265924 28.313095 27.836912 24.794735 20.078737 15.548656 5.142421 4.082211 2.967005 1.270784 -1.659342 -5.428605 -8.963985,
 -1.027838 -1.045112 -0.745130 -0.529467 -0.170588 0.769420 1.566984 1.011057 1.490388 2.342526 3.563045 4.853668 5.156142 4.565398 3.978263 4.891460 6.969640 9.606632 10.123258 8.075267 6.201123 5.984492 7.650364 10.946278 12.991091 10.946278 7.650364 5.984492 6.201123 8.075267 10.123258 9.606632 6.969640 4.891460 3.978263 4.565398 5.156142 4.853668 3.563045 2.342526 1.490388 1.011057 1.566984 0.769420 -0.170588 -0.529467 -0.745130 -1.045112 -1.027838,

Pairwise cross-correlations of the modulus of all oriented sub-bands at the same scale (size QxQ)
 7.765139 2.962911 -3.414901 2.805337,
 2.962911 72.107231 172.267075 58.605679,
 -3.414901 172.267075 559.501648 213.090363,
 2.805337 58.605679 213.090363 99.464104,
 6.497901 4.432084 -0.378163 4.157704,
 4.432084 46.050678 96.723778 33.893803,
 -0.378163 96.723778 299.867554 106.851219,
 4.157704 33.893803 106.851219 53.988552,
 4.131305 3.325877 2.636164 2.838458,
 3.325877 27.163567 51.352608 20.779411,
 2.636164 51.352608 158.351501 58.619473,
 2.838458 20.779411 58.619473 31.778919,
 1.824674 1.930837 4.139718 2.149588,
 1.930837 10.816727 22.678917 8.183311,
 4.139718 22.678917 68.813629 26.290035,
 2.149588 8.183311 26.290035 12.991092,

Cross-correlations of the modulus of all oriented sub-bands with all oriented sub-bands at the coarser scale (size QxQ)
 5.711452 4.143935 -3.487458 4.222183,
 2.420492 4.536849 2.067964 2.182666,
 -0.310949 -6.890064 -2.676540 -2.644491,
 2.755346 -3.100969 -6.714049 1.866024,
 3.619812 4.265634 -0.077965 3.714355,
 2.644729 4.909697 2.269378 4.065578,
 1.094436 6.357737 26.387442 8.546435,
 1.664729 6.402166 13.466978 9.346240,
 1.320153 2.292615 3.800225 1.837316,
 2.575765 5.941082 12.270292 4.939470,
 3.916122 10.841335 32.535881 13.234874,
 1.894700 4.916902 12.427691 4.832312,

Cross-correlations of the real part of each oriented sub-band with both the real and imaginary part of all phase-doubled oriented sub-bands at the next coarser scale (Q matrices of size 1x2Q, which are computed and stored in a matrix of size Qx2Q)
 -0.674281 -0.498751 -0.080829 -0.471430 0.334185 -0.114576 -0.055379 -0.030581,
 -0.391465 -15.135577 -30.429087 -10.245843 0.114793 -3.038489 -11.391179 -4.529411,
 -0.204093 -32.178833 -85.766228 -34.715286 -0.074787 -9.448553 -34.723766 -12.763515,
 -0.536574 -9.401520 -32.364784 -15.876577 0.012260 -3.916581 -13.574951 -4.335913,
 -0.244772 -0.487589 0.133612 0.086505 -0.081308 -0.151554 -0.049402 0.400506,
 -0.230580 -4.854521 -15.445667 -6.239848 0.043686 -13.117843 -36.589302 -12.982086,
 0.043048 -14.135415 -53.018162 -20.148212 0.048647 -37.081970 -117.963135 -39.853241,
 -0.137394 -5.934609 -21.366285 -7.486184 -0.027405 -13.813435 -47.369022 -14.074189,
 -0.133051 -0.101641 -0.039400 -0.100819 -0.636187 -0.213927 -0.046667 0.196468,
 -0.036639 -3.889289 -8.791061 -2.773262 -0.427667 2.603454 10.279369 1.472544,
 -0.040803 -9.335556 -23.115482 -9.469313 -0.115727 6.820075 25.141571 3.250413,
 -0.134175 -3.039456 -7.986344 -4.631788 -0.286931 1.808767 7.370590 0.848973,
