Low-band skewness and kurtosis
 -0.566147 2.083165,
 -0.414576 1.953208,
 -0.302734 1.826445,
 -0.290834 1.738718,
 -0.224662 1.583496,

High-band variance
 940.615784,

Skewness, kurtosis, variance, mean, maximum and minimum of the reconstructed texture
 -0.692819 1.966519 5980.586914 189.490234 255.000000 3.000000,

Auto-correlations of the low-frequency bands at each scale
 2025.817627 1991.605469 1991.214844 2016.100830 2060.290283 2124.491211 2193.773682 2361.656250 2139.942139 1962.241211 1880.021362 1898.430176 1989.154907 2099.049805 3659.135986 3627.603271 3568.374756 3467.211670 3294.630127 3080.678467 2884.162354 4075.642090 4413.521484 4709.606934 4833.707520 4709.606934 4413.521484 4075.642090 2884.162354 3080.678467 3294.630127 3467.211670 3568.374756 3627.603271 3659.135986 2099.049805 1989.154907 1898.430176 1880.021362 1962.241211 2139.942139 2361.656250 2193.773682 2124.491211 2060.290283 2016.100830 1991.214844 1991.605469 2025.817627,
 1976.033936 1980.731934 2001.460938 2027.774170 2058.835205 2101.984863 2150.988037 2169.615234 2057.828613 1971.023071 1930.942017 1939.807007 1989.296509 2048.579590 2892.158203 2882.839844 2860.620361 2803.860352 2689.673096 2553.354004 2439.264160 3106.029785 3305.902588 3496.397949 3580.694580 3496.397949 3305.902588 3106.029785 2439.264160 2553.354004 2689.673096 2803.860352 2860.620361 2882.839844 2892.158203 2048.579590 1989.296509 1939.807007 1930.942017 1971.023071 2057.828613 2169.615234 2150.988037 2101.984863 2058.835205 2027.774170 2001.460938 1980.731934 1976.033936,
 1794.433716 1812.118652 1831.724731 1843.840088 1844.613159 1840.976562 1833.296265 2019.130005 1977.422119 1953.752808 1954.728027 1970.227173 1992.924805 2004.412231 2427.343750 2439.203125 2453.708984 2445.438477 2389.911621 2316.754883 2257.290039 2560.306152 2674.347412 2796.264160 2853.845215 2796.264160 2674.347412 2560.306152 2257.290039 2316.754883 2389.911621 2445.438477 2453.708984 2439.203125 2427.343750 2004.412231 1992.924805 1970.227173 1954.728027 1953.752808 1977.422119 2019.130005 1833.296265 1840.976562 1844.613159 1843.840088 1831.724731 1812.118652 1794.433716,
 894.644592 869.141724 833.982239 794.329712 765.539612 761.834106 779.873230 1567.310303 1538.840698 1518.524170 1497.680054 1472.048096 1458.531616 1464.808105 2092.450439 2121.081787 2163.875488 2179.118164 2135.245605 2066.111084 2014.044678 2290.640137 2375.449951 2474.220215 2522.538574 2474.220215 2375.449951 2290.640137 2014.044678 2066.111084 2135.245605 2179.118164 2163.875488 2121.081787 2092.450439 1464.808105 1458.531616 1472.048096 1497.680054 1518.524170 1538.840698 1567.310303 779.873230 761.834106 765.539612 794.329712 833.982239 869.141724 894.644592,
 -1529.288452 -1539.365479 -1573.639893 -1603.431885 -1595.305176 -1565.394043 -1545.046997 27.640223 24.691757 -3.600780 -45.498814 -70.329910 -58.586067 -24.288351 1567.702393 1600.589600 1624.708008 1607.100098 1546.637939 1500.956543 1504.232178 2164.170410 2209.994629 2286.764404 2329.102051 2286.764404 2209.994629 2164.170410 1504.232178 1500.956543 1546.637939 1607.100098 1624.708008 1600.589600 1567.702393 -24.288351 -58.586067 -70.329910 -45.498814 -3.600780 24.691757 27.640223 -1545.046997 -1565.394043 -1595.305176 -1603.431885 -1573.639893 -1539.365479 -1529.288452,

Auto-correlations of the modulus of each oriented sub-band
 6.522917 8.147697 9.623585 10.359756 10.023481 8.832670 7.350571 7.464880 9.369823 10.963693 11.632564 11.176330 9.863395 8.189087 8.792639 11.274516 13.429303 14.459467 13.838607 11.818587 9.275835 9.582834 12.840011 15.966402 17.343716 15.966402 12.840011 9.582834 9.275835 11.818587 13.838607 14.459467 13.429303 11.274516 8.792639 8.189087 9.863395 11.176330 11.632564 10.963693 9.369823 7.464880 7.350571 8.832670 10.023481 10.359756 9.623585 8.147697 6.522917,
 42.663460 47.676342 53.849136 59.021759 61.991600 63.810734 64.977043 54.754478 65.020370 77.131943 83.786041 82.127411 77.491882 73.485680 67.646072 83.319397 103.066605 112.676193 103.945053 89.230774 78.175873 76.472534 92.758453 114.760635 127.077713 114.760635 92.758453 76.472534 78.175873 89.230774 103.945053 112.676193 103.066605 83.319397 67.646072 73.485680 77.491882 82.127411 83.786041 77.131943 65.020370 54.754478 64.977043 63.810734 61.991600 59.021759 53.849136 47.676342 42.663460,
 262.025238 270.508392 274.599091 271.799438 260.885956 246.382355 233.944336 331.937469 362.612518 387.876343 393.686890 372.641663 337.156036 304.085114 397.771301 456.836548 512.292175 533.166992 501.228973 439.351685 379.562988 419.957428 492.858795 566.206421 600.045166 566.206421 492.858795 419.957428 379.562988 439.351685 501.228973 533.166992 512.292175 456.836548 397.771301 304.085114 337.156036 372.641663 393.686890 387.876343 362.612518 331.937469 233.944336 246.382355 260.885956 271.799438 274.599091 270.508392 262.025238,
 104.150978 104.058022 102.661606 99.981499 96.208771 91.798897 87.395790 126.725235 131.778122 134.688416 134.176926 129.039490 120.067215 110.098984 146.067337 158.950134 169.908569 174.298645 167.622498 152.446472 135.672562 150.553741 169.159027 186.476929 194.276215 186.476929 169.159027 150.553741 135.672562 152.446472 167.622498 174.298645 169.908569 158.950134 146.067337 110.098984 120.067215 129.039490 134.176926 134.688416 131.778122 126.725235 87.395790 91.798897 96.208771 99.981499 102.661606 104.058022 104.150978,
 4.016186 5.369533 6.610662 7.270771 7.033847 6.016929 4.671469 4.961761 6.548147 7.968882 8.718405 8.450898 7.257435 5.638247 6.161592 8.485879 10.712202 11.817732 11.147715 9.129666 6.799506 7.171921 10.106920 13.038135 14.354910 13.038135 10.106920 7.171921 6.799506 9.129666 11.147715 11.817732 10.712202 8.485879 6.161592 5.638247 7.257435 8.450898 8.718405 7.968882 6.548147 4.961761 4.671469 6.016929 7.033847 7.270771 6.610662 5.369533 4.016186,
 12.463860 15.981969 19.191219 20.359442 20.086857 19.982079 20.648994 19.437006 26.174976 32.948162 34.918755 31.797062 27.820332 25.153196 26.729839 36.779190 48.571571 52.801399 45.691994 36.045143 29.287815 30.421375 40.493778 54.281151 62.098534 54.281151 40.493778 30.421375 29.287815 36.045143 45.691994 52.801399 48.571571 36.779190 26.729839 25.153196 27.820332 31.797062 34.918755 32.948162 26.174976 19.437006 20.648994 19.982079 20.086857 20.359442 19.191219 15.981969 12.463860,
 104.397011 110.366920 111.981491 106.802628 94.367599 78.558220 64.902763 133.639801 154.404663 170.828003 173.431519 157.096619 129.755157 104.285812 168.773499 207.817001 244.363068 258.152283 236.309967 193.662796 152.742554 180.414032 228.754944 277.699158 300.419312 277.699158 228.754944 180.414032 152.742554 193.662796 236.309967 258.152283 244.363068 207.817001 168.773499 104.285812 129.755157 157.096619 173.431519 170.828003 154.404663 133.639801 64.902763 78.558220 94.367599 106.802628 111.981491 110.366920 104.397011,
 47.328537 47.845646 47.639748 46.609283 44.662376 42.028316 39.293793 59.582333 63.591171 66.343590 66.791954 63.435539 56.771408 49.808529 70.074387 79.914864 89.334663 93.763443 88.198860 75.397087 62.771778 71.426041 85.666382 100.595139 107.755875 100.595139 85.666382 71.426041 62.771778 75.397087 88.198860 93.763443 89.334663 79.914864 70.074387 49.808529 56.771408 63.435539 66.791954 66.343590 63.591171 59.582333 39.293793 42.028316 44.662376 46.609283 47.639748 47.845646 47.328537,
 3.271702 4.178747 4.819122 4.899920 4.321032 3.290739 2.189163 3.975721 5.369301 6.374732 6.508187 5.693343 4.257910 2.724370 4.666388 6.926563 8.828105 9.373629 8.212296 5.985773 3.715269 4.930174 7.809127 10.607368 11.836914 10.607368 7.809127 4.930174 3.715269 5.985773 8.212296 9.373629 8.828105 6.926563 4.666388 2.724370 4.257910 5.693343 6.508187 6.374732 5.369301 3.975721 2.189163 3.290739 4.321032 4.899920 4.819122 4.178747 3.271702,
 3.144585 4.707960 5.794853 5.554136 4.898239 5.004694 6.318485 5.923422 9.271118 12.232043 11.983912 9.566499 7.553001 7.074274 8.116054 13.623936 19.750483 20.911232 16.140356 10.757244 7.541807 8.219317 13.799182 21.594299 25.996523 21.594299 13.799182 8.219317 7.541807 10.757244 16.140356 20.911232 19.750483 13.623936 8.116054 7.074274 7.553001 9.566499 11.983912 12.232043 9.271118 5.923422 6.318485 5.004694 4.898239 5.554136 5.794853 4.707960 3.144585,
 36.689983 41.928745 42.776787 36.829865 24.624151 11.773853 4.334057 48.897278 60.346313 68.624199 66.854736 52.185669 32.726494 18.054472 58.206406 78.010239 97.585258 103.540894 87.340736 60.957378 38.869003 55.519150 80.218948 107.905815 121.624283 107.905815 80.218948 55.519150 38.869003 60.957378 87.340736 103.540894 97.585258 78.010239 58.206406 18.054472 32.726494 52.185669 66.854736 68.624199 60.346313 48.897278 4.334057 11.773853 24.624151 36.829865 42.776787 41.928745 36.689983,
 16.300909 17.361195 17.516254 16.571829 14.567768 11.649839 8.924395 20.203259 23.017456 25.268646 26.109829 23.371487 17.502693 11.976359 21.830141 27.718054 34.697968 38.901844 34.828903 25.072588 16.565470 20.413633 29.133110 40.031326 45.763790 40.031326 29.133110 20.413633 16.565470 25.072588 34.828903 38.901844 34.697968 27.718054 21.830141 11.976359 17.502693 23.371487 26.109829 25.268646 23.017456 20.203259 8.924395 11.649839 14.567768 16.571829 17.516254 17.361195 16.300909,
 -0.130930 1.732619 3.253639 3.950385 3.530219 2.169296 0.401839 1.328293 3.319449 4.985200 5.686666 5.036816 3.283528 1.094518 3.591021 6.446269 8.948191 10.005860 8.992256 6.388288 3.255504 4.712121 8.395655 11.626115 12.965101 11.626115 8.395655 4.712121 3.255504 6.388288 8.992256 10.005860 8.948191 6.446269 3.591021 1.094518 3.283528 5.036816 5.686666 4.985200 3.319449 1.328293 0.401839 2.169296 3.530219 3.950385 3.253639 1.732619 -0.130930,
 4.268095 6.029074 7.428658 6.922445 4.269094 1.015676 -1.356464 6.798133 9.508810 12.066154 12.258028 9.521519 5.781922 2.875947 8.385912 12.011089 16.336287 17.735140 14.624669 9.970272 6.528454 8.432306 12.242487 17.505657 20.303236 17.505657 12.242487 8.432306 6.528454 9.970272 14.624669 17.735140 16.336287 12.011089 8.385912 2.875947 5.781922 9.521519 12.258028 12.066154 9.508810 6.798133 -1.356464 1.015676 4.269094 6.922445 7.428658 6.029074 4.268095,
 -1.438511 2.879278 4.694698 2.488595 -2.984575 -8.385147 -9.463419 3.838266 15.631067 24.440845 24.825108 16.608658 5.986912 -0.386996 9.076771 26.617571 43.081203 48.101189 37.579792 20.771898 7.749586 11.191113 29.076241 48.997635 58.674240 48.997635 29.076241 11.191113 7.749586 20.771898 37.579792 48.101189 43.081203 26.617571 9.076771 -0.386996 5.986912 16.608658 24.825108 24.440845 15.631067 3.838266 -9.463419 -8.385147 -2.984575 2.488595 4.694698 2.879278 -1.438511,
 -2.064076 -2.629739 -2.331746 -0.886119 1.383739 3.414533 4.164729 2.065734 2.560458 4.393738 7.124145 9.135525 8.810576 6.535774 5.680024 8.431937 13.076056 17.110693 17.093872 12.877793 7.828303 7.569076 12.732447 19.182802 22.405594 19.182802 12.732447 7.569076 7.828303 12.877793 17.093872 17.110693 13.076056 8.431937 5.680024 6.535774 8.810576 9.135525 7.124145 4.393738 2.560458 2.065734 4.164729 3.414533 1.383739 -0.886119 -2.331746 -2.629739 -2.064076,

Pairwise cross-correlations of the modulus of all oriented sub-bands at the same scale (size QxQ)
 17.343716 19.322016 18.078489 16.482321,
 19.322016 127.077728 183.386200 59.621460,
 18.078489 183.386200 600.045166 282.273285,
 16.482321 59.621460 282.273285 194.276245,
 14.354912 10.657617 9.337142 11.817773,
 10.657617 62.098541 80.956802 24.781961,
 9.337142 80.956802 300.419373 143.743210,
 11.817773 24.781961 143.743210 107.755882,
 11.836916 5.908341 2.483450 6.187226,
 5.908341 25.996525 26.638979 7.792571,
 2.483450 26.638979 121.624306 57.622952,
 6.187226 7.792571 57.622952 45.763790,
 12.965100 8.855282 2.727106 7.946120,
 8.855282 20.303234 17.574499 9.475267,
 2.727106 17.574499 58.674248 22.244659,
 7.946120 9.475267 22.244659 22.405596,

Cross-correlations of the modulus of all oriented sub-bands with all oriented sub-bands at the coarser scale (size QxQ)
 11.341562 11.082519 5.979850 10.883888,
 15.591321 43.984089 53.197857 24.659143,
 22.196356 52.177074 156.133652 95.161049,
 15.392087 17.102274 83.178970 69.810623,
 8.727703 6.674515 5.052608 7.260874,
 7.061707 16.535379 9.201889 2.906817,
 8.530114 15.536055 43.888622 22.159828,
 7.535423 4.791650 23.365185 21.743237,
 8.853190 6.817276 -0.851130 5.680432,
 5.784386 7.131727 -2.266482 2.248152,
 10.631519 7.053479 13.379954 12.380674,
 8.772874 5.076401 7.996663 8.543185,

Cross-correlations of the real part of each oriented sub-band with both the real and imaginary part of all phase-doubled oriented sub-bands at the next coarser scale (Q matrices of size 1x2Q, which are computed and stored in a matrix of size Qx2Q)
 -1.702039 -4.316031 -1.469535 -1.534419 0.684408 -0.166331 0.116222 -0.065266,
 -3.917582 -28.270096 -19.936373 -4.526955 -0.136499 -3.208877 -3.448558 -1.068639,
 -2.757850 -28.975803 -37.727219 -22.288069 -0.273793 -5.012817 -10.068110 -2.940732,
 -1.197784 -5.015141 -12.482945 -16.891325 0.227141 -1.088084 -4.008895 -0.052128,
 -0.284099 -2.220318 -0.800820 -0.895909 1.110623 0.742015 -0.013153 0.136067,
 -1.694315 -12.528729 -5.454926 0.426063 0.677283 0.304962 -3.484331 -0.662590,
 -1.133569 -12.997055 -7.662234 -2.631230 0.185872 -0.696716 -6.913336 -1.516418,
 -0.350071 -2.741245 -2.324863 -5.207610 0.380687 0.751771 -1.869332 -0.003428,
 -0.568926 -2.460976 0.041429 0.546847 3.320564 1.234662 -0.114643 -0.169196,
 -0.816733 -10.617652 1.978549 0.340501 1.047382 6.548862 5.964673 -0.290046,
 -0.214645 -2.493693 14.732251 6.169460 0.087567 8.378174 12.436841 -5.439028,
 -0.013039 2.368010 9.228558 6.833048 1.520617 1.962942 1.983830 -4.943782,
