Low-band skewness and kurtosis
 -0.507852 2.212248,
 -0.416091 2.377490,
 -0.364956 2.499760,
 -0.280949 2.197727,
 -0.064185 1.815761,

High-band variance
 1034.539307,

Skewness, kurtosis, variance, mean, maximum and minimum of the reconstructed texture
 -0.645407 1.971107 5668.551270 187.744080 255.000000 2.000000,

Auto-correlations of the low-frequency bands at each scale
 872.084290 793.195435 754.654663 751.775452 768.222412 796.067749 836.958313 1376.779785 1137.383545 930.868530 819.108643 828.929443 949.080627 1130.831543 2774.254639 2850.378662 2872.360352 2818.890625 2694.281250 2557.606201 2451.280518 3521.541016 3933.074463 4276.557617 4417.022461 4276.557617 3933.074463 3521.541016 2451.280518 2557.606201 2694.281250 2818.890625 2872.360352 2850.378662 2774.254639 1130.831543 949.080627 828.929443 819.108643 930.868530 1137.383545 1376.779785 836.958313 796.067749 768.222412 751.775452 754.654663 793.195435 872.084290,
 823.962830 824.091675 852.623596 901.766174 955.322205 998.908081 1024.979980 976.770203 834.858704 722.650208 675.932373 712.376160 831.016785 997.574646 1849.403442 1897.628784 1911.082764 1871.042358 1781.028076 1696.785767 1653.936646 2349.205322 2630.717773 2869.954102 2969.922363 2869.954102 2630.717773 2349.205322 1653.936646 1696.785767 1781.028076 1871.042358 1911.082764 1897.628784 1849.403442 997.574646 831.016785 712.376160 675.932373 722.650208 834.858704 976.770203 1024.979980 998.908081 955.322205 901.766174 852.623596 824.091675 823.962830,
 776.146545 763.541443 753.045044 749.990051 752.462524 755.612244 761.644592 894.294983 864.045471 837.562622 830.062683 847.827637 893.851990 959.173401 1278.063354 1342.275879 1401.356445 1430.924438 1417.662109 1389.910156 1369.768433 1609.728760 1755.586792 1887.926270 1945.703491 1887.926270 1755.586792 1609.728760 1369.768433 1389.910156 1417.662109 1430.924438 1401.356445 1342.275879 1278.063354 959.173401 893.851990 847.827637 830.062683 837.562622 864.045471 894.294983 761.644592 755.612244 752.462524 749.990051 753.045044 763.541443 776.146545,
 427.296082 368.626953 297.302032 235.629913 199.815292 189.206039 194.529099 743.393372 657.543701 569.028259 505.955261 491.304108 527.760376 594.242004 990.304932 1042.415649 1094.737549 1122.187988 1113.884277 1091.966919 1072.886475 1206.906738 1343.500854 1467.554810 1521.155640 1467.554810 1343.500854 1206.906738 1072.886475 1091.966919 1113.884277 1122.187988 1094.737549 1042.415649 990.304932 594.242004 527.760376 491.304108 505.955261 569.028259 657.543701 743.393372 194.529099 189.206039 199.815292 235.629913 297.302032 368.626953 427.296082,
 -695.468689 -704.022339 -732.292358 -759.474609 -761.459595 -742.578003 -721.333801 -41.919529 -36.985924 -57.901947 -95.383583 -122.125122 -119.829796 -95.587830 736.670898 767.607788 781.722961 760.212769 712.842468 678.721802 679.318115 1062.954346 1104.737305 1161.442749 1189.752319 1161.442749 1104.737305 1062.954346 679.318115 678.721802 712.842468 760.212769 781.722961 767.607788 736.670898 -95.587830 -119.829796 -122.125122 -95.383583 -57.901947 -36.985924 -41.919529 -721.333801 -742.578003 -761.459595 -759.474609 -732.292358 -704.022339 -695.468689,

Auto-correlations of the modulus of each oriented sub-band
 5.693997 6.813784 7.725337 7.985134 7.403238 6.226381 4.931121 6.524736 7.962073 9.110536 9.486489 8.893920 7.564791 5.996356 7.538321 9.573333 11.379627 12.223693 11.582657 9.693028 7.392212 8.006176 10.905806 13.803349 15.108113 13.803349 10.905806 8.006176 7.392212 9.693028 11.582657 12.223693 11.379627 9.573333 7.538321 5.996356 7.564791 8.893920 9.486489 9.110536 7.962073 6.524736 4.931121 6.226381 7.403238 7.985134 7.725337 6.813784 5.693997,
 27.328583 32.016663 37.402451 42.062355 45.034546 46.899567 48.400131 45.031746 54.691467 65.885147 72.995056 73.478851 71.288139 69.269722 67.233841 81.795013 99.841827 109.613960 103.912399 92.797745 84.236526 83.564911 98.071320 117.191559 127.842094 117.191559 98.071320 83.564911 84.236526 92.797745 103.912399 109.613960 99.841827 81.795013 67.233841 69.269722 71.288139 73.478851 72.995056 65.885147 54.691467 45.031746 48.400131 46.899567 45.034546 42.062355 37.402451 32.016663 27.328583,
 131.584595 145.954254 159.654541 166.397888 162.690582 152.802338 141.300079 197.793121 236.331406 276.605255 295.893951 280.205536 243.258469 205.756042 263.855743 334.604065 411.958496 449.143799 414.991638 339.609314 268.717194 294.322021 381.357880 477.610413 523.973511 477.610413 381.357880 294.322021 268.717194 339.609314 414.991638 449.143799 411.958496 334.604065 263.855743 205.756042 243.258469 280.205536 295.893951 276.605255 236.331406 197.793121 141.300079 152.802338 162.690582 166.397888 159.654541 145.954254 131.584595,
 73.498131 72.547989 70.628159 67.035622 61.934479 56.947750 52.931885 96.146072 101.433868 105.354286 103.773499 94.519615 81.601059 70.568954 111.655396 126.385696 141.608841 146.988922 134.315903 112.100937 93.091873 110.387634 131.596954 156.024750 168.396225 156.024750 131.596954 110.387634 93.091873 112.100937 134.315903 146.988922 141.608841 126.385696 111.655396 70.568954 81.601059 94.519615 103.773499 105.354286 101.433868 96.146072 52.931885 56.947750 61.934479 67.035622 70.628159 72.547989 73.498131,
 3.230288 3.929010 4.476706 4.637015 4.313574 3.657766 2.959614 3.792759 4.790147 5.612347 5.951735 5.644310 4.803194 3.803201 4.788305 6.465727 8.156321 9.054500 8.516607 6.841312 5.009852 5.533183 7.903292 10.423723 11.602570 10.423723 7.903292 5.533183 5.009852 6.841312 8.516607 9.054500 8.156321 6.465727 4.788305 3.803201 4.803194 5.644310 5.951735 5.612347 4.790147 3.792759 2.959614 3.657766 4.313574 4.637015 4.476706 3.929010 3.230288,
 8.957777 10.891164 13.428203 15.435452 16.539169 17.500034 18.734940 17.799299 24.200380 31.045181 34.318523 33.681122 32.074326 30.709188 30.549314 41.131229 53.425892 58.676964 53.654537 45.994427 39.953552 40.074997 50.518456 63.924103 71.403458 63.924103 50.518456 40.074997 39.953552 45.994427 53.654537 58.676964 53.425892 41.131229 30.549314 30.709188 32.074326 33.681122 34.318523 31.045181 24.200380 17.799299 18.734940 17.500034 16.539169 15.435452 13.428203 10.891164 8.957777,
 55.274693 60.901447 70.611778 78.927208 79.544304 71.471451 58.441006 92.197578 118.769440 149.077866 165.994217 156.501602 126.344360 92.209740 132.401810 187.121552 245.320938 273.662598 249.990555 191.597015 132.338394 150.653625 220.684341 293.424133 326.765045 293.424133 220.684341 150.653625 132.338394 191.597015 249.990555 273.662598 245.320938 187.121552 132.401810 92.209740 126.344360 156.501602 165.994217 149.077866 118.769440 92.197578 58.441006 71.471451 79.544304 78.927208 70.611778 60.901447 55.274693,
 39.064289 41.502861 44.518177 46.699265 46.212345 42.212624 36.374653 54.843906 61.700081 68.947647 73.215981 69.993698 59.747047 48.581989 67.599693 80.973083 95.887657 104.256577 97.094994 79.177399 62.256275 70.424355 88.592438 109.313866 119.661789 109.313866 88.592438 70.424355 62.256275 79.177399 97.094994 104.256577 95.887657 80.973083 67.599693 48.581989 59.747047 69.993698 73.215981 68.947647 61.700081 54.843906 36.374653 42.212624 46.212345 46.699265 44.518177 41.502861 39.064289,
 1.196668 1.621428 2.012695 2.097050 1.740304 1.115589 0.513529 1.854494 2.535139 3.156004 3.357725 2.939846 2.103598 1.247080 2.784461 4.023261 5.375227 6.036790 5.461454 4.020975 2.554826 3.359919 5.170428 7.159727 8.088088 7.159727 5.170428 3.359919 2.554826 4.020975 5.461454 6.036790 5.375227 4.023261 2.784461 1.247080 2.103598 2.939846 3.357725 3.156004 2.535139 1.854494 0.513529 1.115589 1.740304 2.097050 2.012695 1.621428 1.196668,
 1.745239 2.613706 3.418207 4.102636 5.008983 6.132895 7.087641 3.983079 7.468980 10.866267 11.936648 11.504107 11.526361 11.582125 8.755495 14.740854 22.096439 24.802563 21.359348 17.203924 14.567324 13.504681 19.057205 27.270721 31.978992 27.270721 19.057205 13.504681 14.567324 17.203924 21.359348 24.802563 22.096439 14.740854 8.755495 11.582125 11.526361 11.504107 11.936648 10.866267 7.468980 3.983079 7.087641 6.132895 5.008983 4.102636 3.418207 2.613706 1.745239,
 22.492481 19.903378 19.766989 21.298861 23.730200 26.175346 26.293068 32.227631 38.969929 49.168106 54.958683 51.778412 43.218433 34.133469 44.155533 64.355576 89.906677 102.274261 90.209808 65.354813 43.765038 48.933876 76.385834 109.994019 126.865570 109.994019 76.385834 48.933876 43.765038 65.354813 90.209808 102.274261 89.906677 64.355576 44.155533 34.133469 43.218433 51.778412 54.958683 49.168106 38.969929 32.227631 26.293068 26.175346 23.730200 21.298861 19.766989 19.903378 22.492481,
 7.314778 6.433793 5.467711 6.334853 8.796858 10.970127 12.018800 9.918198 10.906603 13.598325 17.655125 19.180737 16.922905 13.808577 13.005426 17.512712 25.580750 32.615215 30.713493 22.277132 15.074619 14.953288 22.702858 34.077263 40.548817 34.077263 22.702858 14.953288 15.074619 22.277132 30.713493 32.615215 25.580750 17.512712 13.005426 13.808577 16.922905 19.180737 17.655125 13.598325 10.906603 9.918198 12.018800 10.970127 8.796858 6.334853 5.467711 6.433793 7.314778,
 -0.598801 -0.028741 0.500189 0.750715 0.640281 0.189662 -0.369236 0.086012 0.832590 1.487286 1.793209 1.558217 0.856615 0.073114 1.210463 2.722131 4.175231 4.868724 4.246791 2.665703 0.987935 1.710232 3.937269 6.177477 7.201054 6.177477 3.937269 1.710232 0.987935 2.665703 4.246791 4.868724 4.175231 2.722131 1.210463 0.073114 0.856615 1.558217 1.793209 1.487286 0.832590 0.086012 -0.369236 0.189662 0.640281 0.750715 0.500189 -0.028741 -0.598801,
 8.826817 11.046435 12.846498 13.520967 12.971286 11.739390 10.337812 17.659868 21.272320 24.468498 25.697079 24.715042 22.507301 19.948931 25.886557 30.797344 35.436760 37.300144 35.426521 31.543095 27.419256 29.831081 35.020901 40.089222 42.393394 40.089222 35.020901 29.831081 27.419256 31.543095 35.426521 37.300144 35.436760 30.797344 25.886557 19.948931 22.507301 24.715042 25.697079 24.468498 21.272320 17.659868 10.337812 11.739390 12.971286 13.520967 12.846498 11.046435 8.826817,
 0.417681 5.263401 16.862259 24.141747 20.011162 12.355070 8.453962 12.941656 20.068474 36.526791 49.366970 44.784687 31.165535 21.778528 24.319098 36.680931 60.790535 78.237968 68.363701 45.481178 30.250708 30.995920 47.592289 75.788612 92.388931 75.788612 47.592289 30.995920 30.250708 45.481178 68.363701 78.237968 60.790535 36.680931 24.319098 21.778528 31.165535 44.784687 49.366970 36.526791 20.068474 12.941656 8.453962 12.355070 20.011162 24.141747 16.862259 5.263401 0.417681,
 2.361083 6.904337 10.868898 13.497740 14.025162 12.447355 9.400772 4.298238 10.445431 16.843948 20.988068 20.836006 17.173355 12.150583 7.279430 15.237579 24.071705 29.206032 27.127823 20.167099 12.786961 10.788717 19.406975 28.732544 33.122475 28.732544 19.406975 10.788717 12.786961 20.167099 27.127823 29.206032 24.071705 15.237579 7.279430 12.150583 17.173355 20.836006 20.988068 16.843948 10.445431 4.298238 9.400772 12.447355 14.025162 13.497740 10.868898 6.904337 2.361083,

Pairwise cross-correlations of the modulus of all oriented sub-bands at the same scale (size QxQ)
 15.108114 11.474939 17.643320 18.383307,
 11.474939 127.842125 182.285660 38.584476,
 17.643320 182.285660 523.973572 206.724838,
 18.383307 38.584476 206.724838 168.396210,
 11.602570 6.646154 11.310092 11.431932,
 6.646154 71.403465 97.751266 15.665076,
 11.310092 97.751266 326.765076 137.937820,
 11.431932 15.665076 137.937820 119.661797,
 8.088089 4.649305 4.842651 5.738045,
 4.649305 31.978994 36.197540 3.679897,
 4.842651 36.197540 126.865562 41.663544,
 5.738045 3.679897 41.663544 40.548817,
 7.201054 6.538174 -0.319537 8.179371,
 6.538174 42.393398 40.857525 17.210081,
 -0.319537 40.857525 92.388931 23.487938,
 8.179371 17.210081 23.487938 33.122475,

Cross-correlations of the modulus of all oriented sub-bands with all oriented sub-bands at the coarser scale (size QxQ)
 8.934081 6.451773 10.382387 12.213896,
 9.623073 31.535883 27.909950 6.152293,
 19.515945 35.580818 76.768730 43.462318,
 14.841666 9.382163 47.672813 48.115082,
 6.467783 4.826006 5.181019 5.710116,
 4.898852 11.926826 17.005875 6.884337,
 11.909481 6.266587 34.625748 21.087618,
 9.773540 -2.273190 11.084581 17.953255,
 4.841022 7.814036 2.087610 6.751153,
 3.009369 12.805192 7.938803 6.969421,
 3.063558 24.535576 30.778042 13.426802,
 3.942152 8.671223 3.171598 8.022981,

Cross-correlations of the real part of each oriented sub-band with both the real and imaginary part of all phase-doubled oriented sub-bands at the next coarser scale (Q matrices of size 1x2Q, which are computed and stored in a matrix of size Qx2Q)
 -1.611018 -2.018845 -1.413775 -2.370983 0.767361 0.033536 0.316082 0.864034,
 -0.976845 -40.920593 -47.678089 -10.131259 0.551853 -3.093452 -7.103867 -0.229801,
 -1.958779 -60.670979 -102.238449 -40.319469 -0.448787 -4.161795 -9.298959 3.322373,
 -2.888916 -11.804573 -33.877178 -25.683968 -0.527179 0.022974 1.880156 5.410878,
 -0.340189 -0.671344 -0.193216 -0.617389 -1.346698 -0.475115 0.062638 1.513480,
 -0.434045 -10.814281 -7.676768 -0.305524 -0.415399 -5.680142 2.157784 2.077486,
 -0.921620 -12.672691 -6.820513 0.491225 -0.684437 -2.418000 32.811466 16.435053,
 -1.035068 -0.931641 2.050797 -0.245105 -1.476282 1.799095 21.378944 13.685271,
 0.514816 -0.432559 -1.258514 -2.093738 -0.791053 -0.616562 0.382688 1.333217,
 0.113324 -15.590958 -26.919373 -0.058370 -0.459905 -3.844026 -1.360884 1.308223,
 -0.384372 -25.156225 -47.934807 -6.651745 0.251310 -3.954102 8.498303 11.409315,
 -0.159582 -5.113564 -13.618608 -10.371161 -0.110241 -0.228072 8.746455 10.979187,
