Low-band skewness and kurtosis
 -0.526648 2.176565,
 -0.363666 2.213377,
 -0.413412 2.245242,
 -0.026132 1.738255,
 0.127034 1.681050,

High-band variance
 999.556580,

Skewness, kurtosis, variance, mean, maximum and minimum of the reconstructed texture
 -0.669839 1.996910 5564.162109 189.718201 255.000000 3.000000,

Auto-correlations of the low-frequency bands at each scale
 1099.259155 1105.929199 1112.997437 1116.447876 1111.890503 1104.076416 1096.094604 1038.509155 968.156982 920.764954 894.282715 881.978210 889.425171 917.416992 2834.232666 2802.272217 2770.660645 2725.344971 2652.097168 2566.959717 2487.598389 4086.902344 4208.902344 4304.637695 4344.003906 4304.637695 4208.902344 4086.902344 2487.598389 2566.959717 2652.097168 2725.344971 2770.660645 2802.272217 2834.232666 917.416992 889.425171 881.978210 894.282715 920.764954 968.156982 1038.509155 1096.094604 1104.076416 1111.890503 1116.447876 1112.997437 1105.929199 1099.259155,
 1092.184082 1077.755371 1065.725342 1058.737183 1058.753174 1064.122314 1068.659912 1073.442993 1008.151672 955.261169 917.299194 893.957581 888.048889 896.717163 2043.299072 2027.951172 2010.068970 1973.091797 1904.649536 1824.027832 1753.531982 2719.914551 2815.909668 2900.331787 2936.997070 2900.331787 2815.909668 2719.914551 1753.531982 1824.027832 1904.649536 1973.091797 2010.068970 2027.951172 2043.299072 896.717163 888.048889 893.957581 917.299194 955.261169 1008.151672 1073.442993 1068.659912 1064.122314 1058.753174 1058.737183 1065.725342 1077.755371 1092.184082,
 923.680420 957.356018 994.627380 1032.731445 1069.070679 1100.202148 1121.332520 1007.855103 957.676575 922.162231 903.338806 903.027710 924.888367 962.591064 1630.183350 1600.400024 1569.769653 1523.304932 1453.509644 1383.561890 1332.728271 1927.911499 2006.612061 2080.400635 2113.728516 2080.400635 2006.612061 1927.911499 1332.728271 1383.561890 1453.509644 1523.304932 1569.769653 1600.400024 1630.183350 962.591064 924.888367 903.027710 903.338806 922.162231 957.676575 1007.855103 1121.332520 1100.202148 1069.070679 1032.731445 994.627380 957.356018 923.680420,
 423.755127 431.556274 433.151611 433.662781 434.145752 434.195068 434.699158 841.050415 830.871704 826.117493 830.411499 836.923035 846.253174 862.939575 1299.405029 1294.199219 1297.174805 1298.045654 1280.282227 1257.531006 1249.601318 1510.795166 1536.444702 1572.023193 1591.367920 1572.023193 1536.444702 1510.795166 1249.601318 1257.531006 1280.282227 1298.045654 1297.174805 1294.199219 1299.405029 862.939575 846.253174 836.923035 830.411499 826.117493 830.871704 841.050415 434.699158 434.195068 434.145752 433.662781 433.151611 431.556274 423.755127,
 -909.872009 -914.136902 -919.041687 -921.251282 -917.620178 -912.459290 -909.375916 -121.976288 -122.932228 -123.856056 -124.621033 -124.417824 -123.250374 -122.519485 909.345886 913.808350 920.573853 923.424866 918.112183 911.363037 907.877869 1413.564941 1421.560425 1434.148926 1441.370605 1434.148926 1421.560425 1413.564941 907.877869 911.363037 918.112183 923.424866 920.573853 913.808350 909.345886 -122.519485 -123.250374 -124.417824 -124.621033 -123.856056 -122.932228 -121.976288 -909.375916 -912.459290 -917.620178 -921.251282 -919.041687 -914.136902 -909.872009,

Auto-correlations of the modulus of each oriented sub-band
 4.105916 5.822316 7.277931 7.868354 7.301891 5.859624 4.144147 4.293838 6.086699 7.614236 8.238809 7.650494 6.145717 4.356313 4.774550 6.818624 8.580521 9.300777 8.607227 6.865736 4.826637 5.150734 7.396074 9.345377 10.139092 9.345377 7.396074 5.150734 4.826637 6.865736 8.607227 9.300777 8.580521 6.818624 4.774550 4.356313 6.145717 7.650494 8.238809 7.614236 6.086699 4.293838 4.144147 5.859624 7.301891 7.868354 7.277931 5.822316 4.105916,
 15.411642 17.211590 18.755127 19.612118 19.799618 19.405487 18.641752 29.283094 34.274132 38.381706 39.824097 38.804787 36.481407 33.788010 45.943813 54.431149 62.134613 64.824471 61.647072 55.601460 49.433140 55.115601 64.234673 73.270210 77.413094 73.270210 64.234673 55.115601 49.433140 55.601460 61.647072 64.824471 62.134613 54.431149 45.943813 33.788010 36.481407 38.804787 39.824097 38.381706 34.274132 29.283094 18.641752 19.405487 19.799618 19.612118 18.755127 17.211590 15.411642,
 182.633835 188.675934 192.835129 192.693024 187.466324 179.205658 170.464005 307.617340 328.024506 342.454163 345.500977 335.150940 315.109528 291.080536 443.043640 483.828369 513.898621 523.477539 508.212402 473.930481 430.603699 500.797760 553.278564 593.709045 609.518433 593.709045 553.278564 500.797760 430.603699 473.930481 508.212402 523.477539 513.898621 483.828369 443.043640 291.080536 315.109528 335.150940 345.500977 342.454163 328.024506 307.617340 170.464005 179.205658 187.466324 192.693024 192.835129 188.675934 182.633835,
 40.212585 40.588127 40.357708 39.481285 37.852428 35.382301 32.447220 62.021690 64.289635 65.537148 65.428200 63.182915 58.513287 52.547905 83.012032 88.954155 93.719612 95.696396 92.784462 85.334099 76.091621 89.552643 99.002586 107.098755 110.557396 107.098755 99.002586 89.552643 76.091621 85.334099 92.784462 95.696396 93.719612 88.954155 83.012032 52.547905 58.513287 63.182915 65.428200 65.537148 64.289635 62.021690 32.447220 35.382301 37.852428 39.481285 40.357708 40.588127 40.212585,
 2.408130 3.612741 4.726471 5.230781 4.841593 3.766349 2.511035 2.844546 4.113829 5.259694 5.737198 5.263515 4.076888 2.718995 3.589115 5.208574 6.690442 7.308996 6.683728 5.155818 3.448757 4.003047 5.961872 7.772674 8.534883 7.772674 5.961872 4.003047 3.448757 5.155818 6.683728 7.308996 6.690442 5.208574 3.589115 2.718995 4.076888 5.263515 5.737198 5.259694 4.113829 2.844546 2.511035 3.766349 4.841593 5.230781 4.726471 3.612741 2.408130,
 5.594773 6.641755 6.971930 6.175804 4.851644 3.744902 2.850866 13.269554 15.838371 17.606384 16.901018 14.316534 11.843407 10.141151 20.920715 25.676142 30.509880 31.254772 27.113258 22.200106 18.974129 23.610006 28.597874 35.254139 38.854630 35.254139 28.597874 23.610006 18.974129 22.200106 27.113258 31.254772 30.509880 25.676142 20.920715 10.141151 11.843407 14.316534 16.901018 17.606384 15.838371 13.269554 2.850866 3.744902 4.851644 6.175804 6.971930 6.641755 5.594773,
 54.564243 54.954887 54.964142 52.121815 44.331673 34.114677 24.586262 116.640495 124.622337 130.882980 131.122864 121.759926 106.417824 90.112053 183.872375 204.882416 222.189606 228.408127 217.821198 195.895172 170.483398 211.919525 241.286072 266.059204 276.723846 266.059204 241.286072 211.919525 170.483398 195.895172 217.821198 228.408127 222.189606 204.882416 183.872375 90.112053 106.417824 121.759926 131.122864 130.882980 124.622337 116.640495 24.586262 34.114677 44.331673 52.121815 54.964142 54.954887 54.564243,
 16.665773 16.962885 17.125933 16.993286 16.069849 14.208765 12.008966 27.489542 28.810835 30.342024 31.473314 30.670122 27.374300 23.039572 38.127468 41.977081 46.506367 49.587509 48.016407 42.145172 35.528889 41.990376 48.462765 55.428871 58.794106 55.428871 48.462765 41.990376 35.528889 42.145172 48.016407 49.587509 46.506367 41.977081 38.127468 23.039572 27.374300 30.670122 31.473314 30.342024 28.810835 27.489542 12.008966 14.208765 16.069849 16.993286 17.125933 16.962885 16.665773,
 1.360660 2.026365 2.656342 2.942365 2.686884 1.993862 1.167195 1.625232 2.400445 3.179853 3.577707 3.319946 2.506611 1.518361 2.083712 3.312441 4.537968 5.171705 4.788002 3.567617 2.138168 2.510764 4.228992 5.857990 6.564514 5.857990 4.228992 2.510764 2.138168 3.567617 4.788002 5.171705 4.537968 3.312441 2.083712 1.518361 2.506611 3.319946 3.577707 3.179853 2.400445 1.625232 1.167195 1.993862 2.686884 2.942365 2.656342 2.026365 1.360660,
 2.659116 3.529881 4.585921 5.258760 5.489254 5.761575 5.799272 6.882327 8.741882 10.804083 11.230640 10.035339 9.060207 8.623742 11.009772 13.996514 17.907370 19.124496 16.348616 13.337136 11.738336 12.997601 15.865014 20.505196 23.345377 20.505196 15.865014 12.997601 11.738336 13.337136 16.348616 19.124496 17.907370 13.996514 11.009772 8.623742 9.060207 10.035339 11.230640 10.804083 8.741882 6.882327 5.799272 5.761575 5.489254 5.258760 4.585921 3.529881 2.659116,
 28.732132 35.144081 42.519356 47.092743 46.284401 42.812195 39.776169 70.265656 82.116104 94.132629 100.240738 95.914124 85.458847 74.779877 111.717552 130.940430 149.542877 158.388092 150.315643 132.209656 113.262718 130.693008 153.606293 175.515442 185.714203 175.515442 153.606293 130.693008 113.262718 132.209656 150.315643 158.388092 149.542877 130.940430 111.717552 74.779877 85.458847 95.914124 100.240738 94.132629 82.116104 70.265656 39.776169 42.812195 46.284401 47.092743 42.519356 35.144081 28.732132,
 14.054624 15.009339 15.967115 16.710840 16.891352 16.198166 14.985969 24.328131 25.274204 27.001204 28.899004 29.147570 26.911587 23.961641 32.989361 35.573761 39.913242 43.488281 42.635174 37.805466 32.981556 36.661751 41.420746 47.646133 50.811760 47.646133 41.420746 36.661751 32.981556 37.805466 42.635174 43.488281 39.913242 35.573761 32.989361 23.961641 26.911587 29.147570 28.899004 27.001204 25.274204 24.328131 14.985969 16.198166 16.891352 16.710840 15.967115 15.009339 14.054624,
 -0.402328 -0.301397 -0.112066 0.017310 0.012497 -0.094842 -0.206084 -0.094744 0.245141 0.634997 0.906733 0.961826 0.832256 0.673187 0.667898 1.692515 2.700746 3.232932 3.024623 2.265334 1.411733 1.366966 2.774495 4.137778 4.731213 4.137778 2.774495 1.366966 1.411733 2.265334 3.024623 3.232932 2.700746 1.692515 0.667898 0.673187 0.832256 0.961826 0.906733 0.634997 0.245141 -0.094744 -0.206084 -0.094842 0.012497 0.017310 -0.112066 -0.301397 -0.402328,
 0.380940 1.641196 2.403690 2.288180 1.513705 0.064504 -0.861272 0.862790 3.388898 5.217618 4.166800 2.251652 0.799711 -0.299806 0.875021 3.571350 7.729924 7.799580 4.117790 1.592821 0.680448 1.015981 2.495430 6.884959 10.045677 6.884959 2.495430 1.015981 0.680448 1.592821 4.117790 7.799580 7.729924 3.571350 0.875021 -0.299806 0.799711 2.251652 4.166800 5.217618 3.388898 0.862790 -0.861272 0.064504 1.513705 2.288180 2.403690 1.641196 0.380940,
 4.251455 11.320815 18.310707 20.857014 17.541142 12.241269 8.003479 14.201509 21.780788 29.581894 32.558006 28.523266 21.907833 16.708796 23.977028 32.339897 41.207081 44.847797 39.928402 31.357033 24.277573 27.836258 36.317211 45.850700 50.541553 45.850700 36.317211 27.836258 24.277573 31.357033 39.928402 44.847797 41.207081 32.339897 23.977028 16.708796 21.907833 28.523266 32.558006 29.581894 21.780788 14.201509 8.003479 12.241269 17.541142 20.857014 18.310707 11.320815 4.251455,
 1.712658 2.676799 3.270606 3.232003 2.480487 1.592160 1.214997 3.487029 3.933481 4.606398 5.317870 5.505799 5.318043 5.277354 5.134099 6.340866 8.480402 10.645401 11.058510 9.959641 8.615150 7.738809 9.976493 12.761566 14.265039 12.761566 9.976493 7.738809 8.615150 9.959641 11.058510 10.645401 8.480402 6.340866 5.134099 5.277354 5.318043 5.505799 5.317870 4.606398 3.933481 3.487029 1.214997 1.592160 2.480487 3.232003 3.270606 2.676799 1.712658,

Pairwise cross-correlations of the modulus of all oriented sub-bands at the same scale (size QxQ)
 10.139092 4.186649 0.458637 4.875535,
 4.186649 77.413094 192.385330 68.823471,
 0.458637 192.385330 609.518616 238.446365,
 4.875535 68.823471 238.446365 110.557411,
 8.534883 3.459326 -0.751302 6.016328,
 3.459326 38.854630 83.002678 32.106682,
 -0.751302 83.002678 276.723877 105.184532,
 6.016328 32.106682 105.184532 58.794106,
 6.564514 3.639838 2.305621 6.626205,
 3.639838 23.345377 48.116402 22.388241,
 2.305621 48.116402 185.714218 78.704262,
 6.626205 22.388241 78.704262 50.811764,
 4.731213 2.702538 0.696875 3.172010,
 2.702538 10.045677 10.803043 6.047019,
 0.696875 10.803043 50.541557 22.211697,
 3.172010 6.047019 22.211697 14.265040,

Cross-correlations of the modulus of all oriented sub-bands with all oriented sub-bands at the coarser scale (size QxQ)
 7.529231 4.344388 -2.801748 6.460606,
 4.064093 9.640122 17.402924 10.438601,
 5.210404 20.361126 67.567078 33.614746,
 5.595300 8.918691 27.868904 20.571867,
 5.316165 5.206172 0.391907 7.720257,
 2.277668 0.980381 -2.028816 4.635807,
 2.201015 4.945268 34.982601 20.976374,
 4.790244 8.100388 23.527416 18.341358,
 3.667816 3.814188 -0.774933 2.228075,
 3.246212 3.686411 1.731153 2.685175,
 7.167334 6.005646 35.037842 18.669733,
 5.976222 7.267093 19.391542 12.448198,

Cross-correlations of the real part of each oriented sub-band with both the real and imaginary part of all phase-doubled oriented sub-bands at the next coarser scale (Q matrices of size 1x2Q, which are computed and stored in a matrix of size Qx2Q)
 -1.016994 -0.479211 -0.113855 -0.598748 1.173227 0.342720 -0.088744 -0.296066,
 -0.548022 -24.129435 -53.433571 -17.008980 0.408909 3.388499 2.800299 -1.165723,
 -0.114786 -58.491066 -146.653625 -55.292397 -0.051944 6.324317 3.565347 -6.285666,
 -0.582034 -18.647951 -52.906322 -24.310663 0.399030 1.723935 -0.796986 -4.071788,
 -0.582830 -0.158004 0.052479 -0.545966 -0.091851 -0.210868 0.455458 0.101344,
 -0.398750 1.716038 9.605470 4.499617 -0.066015 -0.858717 2.387393 2.566524,
 -0.271511 6.030609 34.668728 12.306897 0.125207 -1.806976 17.255928 14.262185,
 -0.545878 2.654375 14.889452 2.551388 -0.051722 -0.310095 13.089972 8.784683,
 0.657090 -0.119686 -0.265667 -0.302273 -0.099344 0.072155 0.029775 -0.302769,
 0.378209 -7.016378 -27.047638 -9.759684 0.202821 4.243615 10.729064 3.425894,
 0.099605 -18.856003 -94.330933 -38.954445 0.061830 8.815374 31.248650 11.723857,
 0.203910 -7.205080 -42.609219 -19.066179 0.002181 2.507072 12.145138 4.415412,
