Low-band skewness and kurtosis
 -0.620873 2.204801,
 -0.504743 2.211699,
 -0.411573 2.038992,
 -0.250097 1.783442,
 -0.191194 1.705094,

High-band variance
 937.796570,

Skewness, kurtosis, variance, mean, maximum and minimum of the reconstructed texture
 -0.723739 2.030578 6121.392578 189.076355 255.000000 0.000000,

Auto-correlations of the low-frequency bands at each scale
 2170.415039 1959.473389 1878.953369 1913.149414 1986.290283 2040.727295 2054.064453 3038.243652 2668.319824 2263.779785 1961.265747 1826.778442 1852.726562 1963.838867 4055.210693 4144.336914 4009.303955 3662.258789 3199.262451 2798.545898 2571.231689 3810.094727 4330.787598 4799.250000 4996.758789 4799.250000 4330.787598 3810.094727 2571.231689 2798.545898 3199.262451 3662.258789 4009.303955 4144.336914 4055.210693 1963.838867 1852.726562 1826.778442 1961.265747 2263.779785 2668.319824 3038.243652 2054.064453 2040.727295 1986.290283 1913.149414 1878.953369 1959.473389 2170.415039,
 1947.853027 1864.868896 1891.309814 1984.681274 2054.551270 2058.728516 1999.045410 2416.842041 2204.233154 1985.973022 1836.779541 1784.695435 1829.127563 1912.138062 3071.972656 3160.999756 3099.516113 2873.161133 2550.726074 2286.476318 2161.859863 2909.516602 3266.631592 3605.413574 3752.814697 3605.413574 3266.631592 2909.516602 2161.859863 2286.476318 2550.726074 2873.161133 3099.516113 3160.999756 3071.972656 1912.138062 1829.127563 1784.695435 1836.779541 1985.973022 2204.233154 2416.842041 1999.045410 2058.728516 2054.551270 1984.681274 1891.309814 1864.868896 1947.853027,
 1708.532349 1686.865479 1703.107300 1713.347168 1664.701294 1579.960693 1489.104858 2073.488525 2019.306152 1957.093628 1878.130371 1767.146118 1674.307373 1625.479248 2406.565674 2505.975830 2545.498291 2468.704102 2261.720459 2037.322876 1884.719482 2317.942627 2561.741699 2802.376953 2912.955322 2802.376953 2561.741699 2317.942627 1884.719482 2037.322876 2261.720459 2468.704102 2545.498291 2505.975830 2406.565674 1625.479248 1674.307373 1767.146118 1878.130371 1957.093628 2019.306152 2073.488525 1489.104858 1579.960693 1664.701294 1713.347168 1703.107300 1686.865479 1708.532349,
 849.460815 848.191772 818.775635 715.349609 527.335449 331.841309 198.767487 1406.731934 1444.021484 1457.467407 1389.573853 1201.808716 987.499451 832.757812 1854.772949 2015.015381 2138.708252 2121.879883 1904.953491 1628.193848 1424.271729 1851.867432 2102.449707 2374.020752 2506.164795 2374.020752 2102.449707 1851.867432 1424.271729 1628.193848 1904.953491 2121.879883 2138.708252 2015.015381 1854.772949 832.757812 987.499451 1201.808716 1389.573853 1457.467407 1444.021484 1406.731934 198.767487 331.841309 527.335449 715.349609 818.775635 848.191772 849.460815,
 -798.769409 -911.284241 -1208.780273 -1482.650879 -1481.735596 -1253.053467 -1011.604492 260.958221 334.618439 214.935883 -63.224747 -308.828156 -343.959747 -178.404755 1099.507812 1386.788818 1588.956299 1501.134521 1121.256836 769.072266 691.168579 1250.704834 1557.557373 1997.025391 2222.807861 1997.025391 1557.557373 1250.704834 691.168579 769.072266 1121.256836 1501.134521 1588.956299 1386.788818 1099.507812 -178.404755 -343.959747 -308.828156 -63.224747 214.935883 334.618439 260.958221 -1011.604492 -1253.053467 -1481.735596 -1482.650879 -1208.780273 -911.284241 -798.769409,

Auto-correlations of the modulus of each oriented sub-band
 11.267747 13.269516 15.039177 15.675095 14.768204 12.770863 10.487021 11.724477 14.285139 16.388363 17.181787 16.355816 14.187166 11.430896 12.322038 15.424656 18.486202 20.474379 19.980015 16.874073 12.825946 12.825298 17.400551 22.190331 24.417332 22.190331 17.400551 12.825298 12.825946 16.874073 19.980015 20.474379 18.486202 15.424656 12.322038 11.430896 14.187166 16.355816 17.181787 16.388363 14.285139 11.724477 10.487021 12.770863 14.768204 15.675095 15.039177 13.269516 11.267747,
 23.380434 24.477024 26.593529 28.200323 28.268436 27.588802 27.630224 34.143383 36.990181 42.509319 45.507317 42.710049 39.157219 37.717381 43.684528 48.800026 59.420059 65.421097 57.978195 49.346230 45.836292 48.159645 53.503670 66.045555 75.304703 66.045555 53.503670 48.159645 45.836292 49.346230 57.978195 65.421097 59.420059 48.800026 43.684528 37.717381 39.157219 42.710049 45.507317 42.509319 36.990181 34.143383 27.630224 27.588802 28.268436 28.200323 26.593529 24.477024 23.380434,
 202.440170 215.461868 225.431274 228.001678 219.823730 205.706223 192.970901 267.054718 298.533417 327.524200 338.433441 318.813446 281.920929 248.540619 323.264374 378.140320 434.713196 460.032593 427.893066 364.533508 307.342682 339.681366 407.004639 480.676880 517.083740 480.676880 407.004639 339.681366 307.342682 364.533508 427.893066 460.032593 434.713196 378.140320 323.264374 248.540619 281.920929 318.813446 338.433441 327.524200 298.533417 267.054718 192.970901 205.706223 219.823730 228.001678 225.431274 215.461868 202.440170,
 194.373734 196.681946 192.808197 183.092331 169.713837 156.104858 145.366531 223.457092 237.835938 243.532669 236.979385 218.425430 193.899292 171.318298 240.202332 269.907745 291.814026 295.271606 275.092834 240.411224 205.468201 233.366516 272.230286 307.492767 322.802795 307.492767 272.230286 233.366516 205.468201 240.411224 275.092834 295.271606 291.814026 269.907745 240.202332 171.318298 193.899292 218.425430 236.979385 243.532669 237.835938 223.457092 145.366531 156.104858 169.713837 183.092331 192.808197 196.681946 194.373734,
 9.530531 12.422725 14.762417 15.559350 14.420210 11.826497 8.742907 9.689302 12.824893 15.423448 16.491253 15.510377 12.818637 9.474236 10.394011 14.203053 17.777700 19.634661 18.595274 15.100976 10.872350 11.367315 16.079252 20.554277 22.512802 20.554277 16.079252 11.367315 10.872350 15.100976 18.595274 19.634661 17.777700 14.203053 10.394011 9.474236 12.818637 15.510377 16.491253 15.423448 12.824893 9.689302 8.742907 11.826497 14.420210 15.559350 14.762417 12.422725 9.530531,
 10.943735 11.893935 12.854191 13.574882 13.586662 12.601586 11.744566 15.015933 18.062843 20.637171 20.811455 19.769972 18.796715 17.523518 19.647160 24.550955 30.931335 32.258461 27.947784 24.324251 22.290016 22.880447 26.819931 34.072155 38.978054 34.072155 26.819931 22.880447 22.290016 24.324251 27.947784 32.258461 30.931335 24.550955 19.647160 17.523518 18.796715 19.769972 20.811455 20.637171 18.062843 15.015933 11.744566 12.601586 13.586662 13.574882 12.854191 11.893935 10.943735,
 100.595497 108.359146 113.094086 109.640717 97.085144 81.773209 70.596275 134.009094 158.855820 180.056320 184.083496 165.194443 134.694046 107.845245 162.581848 206.355911 248.634644 264.296143 238.893372 191.154465 146.845184 169.069763 221.453232 276.015686 301.686462 276.015686 221.453232 169.069763 146.845184 191.154465 238.893372 264.296143 248.634644 206.355911 162.581848 107.845245 134.694046 165.194443 184.083496 180.056320 158.855820 134.009094 70.596275 81.773209 97.085144 109.640717 113.094086 108.359146 100.595497,
 104.859352 113.424042 116.711807 112.816925 103.679443 92.833801 83.237236 120.468056 135.809235 145.361130 145.169205 134.766861 117.817207 100.594551 130.969971 154.587006 174.605316 181.722076 169.763824 144.804596 118.975456 130.788452 159.684814 187.469681 199.915649 187.469681 159.684814 130.788452 118.975456 144.804596 169.763824 181.722076 174.605316 154.587006 130.969971 100.594551 117.817207 134.766861 145.169205 145.361130 135.809235 120.468056 83.237236 92.833801 103.679443 112.816925 116.711807 113.424042 104.859352,
 9.252881 13.715050 17.195095 18.318918 16.617390 12.796394 8.183814 9.741185 14.862384 19.126398 20.879499 19.360399 15.201779 9.982661 10.701690 16.831594 22.325489 24.834007 23.003002 17.741228 11.412761 11.641108 18.548559 24.778404 27.383329 24.778404 18.548559 11.641108 11.412761 17.741228 23.003002 24.834007 22.325489 16.831594 10.701690 9.982661 15.201779 19.360399 20.879499 19.126398 14.862384 9.741185 8.183814 12.796394 16.617390 18.318918 17.195095 13.715050 9.252881,
 4.506073 4.890448 5.158534 5.438083 5.474986 4.534980 2.666779 6.085546 8.060323 8.677691 7.406727 6.197307 5.609738 4.596753 5.945337 9.670728 13.654919 12.970186 8.883696 6.268619 5.207474 5.320769 7.997853 13.322512 17.016085 13.322512 7.997853 5.320769 5.207474 6.268619 8.883696 12.970186 13.654919 9.670728 5.945337 4.596753 5.609738 6.197307 7.406727 8.677691 8.060323 6.085546 2.666779 4.534980 5.474986 5.438083 5.158534 4.890448 4.506073,
 23.454565 26.493664 30.862358 32.518459 28.669327 21.752224 15.948801 43.201809 50.542767 60.327179 64.580086 57.826080 45.893589 36.543354 61.824848 76.495201 94.928848 103.905823 93.651749 74.197426 58.589275 69.016068 87.952423 111.465805 123.568916 111.465805 87.952423 69.016068 58.589275 74.197426 93.651749 103.905823 94.928848 76.495201 61.824848 36.543354 45.893589 57.826080 64.580086 60.327179 50.542767 43.201809 15.948801 21.752224 28.669327 32.518459 30.862358 26.493664 23.454565,
 35.562733 35.614349 35.030781 33.869205 31.955807 29.210594 26.109005 46.407574 50.610603 54.190876 55.568207 53.096935 47.081673 40.437145 56.403763 66.550339 76.857697 82.258224 77.788300 65.992172 54.075424 60.255177 74.139374 88.946213 96.018646 88.946213 74.139374 60.255177 54.075424 65.992172 77.788300 82.258224 76.857697 66.550339 56.403763 40.437145 47.081673 53.096935 55.568207 54.190876 50.610603 46.407574 26.109005 29.210594 31.955807 33.869205 35.030781 35.614349 35.562733,
 0.215931 7.515757 13.716492 16.434023 14.314226 8.241652 0.653826 3.223158 12.193911 20.069538 23.710144 21.230106 13.657118 4.181786 7.220415 18.444054 28.365982 32.843143 29.454781 19.753639 8.002874 9.436882 22.118898 33.108658 37.571873 33.108658 22.118898 9.436882 8.002874 19.753639 29.454781 32.843143 28.365982 18.444054 7.220415 4.181786 13.657118 21.230106 23.710144 20.069538 12.193911 3.223158 0.653826 8.241652 14.314226 16.434023 13.716492 7.515757 0.215931,
 2.285985 5.820711 6.193371 3.807353 2.793414 3.818319 3.596995 1.377514 6.280965 9.608597 6.835976 2.495589 1.928141 2.975644 0.569735 5.183048 12.046152 12.329849 5.297300 1.200750 1.713467 0.635125 2.678661 10.122199 15.623397 10.122199 2.678661 0.635125 1.713467 1.200750 5.297300 12.329849 12.046152 5.183048 0.569735 2.975644 1.928141 2.495589 6.835976 9.608597 6.280965 1.377514 3.596995 3.818319 2.793414 3.807353 6.193371 5.820711 2.285985,
 4.019151 11.303886 11.630909 7.405782 3.355436 2.152024 2.043579 13.355927 27.328804 32.656994 27.211956 16.169613 6.866374 1.162135 17.294357 37.345833 51.983574 52.103683 38.169899 20.550699 6.615988 14.087580 34.354477 54.954460 64.422356 54.954460 34.354477 14.087580 6.615988 20.550699 38.169899 52.103683 51.983574 37.345833 17.294357 1.162135 6.866374 16.169613 27.211956 32.656994 27.328804 13.355927 2.043579 2.152024 3.355436 7.405782 11.630909 11.303886 4.019151,
 5.075504 7.920581 6.849176 3.994216 2.157982 0.545581 -1.601573 7.572425 10.859563 10.382794 8.674091 6.640983 2.885274 -1.270149 7.929712 13.592006 18.567886 21.718855 18.470768 9.939418 2.137778 6.281412 14.958757 25.423765 31.058662 25.423765 14.958757 6.281412 2.137778 9.939418 18.470768 21.718855 18.567886 13.592006 7.929712 -1.270149 2.885274 6.640983 8.674091 10.382794 10.859563 7.572425 -1.601573 0.545581 2.157982 3.994216 6.849176 7.920581 5.075504,

Pairwise cross-correlations of the modulus of all oriented sub-bands at the same scale (size QxQ)
 24.417334 10.088190 23.519831 38.687981,
 10.088190 75.304703 125.289917 42.985371,
 23.519831 125.289917 517.083801 314.198273,
 38.687981 42.985371 314.198273 322.802765,
 22.512804 5.666381 15.253674 26.495241,
 5.666381 38.978062 65.822388 19.939964,
 15.253674 65.822388 301.686493 184.053482,
 26.495241 19.939964 184.053482 199.915665,
 27.383329 6.309796 3.359695 15.768795,
 6.309796 17.016087 17.846031 6.972795,
 3.359695 17.846031 123.568924 85.333633,
 15.768795 6.972795 85.333633 96.018646,
 37.571877 14.033604 4.147017 5.754761,
 14.033604 15.623396 14.586658 6.069211,
 4.147017 14.586658 64.422348 30.094147,
 5.754761 6.069211 30.094147 31.058666,

Cross-correlations of the modulus of all oriented sub-bands with all oriented sub-bands at the coarser scale (size QxQ)
 17.410986 4.931892 12.244827 25.406034,
 7.504267 28.387804 51.973656 27.066586,
 20.211792 39.905811 139.673615 109.385048,
 27.919674 9.817083 89.330276 122.269051,
 18.974165 4.957747 3.493717 14.484397,
 3.139977 8.162127 6.013763 5.246609,
 10.707174 18.308641 67.545891 58.040401,
 18.192690 9.551883 62.128792 66.772079,
 26.127600 11.472791 1.350185 3.471855,
 6.396628 4.752688 4.771962 -0.502740,
 -4.440202 2.993056 9.507599 3.039179,
 5.065310 6.552173 9.371832 11.790102,

Cross-correlations of the real part of each oriented sub-band with both the real and imaginary part of all phase-doubled oriented sub-bands at the next coarser scale (Q matrices of size 1x2Q, which are computed and stored in a matrix of size Qx2Q)
 -1.975959 -0.973743 -0.977899 -4.719480 3.342374 0.578503 1.100594 -0.323224,
 -0.475023 -26.462749 -33.043034 -6.485406 1.051096 -3.160447 -4.670647 -0.593686,
 -4.213461 -45.490944 -67.539085 -24.510860 0.086723 -6.505819 1.760067 8.410589,
 -6.895280 -10.593645 -17.533169 -23.353506 1.325667 -1.286216 11.267370 9.199332,
 0.038868 0.090988 0.123260 0.209353 2.996580 1.053026 -0.795199 -1.565781,
 0.287775 -7.119115 -6.611517 0.668095 1.085640 0.958570 -4.061207 -3.025498,
 -0.449282 -11.427463 -2.044971 9.792789 0.032650 0.902967 -27.749409 -25.376062,
 -0.910480 -2.109643 5.579929 9.010363 0.892084 0.663431 -21.313585 -21.442898,
 0.452357 0.178901 -1.330204 -3.987937 4.065001 2.395965 0.563821 -1.360211,
 0.652054 -0.023281 3.893167 0.102920 1.073888 2.812714 6.480386 1.143758,
 -0.351762 0.976621 2.143254 -16.377396 -0.166993 4.813090 32.349075 10.027136,
 -0.945866 0.564700 -8.006276 -23.211086 1.767646 2.570571 20.720955 6.162020,
