Low-band skewness and kurtosis
 -0.563118 2.180326,
 -0.503148 2.388576,
 -0.331867 2.020784,
 -0.131006 1.637213,
 -0.257904 1.585807,

High-band variance
 972.898926,

Skewness, kurtosis, variance, mean, maximum and minimum of the reconstructed texture
 -0.689453 1.999597 5853.281250 189.044128 255.000000 1.000000,

Auto-correlations of the low-frequency bands at each scale
 1348.743408 1323.170166 1360.904053 1435.286377 1517.876709 1591.062988 1640.262939 2013.077271 1711.680420 1458.209229 1314.180786 1294.498291 1377.567871 1512.804321 3577.106934 3514.923828 3358.960449 3126.407227 2835.103516 2551.117188 2342.119629 3816.779297 4209.424805 4533.803711 4665.644531 4533.803711 4209.424805 3816.779297 2342.119629 2551.117188 2835.103516 3126.407227 3358.960449 3514.923828 3577.106934 1512.804321 1377.567871 1294.498291 1314.180786 1458.209229 1711.680420 2013.077271 1640.262939 1591.062988 1517.876709 1435.286377 1360.904053 1323.170166 1348.743408,
 1273.109863 1240.927002 1246.798828 1271.110474 1289.175781 1294.887695 1291.475586 1570.348755 1398.834229 1259.898193 1181.218384 1165.964111 1209.843750 1287.497437 2515.776367 2514.573730 2458.464111 2342.796387 2179.786865 2028.662598 1933.985962 2788.200195 3024.525879 3228.967041 3314.797363 3228.967041 3024.525879 2788.200195 1933.985962 2028.662598 2179.786865 2342.796387 2458.464111 2514.573730 2515.776367 1287.497437 1209.843750 1165.964111 1181.218384 1259.898193 1398.834229 1570.348755 1291.475586 1294.887695 1289.175781 1271.110474 1246.798828 1240.927002 1273.109863,
 1166.944580 1164.511230 1197.491943 1243.446899 1275.795166 1290.018311 1287.911133 1387.420898 1297.622803 1225.904785 1183.889771 1171.271484 1192.617188 1231.658447 1931.528931 1936.085693 1908.816528 1836.484131 1722.845093 1618.336670 1556.423950 2102.579346 2243.778076 2376.050293 2434.758789 2376.050293 2243.778076 2102.579346 1556.423950 1618.336670 1722.845093 1836.484131 1908.816528 1936.085693 1931.528931 1231.658447 1192.617188 1171.271484 1183.889771 1225.904785 1297.622803 1387.420898 1287.911133 1290.018311 1275.795166 1243.446899 1197.491943 1164.511230 1166.944580,
 613.610291 639.837097 659.664368 657.734436 631.028137 599.577454 575.275696 1044.453247 1029.407227 1028.504150 1024.684937 1004.836914 991.895203 998.648438 1549.542969 1555.682129 1567.889771 1556.697754 1498.191772 1428.856445 1381.206055 1704.329712 1787.009521 1872.435791 1913.971069 1872.435791 1787.009521 1704.329712 1381.206055 1428.856445 1498.191772 1556.697754 1567.889771 1555.682129 1549.542969 998.648438 991.895203 1004.836914 1024.684937 1028.504150 1029.407227 1044.453247 575.275696 599.577454 631.028137 657.734436 659.664368 639.837097 613.610291,
 -1032.343384 -1055.563965 -1114.727905 -1164.696899 -1162.710571 -1122.806885 -1079.630737 14.942312 28.295254 10.038860 -31.198526 -71.307098 -84.304321 -63.197945 1083.605835 1134.068115 1177.588989 1173.697388 1109.192261 1040.162598 1019.025574 1512.228027 1568.044800 1652.805298 1697.740845 1652.805298 1568.044800 1512.228027 1019.025574 1040.162598 1109.192261 1173.697388 1177.588989 1134.068115 1083.605835 -63.197945 -84.304321 -71.307098 -31.198526 10.038860 28.295254 14.942312 -1079.630737 -1122.806885 -1162.710571 -1164.696899 -1114.727905 -1055.563965 -1032.343384,

Auto-correlations of the modulus of each oriented sub-band
 5.292781 6.533985 7.600186 8.006102 7.500499 6.295447 4.895619 5.736370 7.135189 8.292760 8.669727 8.097495 6.850743 5.378099 6.499796 8.338622 10.028869 10.965181 10.541928 8.788056 6.511361 6.846380 9.547797 12.320045 13.583595 12.320045 9.547797 6.846380 6.511361 8.788056 10.541928 10.965181 10.028869 8.338622 6.499796 5.378099 6.850743 8.097495 8.669727 8.292760 7.135189 5.736370 4.895619 6.295447 7.500499 8.006102 7.600186 6.533985 5.292781,
 20.342747 22.992138 27.635155 31.558437 32.360905 31.969994 32.593258 31.983421 37.682289 47.297119 53.046516 50.285446 45.396797 43.225990 43.747612 52.578796 68.725403 77.626465 68.854935 56.545181 50.584328 50.948311 59.937519 77.968323 89.778107 77.968323 59.937519 50.948311 50.584328 56.545181 68.854935 77.626465 68.725403 52.578796 43.747612 43.225990 45.396797 50.285446 53.046516 47.297119 37.682289 31.983421 32.593258 31.969994 32.360905 31.558437 27.635155 22.992138 20.342747,
 187.942307 201.522598 210.940308 211.546661 200.381989 182.067123 165.424484 261.816223 297.465332 329.011414 339.132782 316.913513 274.742249 234.141663 331.477386 394.606232 456.171967 481.531616 447.621063 378.268707 310.910248 353.213318 431.455994 511.394287 548.544800 511.394287 431.455994 353.213318 310.910248 378.268707 447.621063 481.531616 456.171967 394.606232 331.477386 234.141663 274.742249 316.913513 339.132782 329.011414 297.465332 261.816223 165.424484 182.067123 200.381989 211.546661 210.940308 201.522598 187.942307,
 106.221359 105.512108 102.402611 97.222885 90.403450 82.994316 76.626877 135.295486 141.115128 143.014282 139.591339 129.816772 115.617386 101.391380 155.766464 171.916855 184.167358 186.936920 175.720856 154.481033 131.934433 154.481247 178.508881 200.173950 209.623978 200.173950 178.508881 154.481247 131.934433 154.481033 175.720856 186.936920 184.167358 171.916855 155.766464 101.391380 115.617386 129.816772 139.591339 143.014282 141.115128 135.295486 76.626877 82.994316 90.403450 97.222885 102.402611 105.512108 106.221359,
 3.457670 4.535152 5.547243 6.037842 5.749436 4.828688 3.673662 4.138663 5.411806 6.630623 7.273361 6.991625 5.895831 4.483918 5.060720 6.888861 8.719132 9.714347 9.227654 7.520703 5.511183 5.795457 8.208500 10.598864 11.669250 10.598864 8.208500 5.795457 5.511183 7.520703 9.227654 9.714347 8.719132 6.888861 5.060720 4.483918 5.895831 6.991625 7.273361 6.630623 5.411806 4.138663 3.673662 4.828688 5.749436 6.037842 5.547243 4.535152 3.457670,
 10.624018 12.586035 14.186417 15.219321 16.175785 17.209196 18.043242 19.747171 24.253828 28.272785 29.346951 28.239761 27.206987 26.438482 28.833500 35.567261 43.208153 45.650848 41.362038 36.313416 32.960190 33.994438 40.137295 48.788761 53.833588 48.788761 40.137295 33.994438 32.960190 36.313416 41.362038 45.650848 43.208153 35.567261 28.833500 26.438482 27.206987 28.239761 29.346951 28.272785 24.253828 19.747171 18.043242 17.209196 16.175785 15.219321 14.186417 12.586035 10.624018,
 92.317314 102.103279 106.985497 103.245659 92.466331 81.131920 74.515404 137.534027 166.324921 186.555786 185.758133 162.686646 130.839905 104.794739 171.479721 223.101898 266.923889 278.070679 247.008713 194.054596 144.888321 174.036133 235.409882 295.220398 321.994751 295.220398 235.409882 174.036133 144.888321 194.054596 247.008713 278.070679 266.923889 223.101898 171.479721 104.794739 130.839905 162.686646 185.758133 186.555786 166.324921 137.534027 74.515404 81.131920 92.466331 103.245659 106.985497 102.103279 92.317314,
 42.570004 44.095436 43.670033 40.554935 35.272091 30.143967 27.348942 54.522533 60.792229 64.204865 62.625408 55.354977 45.123528 36.380817 61.606174 74.967819 86.405960 90.196793 81.681625 65.171494 49.184063 59.470028 77.731491 95.993141 104.531235 95.993141 77.731491 59.470028 49.184063 65.171494 81.681625 90.196793 86.405960 74.967819 61.606174 36.380817 45.123528 55.354977 62.625408 64.204865 60.792229 54.522533 27.348942 30.143967 35.272091 40.554935 43.670033 44.095436 42.570004,
 1.745712 2.717098 3.627003 4.078186 3.795336 2.814865 1.531503 2.013113 3.153029 4.310083 4.942183 4.645133 3.506425 2.041436 2.724015 4.525201 6.435168 7.456277 6.869079 5.058479 3.029923 3.361454 5.712946 8.126579 9.221155 8.126579 5.712946 3.361454 3.029923 5.058479 6.869079 7.456277 6.435168 4.525201 2.724015 2.041436 3.506425 4.645133 4.942183 4.310083 3.153029 2.013113 1.531503 2.814865 3.795336 4.078186 3.627003 2.717098 1.745712,
 0.182499 1.691122 3.191591 3.392722 2.372194 1.465365 1.760979 2.067008 5.479079 8.592985 9.097471 7.530509 5.873432 5.051025 4.716709 9.718234 15.630802 17.158482 13.545252 9.645654 7.382690 6.992576 11.240677 17.871502 21.793554 17.871502 11.240677 6.992576 7.382690 9.645654 13.545252 17.158482 15.630802 9.718234 4.716709 5.051025 5.873432 7.530509 9.097471 8.592985 5.479079 2.067008 1.760979 1.465365 2.372194 3.392722 3.191591 1.691122 0.182499,
 48.476601 52.617775 57.742554 59.614708 55.927551 48.966637 40.895241 62.860950 79.295486 96.871918 106.286232 101.197586 85.408188 65.486549 82.377594 114.565018 146.739105 162.923264 152.072693 122.460678 88.224838 94.740646 135.200729 173.503967 190.739777 173.503967 135.200729 94.740646 88.224838 122.460678 152.072693 162.923264 146.739105 114.565018 82.377594 65.486549 85.408188 101.197586 106.286232 96.871918 79.295486 62.860950 40.895241 48.966637 55.927551 59.614708 57.742554 52.617775 48.476601,
 23.536856 24.267422 24.280405 22.759563 20.108480 17.044781 14.774801 29.079515 33.877979 37.711674 38.937065 35.983074 29.168930 22.131887 33.737667 44.053268 53.811478 58.825165 54.286255 42.445953 30.362179 34.902439 48.548813 62.278439 68.800186 62.278439 48.548813 34.902439 30.362179 42.445953 54.286255 58.825165 53.811478 44.053268 33.737667 22.131887 29.168930 35.983074 38.937065 37.711674 33.877979 29.079515 14.774801 17.044781 20.108480 22.759563 24.280405 24.267422 23.536856,
 -0.329420 1.810024 3.632609 4.253510 3.281615 1.160955 -1.181736 1.049894 3.745043 5.971758 6.679958 5.451483 2.819516 -0.126135 2.253697 5.659339 8.557937 9.601530 8.144912 4.886670 1.245859 2.386274 6.278463 9.738890 11.177022 9.738890 6.278463 2.386274 1.245859 4.886670 8.144912 9.601530 8.557937 5.659339 2.253697 -0.126135 2.819516 5.451483 6.679958 5.971758 3.745043 1.049894 -1.181736 1.160955 3.281615 4.253510 3.632609 1.810024 -0.329420,
 3.784324 3.241903 2.430570 1.393549 -0.107509 -1.746250 -3.174636 4.268838 4.633234 4.223512 2.973473 1.345734 -0.318863 -1.903677 4.018657 6.036791 7.742426 6.952253 4.155044 1.578624 -0.288979 1.964621 4.477835 7.916707 9.987947 7.916707 4.477835 1.964621 -0.288979 1.578624 4.155044 6.952253 7.742426 6.036791 4.018657 -1.903677 -0.318863 1.345734 2.973473 4.223512 4.633234 4.268838 -3.174636 -1.746250 -0.107509 1.393549 2.430570 3.241903 3.784324,
 28.364183 33.559368 33.503021 26.965412 13.634118 -3.118632 -17.617346 38.777802 49.658615 54.780731 50.628746 35.540710 14.560272 -4.694847 41.208347 59.088348 72.013626 73.367462 59.414352 36.526901 13.764962 31.539631 54.226181 74.514168 83.337677 74.514168 54.226181 31.539631 13.764962 36.526901 59.414352 73.367462 72.013626 59.088348 41.208347 -4.694847 14.560272 35.540710 50.628746 54.780731 49.658615 38.777802 -17.617346 -3.118632 13.634118 26.965412 33.503021 33.559368 28.364183,
 2.228228 3.176829 2.498592 0.500714 -1.813373 -3.784958 -5.253143 7.074466 7.592554 6.982315 6.110077 5.074138 3.059084 0.296016 9.484573 11.554278 13.967843 16.078381 15.414731 11.235309 6.006035 8.913363 13.998496 19.558716 22.301975 19.558716 13.998496 8.913363 6.006035 11.235309 15.414731 16.078381 13.967843 11.554278 9.484573 0.296016 3.059084 5.074138 6.110077 6.982315 7.592554 7.074466 -5.253143 -3.784958 -1.813373 0.500714 2.498592 3.176829 2.228228,

Pairwise cross-correlations of the modulus of all oriented sub-bands at the same scale (size QxQ)
 13.583596 11.855509 17.790968 17.526552,
 11.855509 89.778099 143.990021 46.027245,
 17.790968 143.990021 548.544922 277.266724,
 17.526552 46.027245 277.266724 209.623962,
 11.669250 6.917335 8.216574 9.048147,
 6.917335 53.833584 88.603394 25.101002,
 8.216574 88.603394 321.994812 141.232040,
 9.048147 25.101002 141.232040 104.531242,
 9.221155 3.182883 3.181166 7.623615,
 3.182883 21.793556 39.816071 14.845297,
 3.181166 39.816071 190.739792 92.694733,
 7.623615 14.845297 92.694733 68.800194,
 11.177022 1.000488 -10.700220 -0.949799,
 1.000488 9.987947 14.511948 3.621569,
 -10.700220 14.511948 83.337685 33.314156,
 -0.949799 3.621569 33.314156 22.301977,

Cross-correlations of the modulus of all oriented sub-bands with all oriented sub-bands at the coarser scale (size QxQ)
 8.414892 5.461660 3.732515 8.533759,
 10.416441 29.146921 30.891445 11.489615,
 20.341331 36.051876 95.629868 60.456890,
 13.537377 7.380742 44.064999 49.104034,
 7.146069 2.597118 0.712891 4.908328,
 5.081276 10.861362 21.889919 11.186105,
 7.544525 15.348696 78.736023 45.840466,
 6.097689 6.037794 39.452835 27.180656,
 6.263704 1.239772 -7.436332 -0.457020,
 -0.003826 -1.307395 -6.748892 -0.928796,
 -5.788937 -4.572769 0.976628 -0.346585,
 4.205751 -0.373965 -2.021636 0.868193,

Cross-correlations of the real part of each oriented sub-band with both the real and imaginary part of all phase-doubled oriented sub-bands at the next coarser scale (Q matrices of size 1x2Q, which are computed and stored in a matrix of size Qx2Q)
 -0.872935 -1.912255 -1.015798 -2.376334 0.934615 -0.070457 0.007499 -0.184063,
 -1.114614 -32.572918 -25.994549 1.092753 0.328949 -4.037579 -7.973952 -1.859235,
 -2.302767 -46.447113 -20.236753 4.109483 0.268324 -9.999969 -23.183914 -4.754497,
 -2.298744 -7.937030 8.416180 -5.134261 0.482653 -3.441429 -8.031510 -1.609993,
 0.471716 -0.934114 -0.655396 -1.226435 0.409919 0.275462 -0.170382 0.806483,
 -0.169727 -9.821495 -16.544703 -6.108850 0.399469 -0.457506 -6.372233 -2.439035,
 -0.569175 -17.032072 -64.629959 -33.333393 0.069634 -2.303622 -31.415997 -12.221636,
 -0.176577 -5.717384 -34.016228 -22.502558 -0.354990 -0.777922 -18.169491 -4.857908,
 -0.261081 -0.523241 -0.146740 -0.851276 0.547197 0.295522 -0.037814 0.004145,
 -0.253709 -8.463214 -16.108761 -4.208179 0.153173 0.610265 -16.415874 -4.929305,
 -0.451210 -13.466497 -48.516888 -16.773636 -0.164178 -3.821735 -56.142616 -18.080807,
 -0.419781 -2.975992 -19.748009 -9.424162 0.043363 -2.617414 -24.210426 -8.978651,
