Low-band skewness and kurtosis
 -0.650361 2.196509,
 -0.595387 2.297074,
 -0.472852 2.015884,
 -0.345374 1.724980,
 -0.299433 1.624088,

High-band variance
 903.039856,

Skewness, kurtosis, variance, mean, maximum and minimum of the reconstructed texture
 -0.749982 2.047226 6117.740723 190.349060 255.000000 3.000000,

Auto-correlations of the low-frequency bands at each scale
 2131.610840 2087.616211 2050.605225 2024.588745 2019.420776 2053.762695 2132.574219 2207.122314 2040.428711 1922.848145 1915.804321 2033.683838 2244.413086 2472.965088 3148.274414 3277.544434 3447.777344 3608.432617 3691.921875 3690.839844 3624.547852 4132.964844 4529.519531 4876.219238 5020.820312 4876.219238 4529.519531 4132.964844 3624.547852 3690.839844 3691.921875 3608.432617 3447.777344 3277.544434 3148.274414 2472.965088 2244.413086 2033.683838 1915.804321 1922.848145 2040.428711 2207.122314 2132.574219 2053.762695 2019.420776 2024.588745 2050.605225 2087.616211 2131.610840,
 2179.099365 2130.726074 2071.499023 2011.935669 1970.937378 1971.305786 2015.061890 2138.685791 2004.796631 1905.262085 1883.130249 1946.227661 2076.684326 2225.760010 2581.582031 2653.655273 2767.038574 2880.177246 2932.254883 2920.005859 2865.230957 3139.701416 3401.219727 3639.048340 3741.240234 3639.048340 3401.219727 3139.701416 2865.230957 2920.005859 2932.254883 2880.177246 2767.038574 2653.655273 2581.582031 2225.760010 2076.684326 1946.227661 1883.130249 1905.262085 2004.796631 2138.685791 2015.061890 1971.305786 1970.937378 2011.935669 2071.499023 2130.726074 2179.099365,
 1784.657349 1773.972656 1772.831177 1781.623047 1793.474731 1808.335938 1828.647339 1991.396240 1938.925781 1907.010620 1911.298096 1946.379272 2005.213623 2069.202637 2356.512939 2398.178467 2452.921387 2491.966797 2483.061523 2442.746826 2397.204834 2589.558594 2734.769531 2875.505859 2938.319580 2875.505859 2734.769531 2589.558594 2397.204834 2442.746826 2483.061523 2491.966797 2452.921387 2398.178467 2356.512939 2069.202637 2005.213623 1946.379272 1911.298096 1907.010620 1938.925781 1991.396240 1828.647339 1808.335938 1793.474731 1781.623047 1772.831177 1773.972656 1784.657349,
 738.408203 743.645874 758.274170 787.122864 825.895386 863.328491 890.640381 1504.956543 1485.420044 1470.788818 1475.163818 1497.052490 1527.393677 1554.681396 2067.269287 2103.932861 2150.714600 2182.965820 2171.919678 2129.610107 2084.641357 2306.988037 2404.087158 2506.286865 2553.498779 2506.286865 2404.087158 2306.988037 2084.641357 2129.610107 2171.919678 2182.965820 2150.714600 2103.932861 2067.269287 1554.681396 1527.393677 1497.052490 1475.163818 1470.788818 1485.420044 1504.956543 890.640381 863.328491 825.895386 787.122864 758.274170 743.645874 738.408203,
 -1535.975586 -1568.048706 -1603.312744 -1605.655151 -1566.885742 -1526.930542 -1514.110352 -63.132278 -96.763947 -100.372879 -60.843689 -10.247868 10.907780 -0.776285 1492.667236 1495.413208 1545.719482 1610.733521 1629.649414 1596.781372 1552.248291 2183.209229 2232.609375 2309.815186 2350.740967 2309.815186 2232.609375 2183.209229 1552.248291 1596.781372 1629.649414 1610.733521 1545.719482 1495.413208 1492.667236 -0.776285 10.907780 -10.247868 -60.843689 -100.372879 -96.763947 -63.132278 -1514.110352 -1526.930542 -1566.885742 -1605.655151 -1603.312744 -1568.048706 -1535.975586,

Auto-correlations of the modulus of each oriented sub-band
 6.397621 8.019685 9.382167 9.946269 9.477365 8.246926 6.796183 7.195135 9.115695 10.683034 11.285334 10.688439 9.218110 7.505280 8.650432 11.452784 13.701204 14.373396 13.245592 10.987066 8.488940 9.160179 12.643428 16.076483 17.602949 16.076483 12.643428 9.160179 8.488940 10.987066 13.245592 14.373396 13.701204 11.452784 8.650432 7.505280 9.218110 10.688439 11.285334 10.683034 9.115695 7.195135 6.796183 8.246926 9.477365 9.946269 9.382167 8.019685 6.397621,
 86.401810 93.109062 100.411949 106.709564 110.114220 110.429695 108.706284 106.445778 121.011292 135.906754 145.466064 146.428757 140.849792 132.260071 131.117249 154.097382 177.620163 189.754791 183.815292 167.253143 148.929504 148.681732 173.754807 199.259903 211.371185 199.259903 173.754807 148.681732 148.929504 167.253143 183.815292 189.754791 177.620163 154.097382 131.117249 132.260071 140.849792 146.428757 145.466064 135.906754 121.011292 106.445778 108.706284 110.429695 110.114220 106.709564 100.411949 93.109062 86.401810,
 251.753647 265.185638 278.160950 282.937622 275.944580 262.787811 249.581070 310.575287 346.483551 383.128021 399.267120 382.576935 346.952972 312.089752 370.612671 434.270203 501.616547 532.767822 501.645111 435.215637 372.530884 397.782471 474.479980 557.221680 596.761719 557.221680 474.479980 397.782471 372.530884 435.215637 501.645111 532.767822 501.616547 434.270203 370.612671 312.089752 346.952972 382.576935 399.267120 383.128021 346.483551 310.575287 249.581070 262.787811 275.944580 282.937622 278.160950 265.185638 251.753647,
 76.158279 73.844009 72.000252 69.024773 63.314949 56.403851 50.956150 90.852089 93.103973 96.029381 95.784470 87.860985 75.554657 65.565544 99.068558 108.323105 120.183479 126.053749 115.998985 97.477936 82.766647 95.927643 110.775421 130.176758 140.801880 130.176758 110.775421 95.927643 82.766647 97.477936 115.998985 126.053749 120.183479 108.323105 99.068558 65.565544 75.554657 87.860985 95.784470 96.029381 93.103973 90.852089 50.956150 56.403851 63.314949 69.024773 72.000252 73.844009 76.158279,
 5.054511 6.391476 7.559842 8.133465 7.835835 6.766647 5.359709 5.402381 6.902041 8.092607 8.543823 8.081829 6.895174 5.427220 6.041559 8.292215 10.270778 10.942026 9.922807 7.875805 5.765631 6.368317 9.270881 12.228226 13.575989 12.228226 9.270881 6.368317 5.765631 7.875805 9.922807 10.942026 10.270778 8.292215 6.041559 5.427220 6.895174 8.081829 8.543823 8.092607 6.902041 5.402381 5.359709 6.766647 7.835835 8.133465 7.559842 6.391476 5.054511,
 56.451389 62.663712 68.908096 73.367371 74.629181 72.917191 69.815605 66.985428 78.847626 90.599022 97.515015 97.302956 91.507050 83.156601 78.308846 96.363884 115.063370 124.180527 118.786377 105.129311 90.125710 87.609161 107.046661 127.429344 137.267365 127.429344 107.046661 87.609161 90.125710 105.129311 118.786377 124.180527 115.063370 96.363884 78.308846 83.156601 91.507050 97.302956 97.515015 90.599022 78.847626 66.985428 69.815605 72.917191 74.629181 73.367371 68.908096 62.663712 56.451389,
 110.911507 120.541100 129.643234 133.209106 127.895035 118.163872 110.249413 146.010971 170.714462 195.953171 207.455505 195.658127 170.800247 148.076828 179.305756 222.309937 267.893524 289.623108 268.703156 223.996307 182.440399 195.095261 246.306885 301.635223 328.342529 301.635223 246.306885 195.095261 182.440399 223.996307 268.703156 289.623108 267.893524 222.309937 179.305756 148.076828 170.800247 195.658127 207.455505 195.953171 170.714462 146.010971 110.249413 118.163872 127.895035 133.209106 129.643234 120.541100 110.911507,
 31.036404 31.182077 31.606018 31.655165 30.505241 28.080519 25.157677 39.136681 41.688339 44.539143 46.608654 45.033802 39.341461 32.590019 44.809689 51.513123 59.694244 65.454559 62.088280 51.307693 40.635593 45.461216 56.115128 68.741257 75.352432 68.741257 56.115128 45.461216 40.635593 51.307693 62.088280 65.454559 59.694244 51.513123 44.809689 32.590019 39.341461 45.033802 46.608654 44.539143 41.688339 39.136681 25.157677 28.080519 30.505241 31.655165 31.606018 31.182077 31.036404,
 2.262200 3.435745 4.445068 4.810606 4.400168 3.477693 2.437999 2.696562 4.042096 5.158774 5.528529 4.998032 3.867067 2.630265 3.302536 5.378777 7.213955 7.872587 6.949431 5.015121 3.049730 3.513901 6.107331 8.663585 9.786219 8.663585 6.107331 3.513901 3.049730 5.015121 6.949431 7.872587 7.213955 5.378777 3.302536 2.630265 3.867067 4.998032 5.528529 5.158774 4.042096 2.696562 2.437999 3.477693 4.400168 4.810606 4.445068 3.435745 2.262200,
 17.185556 19.103304 21.268305 22.781126 22.495649 20.680750 18.691637 21.462772 25.686092 29.974087 32.082489 30.638718 27.014561 23.232388 26.253414 33.434559 41.047852 44.258892 40.583000 33.712742 27.499020 28.888636 36.970428 46.220009 50.810928 46.220009 36.970428 28.888636 27.499020 33.712742 40.583000 44.258892 41.047852 33.434559 26.253414 23.232388 27.014561 30.638718 32.082489 29.974087 25.686092 21.462772 18.691637 20.680750 22.495649 22.781126 21.268305 19.103304 17.185556,
 46.656715 52.749050 58.037666 62.001858 60.007149 53.604191 47.459709 65.756104 77.932510 91.160843 98.566551 90.650665 73.677841 59.380932 80.313545 101.591927 126.983994 140.384399 125.651566 96.504051 73.174385 82.714622 109.360397 142.767014 160.493164 142.767014 109.360397 82.714622 73.174385 96.504051 125.651566 140.384399 126.983994 101.591927 80.313545 59.380932 73.677841 90.650665 98.566551 91.160843 77.932510 65.756104 47.459709 53.604191 60.007149 62.001858 58.037666 52.749050 46.656715,
 10.803268 14.253958 16.611849 17.809172 17.756796 16.179150 13.534405 18.206232 21.987476 24.646397 26.411575 25.645443 21.607159 16.408720 22.573719 28.119608 33.792976 37.670544 35.383232 27.895685 20.151920 22.777124 30.581877 39.197411 43.600071 39.197411 30.581877 22.777124 20.151920 27.895685 35.383232 37.670544 33.792976 28.119608 22.573719 16.408720 21.607159 25.645443 26.411575 24.646397 21.987476 18.206232 13.534405 16.179150 17.756796 17.809172 16.611849 14.253958 10.803268,
 -0.183323 0.978224 1.999695 2.413870 1.979437 0.950850 -0.157925 -0.060637 1.414360 2.767497 3.410207 3.059026 1.961573 0.721396 0.868123 3.103490 5.250779 6.263932 5.665841 3.985440 2.117611 2.402864 4.983103 7.486956 8.593249 7.486956 4.983103 2.402864 2.117611 3.985440 5.665841 6.263932 5.250779 3.103490 0.868123 0.721396 1.961573 3.059026 3.410207 2.767497 1.414360 -0.060637 -0.157925 0.950850 1.979437 2.413870 1.999695 0.978224 -0.183323,
 7.107263 7.145542 6.363043 5.221909 3.340227 0.167886 -4.016668 8.964085 12.143378 13.509890 12.877774 10.430189 6.346375 0.998609 9.415177 16.114237 21.253263 22.232475 18.374239 11.910194 5.043506 7.954564 16.000160 23.816536 27.421036 23.816536 16.000160 7.954564 5.043506 11.910194 18.374239 22.232475 21.253263 16.114237 9.415177 0.998609 6.346375 10.430189 12.877774 13.509890 12.143378 8.964085 -4.016668 0.167886 3.340227 5.221909 6.363043 7.145542 7.107263,
 5.446249 3.916340 3.815882 7.301121 10.794598 9.791689 4.721275 6.441923 6.720593 12.461952 21.277275 22.985336 15.735213 6.690185 5.997872 10.962301 24.054140 36.106262 32.001671 17.528284 6.308798 5.689453 15.392460 32.582199 42.933453 32.582199 15.392460 5.689453 6.308798 17.528284 32.001671 36.106262 24.054140 10.962301 5.997872 6.690185 15.735213 22.985336 21.277275 12.461952 6.720593 6.441923 4.721275 9.791689 10.794598 7.301121 3.815882 3.916340 5.446249,
 -2.376341 1.887932 6.737381 9.397533 8.506570 4.976597 0.903175 -0.066980 5.289895 10.977072 14.155349 12.887472 8.143641 2.883869 2.991130 9.562952 16.393791 20.192019 17.912304 11.433949 4.820970 5.023157 12.204092 19.642206 23.204990 19.642206 12.204092 5.023157 4.820970 11.433949 17.912304 20.192019 16.393791 9.562952 2.991130 2.883869 8.143641 12.887472 14.155349 10.977072 5.289895 -0.066980 0.903175 4.976597 8.506570 9.397533 6.737381 1.887932 -2.376341,

Pairwise cross-correlations of the modulus of all oriented sub-bands at the same scale (size QxQ)
 17.602949 22.520771 20.824640 15.244870,
 22.520771 211.371201 264.070129 50.722736,
 20.824640 264.070129 596.761780 204.210739,
 15.244870 50.722736 204.210739 140.801880,
 13.575991 14.411315 13.764409 11.197624,
 14.411315 137.267380 156.574585 24.092804,
 13.764409 156.574585 328.342499 95.614876,
 11.197624 24.092804 95.614876 75.352425,
 9.786219 9.437002 6.525519 6.573592,
 9.437002 50.810940 58.708977 15.542921,
 6.525519 58.708977 160.493164 56.858334,
 6.573592 15.542921 56.858334 43.600075,
 8.593250 4.143137 2.665821 8.796926,
 4.143137 27.421036 19.173225 5.666922,
 2.665821 19.173225 42.933453 14.097629,
 8.796926 5.666922 14.097629 23.204992,

Cross-correlations of the modulus of all oriented sub-bands with all oriented sub-bands at the coarser scale (size QxQ)
 11.063052 14.415722 11.129565 11.025613,
 17.602959 74.889809 88.339264 23.348240,
 22.223591 84.789513 160.735596 69.486237,
 12.074710 16.705072 55.362110 50.358627,
 7.771152 10.142046 7.248118 8.001726,
 8.625322 29.272314 25.587971 10.903130,
 9.863625 26.582541 65.507706 29.169933,
 5.817803 7.655807 36.163818 29.989992,
 6.001668 5.108788 3.344703 8.814709,
 6.294676 18.305828 21.924683 11.413761,
 5.569112 8.468225 33.405468 9.994862,
 3.675363 0.242249 10.835726 10.178783,

Cross-correlations of the real part of each oriented sub-band with both the real and imaginary part of all phase-doubled oriented sub-bands at the next coarser scale (Q matrices of size 1x2Q, which are computed and stored in a matrix of size Qx2Q)
 -1.925897 -3.393038 -2.628717 -3.104545 1.406154 0.286778 -0.158191 0.018574,
 -3.704841 -27.886078 -15.828117 -5.034806 0.803231 -0.769105 -4.353072 -0.066318,
 -3.336938 -28.704348 -29.231194 -33.462696 0.095768 -1.215999 -5.149715 0.835285,
 -2.073940 -4.162243 -16.591679 -30.961399 0.396873 -0.027971 -1.006023 0.804353,
 -0.681572 -2.055395 -1.454311 -1.938654 0.485381 0.945424 0.486847 0.270007,
 -1.934122 -11.232382 -4.975445 -1.235879 0.787222 7.755962 18.965179 4.628271,
 -1.551056 -8.960549 -10.779816 -15.061865 0.344209 11.074005 40.579403 12.568727,
 -0.893783 -1.025881 -8.208079 -16.965574 -0.268360 2.342778 11.961493 5.022480,
 -0.723508 -1.575966 0.318761 0.053873 0.084640 1.247187 0.471772 0.155099,
 -1.200858 -6.353896 -1.858440 0.748972 -0.173069 10.275651 5.715879 -0.020152,
 -0.509894 -5.119229 1.749699 5.503888 -0.133992 9.560404 10.836809 8.205188,
 -0.304627 -0.756403 4.575163 4.172706 0.159239 0.468760 5.244954 8.680285,
