Low-band skewness and kurtosis
 -0.659669 2.291435,
 -0.620034 2.421953,
 -0.661486 2.468417,
 -0.585473 2.192339,
 -0.443930 1.838034,

High-band variance
 929.509766,

Skewness, kurtosis, variance, mean, maximum and minimum of the reconstructed texture
 -0.755677 2.094562 6090.659668 189.892334 255.000000 1.000000,

Auto-correlations of the low-frequency bands at each scale
 1877.666626 1839.641357 1792.651123 1749.639038 1749.216797 1841.236084 2027.143677 1905.941650 1796.307617 1757.872437 1856.852051 2102.037109 2439.876465 2758.178955 2729.557617 2942.242188 3265.078125 3609.802979 3845.417969 3919.809570 3842.197266 3896.432373 4369.908203 4794.170410 4973.111328 4794.170410 4369.908203 3896.432373 3842.197266 3919.809570 3845.417969 3609.802979 3265.078125 2942.242188 2729.557617 2758.178955 2439.876465 2102.037109 1856.852051 1757.872437 1796.307617 1905.941650 2027.143677 1841.236084 1749.216797 1749.639038 1792.651123 1839.641357 1877.666626,
 1766.564209 1818.233643 1830.088257 1796.975708 1749.489624 1747.113525 1811.309570 1823.188477 1731.764038 1670.101807 1698.055420 1826.719727 2029.693481 2235.666992 2219.258789 2316.662354 2520.767822 2768.726074 2939.480225 2986.593994 2928.511230 2921.735352 3249.152344 3561.720215 3698.284668 3561.720215 3249.152344 2921.735352 2928.511230 2986.593994 2939.480225 2768.726074 2520.767822 2316.662354 2219.258789 2235.666992 2029.693481 1826.719727 1698.055420 1670.101807 1731.764038 1823.188477 1811.309570 1747.113525 1749.489624 1796.975708 1830.088257 1818.233643 1766.564209,
 1441.782715 1451.714478 1435.699951 1406.497803 1381.808838 1388.501343 1430.523926 1543.488037 1511.591064 1511.950806 1561.706055 1642.410034 1737.373535 1818.288086 1847.211792 1962.154175 2137.709961 2312.465820 2400.589355 2394.197998 2324.729004 2341.136963 2563.848389 2775.283447 2869.014160 2775.283447 2563.848389 2341.136963 2324.729004 2394.197998 2400.589355 2312.465820 2137.709961 1962.154175 1847.211792 1818.288086 1737.373535 1642.410034 1561.706055 1511.950806 1511.591064 1543.488037 1430.523926 1388.501343 1381.808838 1406.497803 1435.699951 1451.714478 1441.782715,
 379.437958 443.771973 545.934204 658.229919 757.045044 835.391357 882.596436 936.011841 980.903870 1062.400391 1159.281250 1234.619385 1282.496826 1301.097534 1546.492798 1648.265015 1789.390625 1904.609863 1913.447510 1835.550171 1726.713501 1912.041992 2095.849609 2284.105225 2372.296143 2284.105225 2095.849609 1912.041992 1726.713501 1835.550171 1913.447510 1904.609863 1789.390625 1648.265015 1546.492798 1301.097534 1282.496826 1234.619385 1159.281250 1062.400391 980.903870 936.011841 882.596436 835.391357 757.045044 658.229919 545.934204 443.771973 379.437958,
 -1082.969360 -1213.785278 -1344.813965 -1361.678345 -1240.020508 -1092.166138 -1013.843872 -116.584129 -233.047073 -243.826614 -121.576698 43.110367 134.243881 118.615196 916.379272 956.580933 1146.252197 1365.567017 1443.432373 1348.656128 1175.583862 1479.406250 1683.083496 1938.093994 2060.708252 1938.093994 1683.083496 1479.406250 1175.583862 1348.656128 1443.432373 1365.567017 1146.252197 956.580933 916.379272 118.615196 134.243881 43.110367 -121.576698 -243.826614 -233.047073 -116.584129 -1013.843872 -1092.166138 -1240.020508 -1361.678345 -1344.813965 -1213.785278 -1082.969360,

Auto-correlations of the modulus of each oriented sub-band
 8.406412 10.718290 12.718243 13.685570 13.251358 11.737535 9.888197 9.229155 11.914477 14.154048 15.137663 14.550689 12.724647 10.461552 10.945286 14.638583 17.626860 18.483494 17.020044 14.236960 11.193089 11.634592 15.981747 20.318132 22.272057 20.318132 15.981747 11.634592 11.193089 14.236960 17.020044 18.483494 17.626860 14.638583 10.945286 10.461552 12.724647 14.550689 15.137663 14.154048 11.914477 9.229155 9.888197 11.737535 13.251358 13.685570 12.718243 10.718290 8.406412,
 91.199409 99.775513 109.604378 118.810013 125.501213 128.739777 128.670654 112.261833 129.437439 148.516617 162.916031 168.081100 164.794708 156.295074 142.528030 169.888351 198.741409 215.752457 212.449509 195.022903 173.614914 168.242111 198.461365 228.304504 241.971893 228.304504 198.461365 168.242111 173.614914 195.022903 212.449509 215.752457 198.741409 169.888351 142.528030 156.295074 164.794708 168.081100 162.916031 148.516617 129.437439 112.261833 128.670654 128.739777 125.501213 118.810013 109.604378 99.775513 91.199409,
 114.442406 126.101013 139.577026 148.705872 149.373993 144.900391 139.919693 172.328400 203.458557 239.467743 259.710266 250.186157 224.006348 199.645569 236.089310 291.588318 356.085358 389.590515 363.287750 305.452881 254.530411 271.338379 337.211182 414.102448 452.632507 414.102448 337.211182 271.338379 254.530411 305.452881 363.287750 389.590515 356.085358 291.588318 236.089310 199.645569 224.006348 250.186157 259.710266 239.467743 203.458557 172.328400 139.919693 144.900391 149.373993 148.705872 139.577026 126.101013 114.442406,
 33.637173 32.805527 32.408295 30.875067 27.364408 24.002047 21.779888 48.085480 49.477081 53.031799 54.859898 49.592972 41.057404 34.832642 58.185043 63.796806 75.073318 82.993736 74.661179 59.196037 49.163574 58.525974 68.271187 85.769485 96.870415 85.769485 68.271187 58.525974 49.163574 59.196037 74.661179 82.993736 75.073318 63.796806 58.185043 34.832642 41.057404 49.592972 54.859898 53.031799 49.477081 48.085480 21.779888 24.002047 27.364408 30.875067 32.408295 32.805527 33.637173,
 7.657628 9.920359 11.659225 12.288754 11.630120 9.992422 7.926668 8.786610 11.387846 13.260051 13.726995 12.736295 10.776239 8.488987 10.262999 13.870147 16.751081 17.484154 15.802168 12.751065 9.561644 10.748013 14.987856 19.052193 20.842361 19.052193 14.987856 10.748013 9.561644 12.751065 15.802168 17.484154 16.751081 13.870147 10.262999 8.488987 10.776239 12.736295 13.726995 13.260051 11.387846 8.786610 7.926668 9.992422 11.630120 12.288754 11.659225 9.920359 7.657628,
 40.822418 47.711117 55.832844 62.304569 65.257446 64.953583 62.906570 59.093079 72.435234 86.050034 93.830551 93.060104 86.522041 78.354202 80.037010 100.967300 121.731552 131.265747 124.309174 107.796768 90.903297 92.661736 115.752769 139.287598 150.109436 139.287598 115.752769 92.661736 90.903297 107.796768 124.309174 131.265747 121.731552 100.967300 80.037010 78.354202 86.522041 93.060104 93.830551 86.050034 72.435234 59.093079 62.906570 64.953583 65.257446 62.304569 55.832844 47.711117 40.822418,
 22.922619 36.367416 55.271217 70.199104 75.193062 74.707764 74.603836 60.099182 90.487534 126.216537 146.968063 140.614975 119.087799 100.075882 99.047310 147.805420 203.189331 231.638580 211.131195 163.567535 121.214302 122.898285 178.153290 240.755188 271.112183 240.755188 178.153290 122.898285 121.214302 163.567535 211.131195 231.638580 203.189331 147.805420 99.047310 100.075882 119.087799 140.614975 146.968063 126.216537 90.487534 60.099182 74.603836 74.707764 75.193062 70.199104 55.271217 36.367416 22.922619,
 13.962831 15.339535 16.329912 16.088535 14.885257 13.160988 11.622103 22.563387 24.963282 27.341347 28.891567 27.516724 22.934153 18.422522 28.562620 33.051632 39.302605 44.313301 41.400414 32.674747 25.446245 29.474340 36.468727 46.399452 52.227287 46.399452 36.468727 29.474340 25.446245 32.674747 41.400414 44.313301 39.302605 33.051632 28.562620 18.422522 22.934153 27.516724 28.891567 27.341347 24.963282 22.563387 11.622103 13.160988 14.885257 16.088535 16.329912 15.339535 13.962831,
 3.622214 5.887941 7.671070 8.261374 7.425810 5.642676 3.686775 4.690107 7.306136 9.344979 9.856097 8.607646 6.269246 3.804863 6.205297 9.985139 13.313442 14.332152 12.407404 8.823518 5.263831 6.635237 11.090902 15.534317 17.523077 15.534317 11.090902 6.635237 5.263831 8.823518 12.407404 14.332152 13.313442 9.985139 6.205297 3.804863 6.269246 8.607646 9.856097 9.344979 7.306136 4.690107 3.686775 5.642676 7.425810 8.261374 7.671070 5.887941 3.622214,
 15.517836 22.666882 27.277733 27.817890 24.559265 19.056423 13.349911 23.065538 33.973572 42.674175 44.859818 39.928493 31.256990 22.453444 31.725225 46.585472 60.320709 65.157608 58.093918 45.030968 32.168156 36.006042 51.829010 67.779678 75.162643 67.779678 51.829010 36.006042 32.168156 45.030968 58.093918 65.157608 60.320709 46.585472 31.725225 22.453444 31.256990 39.928493 44.859818 42.674175 33.973572 23.065538 13.349911 19.056423 24.559265 27.817890 27.277733 22.666882 15.517836,
 8.418091 20.954113 29.316120 30.728554 26.384457 21.288136 18.955244 19.203642 41.678349 60.639080 66.532372 56.457279 39.349804 25.666922 30.731180 63.967224 95.566406 107.849976 92.098648 61.341347 33.596363 36.657097 73.040459 110.772621 128.077438 110.772621 73.040459 36.657097 33.596363 61.341347 92.098648 107.849976 95.566406 63.967224 30.731180 25.666922 39.349804 56.457279 66.532372 60.639080 41.678349 19.203642 18.955244 21.288136 26.384457 30.728554 29.316120 20.954113 8.418091,
 -0.749691 0.896105 3.013089 5.083598 6.233640 5.476521 3.116706 1.347764 3.533317 7.263453 11.102728 12.126898 9.089760 4.390431 2.972630 7.325139 14.342844 20.099937 18.910131 11.884173 4.938200 4.260345 11.032433 20.161961 25.083473 20.161961 11.032433 4.260345 4.938200 11.884173 18.910131 20.099937 14.342844 7.325139 2.972630 4.390431 9.089760 12.126898 11.102728 7.263453 3.533317 1.347764 3.116706 5.476521 6.233640 5.083598 3.013089 0.896105 -0.749691,
 1.914648 5.613126 8.347032 9.095271 7.543243 4.281140 0.410816 3.287320 7.382637 10.431108 11.136471 9.133412 5.245908 0.844735 5.376597 10.495841 14.411263 15.387062 12.902061 8.061646 2.660232 5.408069 11.641254 16.932785 19.075653 16.932785 11.641254 5.408069 2.660232 8.061646 12.902061 15.387062 14.411263 10.495841 5.376597 0.844735 5.245908 9.133412 11.136471 10.431108 7.382637 3.287320 0.410816 4.281140 7.543243 9.095271 8.347032 5.613126 1.914648,
 5.187354 4.598462 4.653466 5.034057 5.579108 5.763131 4.654504 9.236248 11.823872 15.062295 15.439683 13.208009 10.565212 7.563908 13.218942 19.734344 27.871965 30.328434 24.681402 17.116859 10.616767 13.761293 22.124512 32.632477 38.507874 32.632477 22.124512 13.761293 10.616767 17.116859 24.681402 30.328434 27.871965 19.734344 13.218942 7.563908 10.565212 13.208009 15.439683 15.062295 11.823872 9.236248 4.654504 5.763131 5.579108 5.034057 4.653466 4.598462 5.187354,
 0.061493 2.609207 10.572140 21.170279 28.184666 31.180061 32.646088 20.997812 31.094753 47.570095 63.193161 67.299896 61.125027 52.982384 41.957291 59.285774 82.941742 100.037567 96.398132 78.813942 61.765007 57.365009 77.873596 102.618546 115.308121 102.618546 77.873596 57.365009 61.765007 78.813942 96.398132 100.037567 82.941742 59.285774 41.957291 52.982384 61.125027 67.299896 63.193161 47.570095 31.094753 20.997812 32.646088 31.180061 28.184666 21.170279 10.572140 2.609207 0.061493,
 -0.913339 3.149257 5.856601 8.413900 11.351468 13.460999 13.648954 4.456058 8.917274 13.395976 18.621414 22.008347 20.838696 16.879118 9.001344 14.584574 22.153109 29.493990 29.967535 23.315248 16.161499 12.947341 20.123104 29.523378 34.711525 29.523378 20.123104 12.947341 16.161499 23.315248 29.967535 29.493990 22.153109 14.584574 9.001344 16.879118 20.838696 22.008347 18.621414 13.395976 8.917274 4.456058 13.648954 13.460999 11.351468 8.413900 5.856601 3.149257 -0.913339,

Pairwise cross-correlations of the modulus of all oriented sub-bands at the same scale (size QxQ)
 22.272057 30.307280 19.598497 11.584616,
 30.307280 241.971924 234.711594 28.466141,
 19.598497 234.711594 452.632446 127.607643,
 11.584616 28.466141 127.607643 96.870438,
 20.842363 18.379154 5.708054 7.132816,
 18.379154 150.109451 139.600952 12.214591,
 5.708054 139.600952 271.112213 63.263237,
 7.132816 12.214591 63.263237 52.227287,
 17.523077 13.194906 3.341282 7.778313,
 13.194906 75.162659 69.089882 9.768791,
 3.341282 69.089882 128.077454 29.099583,
 7.778313 9.768791 29.099583 25.083475,
 19.075653 7.864849 9.896046 12.632533,
 7.864849 38.507874 45.922585 11.726318,
 9.896046 45.922585 115.308121 39.139374,
 12.632533 11.726318 39.139374 34.711525,

Cross-correlations of the modulus of all oriented sub-bands with all oriented sub-bands at the coarser scale (size QxQ)
 15.711912 17.187031 2.723069 5.928090,
 22.033291 80.647400 46.416183 -2.905880,
 17.622734 77.496193 100.703285 29.183676,
 8.180583 13.312213 38.395596 35.678928,
 14.685167 13.760862 4.740691 7.841401,
 10.093545 51.618343 37.044823 5.633800,
 4.607063 40.577568 30.582193 4.724299,
 6.819482 3.224089 -2.651771 6.677331,
 12.947021 8.171890 10.830219 11.678015,
 6.281453 20.467543 20.414614 7.715831,
 2.357058 16.756237 28.931702 11.264494,
 5.586989 2.299817 8.844550 9.745078,

Cross-correlations of the real part of each oriented sub-band with both the real and imaginary part of all phase-doubled oriented sub-bands at the next coarser scale (Q matrices of size 1x2Q, which are computed and stored in a matrix of size Qx2Q)
 -2.009295 -3.764439 -2.286020 -2.017918 2.431869 1.210118 0.484296 -0.579830,
 -4.471086 -42.580269 -49.004829 -11.294859 1.508925 11.691189 12.442155 0.835499,
 -2.785609 -56.653294 -107.739944 -51.026226 0.381938 15.559703 12.748889 0.741300,
 -0.967204 -10.459139 -40.617805 -33.334274 0.726642 2.423857 -0.321084 -0.858865,
 -0.188438 -3.077279 -1.030614 0.007223 0.950223 2.738600 1.810714 0.024306,
 -1.977117 -31.021486 -24.960218 -5.152019 1.227466 30.257275 28.126476 1.153531,
 -1.668800 -35.372990 -43.826157 -16.747532 0.888470 32.718395 32.759567 0.973865,
 -0.305955 -4.984036 -11.711904 -7.916043 0.321751 4.018432 3.573527 1.108570,
 0.776680 -0.073333 -0.010050 -0.882820 0.510667 1.238986 0.184581 -0.431652,
 0.096907 -3.507937 -9.471046 -1.195919 1.043282 -1.012897 -10.767076 -4.449050,
 -0.010045 -6.104262 -18.444050 -5.830669 0.511727 -7.877329 -28.577829 -8.558960,
 0.249269 -1.513647 -3.805715 -6.075539 0.055478 -2.113977 -8.753943 -1.902571,
