Low-band skewness and kurtosis
 -0.549467 2.095520,
 -0.346422 1.941912,
 -0.272498 1.819800,
 -0.234711 1.715934,
 -0.032791 1.679136,

High-band variance
 941.254761,

Skewness, kurtosis, variance, mean, maximum and minimum of the reconstructed texture
 -0.670558 1.949175 5885.706543 188.662964 255.000000 5.000000,

Auto-correlations of the low-frequency bands at each scale
 2025.106323 1957.113525 1912.597656 1898.272461 1915.064697 1963.058105 2035.986694 2046.776733 1847.362427 1689.580688 1646.748047 1743.891479 1945.759399 2171.643799 2974.100586 3088.492676 3207.024658 3295.750488 3323.286865 3301.479004 3251.666016 3896.486328 4274.195801 4602.569824 4737.724121 4602.569824 4274.195801 3896.486328 3251.666016 3301.479004 3323.286865 3295.750488 3207.024658 3088.492676 2974.100586 2171.643799 1945.759399 1743.891479 1646.748047 1689.580688 1847.362427 2046.776733 2035.986694 1963.058105 1915.064697 1898.272461 1912.597656 1957.113525 2025.106323,
 2001.378296 1970.076904 1932.122437 1892.475708 1864.214233 1863.872314 1896.369751 2034.266846 1931.013306 1853.993896 1833.737305 1877.947021 1974.189575 2085.130615 2473.524170 2519.643555 2593.888916 2666.588867 2697.379150 2687.790039 2653.035400 2945.662109 3140.799316 3320.566895 3398.224609 3320.566895 3140.799316 2945.662109 2653.035400 2687.790039 2697.379150 2666.588867 2593.888916 2519.643555 2473.524170 2085.130615 1974.189575 1877.947021 1833.737305 1853.993896 1931.013306 2034.266846 1896.369751 1863.872314 1864.214233 1892.475708 1932.122437 1970.076904 2001.378296,
 1477.203491 1467.244019 1468.708008 1475.286133 1483.208008 1493.030884 1503.731079 1820.287720 1778.638916 1745.297974 1735.575439 1754.844604 1796.603027 1840.205933 2238.998779 2267.306885 2298.522949 2318.684814 2313.158691 2292.937256 2272.503662 2493.479736 2591.270508 2687.556641 2730.547607 2687.556641 2591.270508 2493.479736 2272.503662 2292.937256 2313.158691 2318.684814 2298.522949 2267.306885 2238.998779 1840.205933 1796.603027 1754.844604 1735.575439 1745.297974 1778.638916 1820.287720 1503.731079 1493.030884 1483.208008 1475.286133 1468.708008 1467.244019 1477.203491,
 488.600952 485.834717 476.803192 473.003906 480.802887 493.783203 503.745911 1238.672729 1200.702881 1161.989502 1149.262329 1168.607666 1205.809814 1241.973267 1914.231201 1922.306274 1941.140137 1960.631226 1962.204102 1949.204224 1935.620117 2240.757324 2300.153564 2366.746826 2398.163330 2366.746826 2300.153564 2240.757324 1935.620117 1949.204224 1962.204102 1960.631226 1941.140137 1922.306274 1914.231201 1241.973267 1205.809814 1168.607666 1149.262329 1161.989502 1200.702881 1238.672729 503.745911 493.783203 480.802887 473.003906 476.803192 485.834717 488.600952,
 -1336.782715 -1348.224487 -1355.223633 -1351.927612 -1340.926758 -1329.865845 -1325.150879 -133.955551 -145.423859 -144.825348 -130.923050 -114.076408 -105.051926 -107.661575 1318.912476 1322.721313 1337.960449 1355.671997 1361.983398 1354.100464 1339.227661 2045.354004 2066.069336 2090.232422 2101.535645 2090.232422 2066.069336 2045.354004 1339.227661 1354.100464 1361.983398 1355.671997 1337.960449 1322.721313 1318.912476 -107.661575 -105.051926 -114.076408 -130.923050 -144.825348 -145.423859 -133.955551 -1325.150879 -1329.865845 -1340.926758 -1351.927612 -1355.223633 -1348.224487 -1336.782715,

Auto-correlations of the modulus of each oriented sub-band
 4.229686 4.940673 5.567843 5.858763 5.690229 5.179126 4.551075 4.909497 5.690457 6.368369 6.674551 6.450884 5.820271 5.084101 5.849511 7.460433 8.767709 9.231880 8.681859 7.411261 5.899266 6.388396 8.744917 11.224223 12.376114 11.224223 8.744917 6.388396 5.899266 7.411261 8.681859 9.231880 8.767709 7.460433 5.849511 5.084101 5.820271 6.450884 6.674551 6.368369 5.690457 4.909497 4.551075 5.179126 5.690229 5.858763 5.567843 4.940673 4.229686,
 76.128815 81.551720 87.237595 92.149475 95.375748 97.157372 97.897018 95.983810 108.210823 120.143044 127.024582 126.635078 121.859276 115.781784 116.899323 136.724014 156.582397 166.001434 159.397644 144.340683 128.953278 129.914246 151.554230 173.912994 184.621582 173.912994 151.554230 129.914246 128.953278 144.340683 159.397644 166.001434 156.582397 136.724014 116.899323 115.781784 121.859276 126.635078 127.024582 120.143044 108.210823 95.983810 97.897018 97.157372 95.375748 92.149475 87.237595 81.551720 76.128815,
 255.556564 270.119385 287.664490 298.861908 295.480896 280.657837 263.296448 319.831787 359.267303 402.741394 425.750305 410.255249 368.868317 326.063049 380.797791 450.739227 526.794617 564.221680 531.276550 456.094879 383.911316 407.580414 492.841003 585.126648 629.223999 585.126648 492.841003 407.580414 383.911316 456.094879 531.276550 564.221680 526.794617 450.739227 380.797791 326.063049 368.868317 410.255249 425.750305 402.741394 359.267303 319.831787 263.296448 280.657837 295.480896 298.861908 287.664490 270.119385 255.556564,
 88.802551 86.973907 84.549179 80.645142 74.566544 67.380981 60.639053 104.624603 108.202667 111.931465 112.043800 104.478371 91.700378 79.298401 114.084976 125.771507 139.468063 146.197113 136.544083 116.914803 98.876297 112.215813 130.404617 151.648453 162.555084 151.648453 130.404617 112.215813 98.876297 116.914803 136.544083 146.197113 139.468063 125.771507 114.084976 79.298401 91.700378 104.478371 112.043800 111.931465 108.202667 104.624603 60.639053 67.380981 74.566544 80.645142 84.549179 86.973907 88.802551,
 3.275223 3.611820 3.895211 4.019468 3.922309 3.629834 3.272408 3.939663 4.340665 4.664509 4.791978 4.653028 4.274662 3.784725 4.765032 5.715453 6.633200 6.943093 6.396214 5.365061 4.403303 4.991777 6.451922 8.147779 8.973883 8.147779 6.451922 4.991777 4.403303 5.365061 6.396214 6.943093 6.633200 5.715453 4.765032 3.784725 4.274662 4.653028 4.791978 4.664509 4.340665 3.939663 3.272408 3.629834 3.922309 4.019468 3.895211 3.611820 3.275223,
 30.188034 33.238964 36.598587 39.489765 41.243813 41.528294 40.563530 40.147999 47.803452 55.558754 59.571236 58.789215 55.067635 50.070568 50.187252 63.084652 76.957245 82.991470 77.490067 66.654762 56.166805 56.332920 70.616600 86.689758 94.661270 86.689758 70.616600 56.332920 56.166805 66.654762 77.490067 82.991470 76.957245 63.084652 50.187252 50.070568 55.067635 58.789215 59.571236 55.558754 47.803452 40.147999 40.563530 41.528294 41.243813 39.489765 36.598587 33.238964 30.188034,
 61.919254 70.029182 77.947098 81.313278 78.488754 72.456779 66.069603 93.444206 115.463921 137.147308 144.735306 131.891510 109.432137 89.493629 123.804558 163.804398 205.772034 222.916534 199.395203 155.813248 117.628868 133.674835 181.652298 235.292969 261.456665 235.292969 181.652298 133.674835 117.628868 155.813248 199.395203 222.916534 205.772034 163.804398 123.804558 89.493629 109.432137 131.891510 144.735306 137.147308 115.463921 93.444206 66.069603 72.456779 78.488754 81.313278 77.947098 70.029182 61.919254,
 20.432127 20.007700 19.641905 18.631054 16.870844 14.758883 12.849554 28.561049 29.855312 31.243242 31.621235 28.959852 23.494766 18.372065 33.852318 38.639168 45.221645 49.622833 45.298542 35.032936 26.567451 33.002239 41.366493 52.968391 59.484818 52.968391 41.366493 33.002239 26.567451 35.032936 45.298542 49.622833 45.221645 38.639168 33.852318 18.372065 23.494766 28.959852 31.621235 31.243242 29.855312 28.561049 12.849554 14.758883 16.870844 18.631054 19.641905 20.007700 20.432127,
 1.602296 1.952896 2.271257 2.369352 2.196953 1.890103 1.618868 1.687090 2.086984 2.475979 2.598347 2.370815 1.998318 1.723787 2.081441 2.790380 3.543412 3.841597 3.407995 2.635928 2.041233 2.438998 3.441038 4.631877 5.221296 4.631877 3.441038 2.438998 2.041233 2.635928 3.407995 3.841597 3.543412 2.790380 2.081441 1.723787 1.998318 2.370815 2.598347 2.475979 2.086984 1.687090 1.618868 1.890103 2.196953 2.369352 2.271257 1.952896 1.602296,
 0.491227 1.120659 2.832636 4.717106 5.819092 6.113995 6.029745 4.284469 6.371451 10.228306 12.981420 12.467894 10.203000 8.144402 8.631187 13.717725 21.092375 25.168102 21.848444 15.364837 10.288397 10.884066 17.605860 26.771996 31.777439 26.771996 17.605860 10.884066 10.288397 15.364837 21.848444 25.168102 21.092375 13.717725 8.631187 8.144402 10.203000 12.467894 12.981420 10.228306 6.371451 4.284469 6.029745 6.113995 5.819092 4.717106 2.832636 1.120659 0.491227,
 -13.890142 -11.418743 -7.248293 -4.017637 -2.382587 0.025244 4.597004 0.910340 10.219896 22.696136 31.073484 31.097725 27.318407 25.876720 23.717987 40.870640 63.369251 76.659256 70.694794 54.559444 42.002823 41.479294 61.200184 86.673096 99.766388 86.673096 61.200184 41.479294 42.002823 54.559444 70.694794 76.659256 63.369251 40.870640 23.717987 25.876720 27.318407 31.097725 31.073484 22.696136 10.219896 0.910340 4.597004 0.025244 -2.382587 -4.017637 -7.248293 -11.418743 -13.890142,
 4.901845 6.102684 7.258050 7.791212 7.025142 5.458286 4.398255 7.506206 10.106215 13.393424 15.395224 13.896052 10.267525 7.756504 9.937829 14.326032 20.534512 24.425983 21.382732 14.745173 10.230193 11.079892 16.461208 24.475542 28.998260 24.475542 16.461208 11.079892 10.230193 14.745173 21.382732 24.425983 20.534512 14.326032 9.937829 7.756504 10.267525 13.896052 15.395224 13.393424 10.106215 7.506206 4.398255 5.458286 7.025142 7.791212 7.258050 6.102684 4.901845,
 -0.477509 0.007985 0.490461 0.740870 0.628867 0.234431 -0.205751 -0.115093 0.292258 0.649366 0.791119 0.665601 0.398253 0.183462 0.377901 0.918190 1.525428 1.812288 1.562425 0.994948 0.502893 0.744337 1.647538 2.688200 3.190631 2.688200 1.647538 0.744337 0.502893 0.994948 1.562425 1.812288 1.525428 0.918190 0.377901 0.183462 0.398253 0.665601 0.791119 0.649366 0.292258 -0.115093 -0.205751 0.234431 0.628867 0.740870 0.490461 0.007985 -0.477509,
 2.313939 3.510284 4.618833 5.490376 6.324362 6.059647 3.484800 2.229875 7.003724 11.615903 12.667654 10.380431 6.778162 2.307063 1.215393 9.229623 18.213249 21.274282 16.049652 7.974841 0.925444 0.434056 9.253336 20.021736 25.597136 20.021736 9.253336 0.434056 0.925444 7.974841 16.049652 21.274282 18.213249 9.229623 1.215393 2.307063 6.778162 10.380431 12.667654 11.615903 7.003724 2.229875 3.484800 6.059647 6.324362 5.490376 4.618833 3.510284 2.313939,
 -16.665241 -13.380565 -9.641018 -5.941599 -3.405435 -3.661006 -7.440100 -11.363566 -2.989320 6.007535 11.993054 11.979476 6.312185 -1.989232 9.707428 24.795752 40.903259 49.540009 44.620453 30.084448 14.395630 22.354311 41.469101 61.348099 70.496109 61.348099 41.469101 22.354311 14.395630 30.084448 44.620453 49.540009 40.903259 24.795752 9.707428 -1.989232 6.312185 11.979476 11.993054 6.007535 -2.989320 -11.363566 -7.440100 -3.661006 -3.405435 -5.941599 -9.641018 -13.380565 -16.665241,
 -0.484818 -0.951597 -1.656947 -2.024498 -1.783690 -1.173789 -0.178198 0.192295 0.662934 1.898041 3.235883 3.344075 2.129048 1.140483 1.565526 4.421954 8.886603 11.919348 10.575084 6.223110 2.546048 2.717529 7.311393 13.427767 16.499973 13.427767 7.311393 2.717529 2.546048 6.223110 10.575084 11.919348 8.886603 4.421954 1.565526 1.140483 2.129048 3.344075 3.235883 1.898041 0.662934 0.192295 -0.178198 -1.173789 -1.783690 -2.024498 -1.656947 -0.951597 -0.484818,

Pairwise cross-correlations of the modulus of all oriented sub-bands at the same scale (size QxQ)
 12.376115 18.789940 21.406849 17.071030,
 18.789940 184.621628 253.504852 57.540733,
 21.406849 253.504852 629.223999 229.035141,
 17.071030 57.540733 229.035141 162.555099,
 8.973883 10.817249 10.328824 5.510293,
 10.817249 94.661263 113.116135 18.601147,
 10.328824 113.116135 261.456696 80.150543,
 5.510293 18.601147 80.150543 59.484821,
 5.221297 4.734490 3.293128 2.610757,
 4.734490 31.777443 35.005856 4.552662,
 3.293128 35.005856 99.766388 33.218178,
 2.610757 4.552662 33.218178 28.998264,
 3.190632 2.438937 1.339230 2.855277,
 2.438937 25.597136 30.136883 3.345570,
 1.339230 30.136883 70.496109 17.384842,
 2.855277 3.345570 17.384842 16.499973,

Cross-correlations of the modulus of all oriented sub-bands with all oriented sub-bands at the coarser scale (size QxQ)
 6.419139 9.427572 7.455955 5.418979,
 18.195000 64.631897 68.829834 16.543644,
 30.370949 89.832954 155.625900 64.295860,
 15.627062 23.231201 58.604153 45.985729,
 4.101900 4.838294 4.500566 3.206980,
 7.704188 19.829954 16.460653 3.386338,
 8.344609 17.547161 28.860149 13.878137,
 3.775884 2.046144 11.882752 14.672273,
 2.327828 3.998909 5.819412 3.684114,
 3.537946 12.068377 17.793186 5.726523,
 4.568694 9.927851 8.007736 2.006300,
 1.977643 -2.875645 -4.958591 0.900678,

Cross-correlations of the real part of each oriented sub-band with both the real and imaginary part of all phase-doubled oriented sub-bands at the next coarser scale (Q matrices of size 1x2Q, which are computed and stored in a matrix of size Qx2Q)
 -1.297747 -3.756336 -2.242987 -1.595060 0.185369 0.073304 -0.344142 0.088756,
 -3.174452 -33.713089 -22.329063 -7.424222 -0.116618 0.262769 4.979522 4.538002,
 -2.959072 -34.824322 -52.123554 -36.893589 -0.284521 4.942807 20.029888 15.091502,
 -1.474933 -4.979963 -25.424366 -26.252243 -0.044342 2.590574 8.062590 6.842462,
 -0.340122 -0.823505 -0.566718 -0.695522 -0.593359 -0.470593 -0.043374 0.422850,
 -0.616723 -4.527910 0.248397 -0.479799 -0.381184 -5.052733 -5.741266 -2.050540,
 -0.951639 -3.121079 -3.752700 -9.162368 0.139051 -4.905437 -15.279881 -4.534755,
 -0.754325 -0.363853 -5.569472 -9.125057 -0.076499 -0.524926 -5.966318 -0.154490,
 0.641203 -1.332189 -0.218718 -0.633934 -0.121827 -0.432970 -0.323844 -0.222655,
 -0.320578 -3.331728 4.579100 -0.004210 -0.004714 0.293404 11.811284 3.629903,
 -0.407464 3.171287 9.421780 -3.892172 0.119092 5.974000 39.634193 11.222231,
 0.076796 2.053402 1.631291 -5.110501 0.095628 2.674241 15.235691 3.614114,
