Low-band skewness and kurtosis
 -0.665283 2.168218,
 -0.544743 2.135090,
 -0.331798 1.910175,
 -0.149051 1.666078,
 -0.096087 1.508902,

High-band variance
 833.945374,

Skewness, kurtosis, variance, mean, maximum and minimum of the reconstructed texture
 -0.764811 2.057053 6017.650879 192.068726 255.000000 1.000000,

Auto-correlations of the low-frequency bands at each scale
 1953.682495 1952.764771 1945.420410 1935.695190 1926.990967 1927.793335 1945.680298 1913.682617 1872.875000 1860.649048 1893.940674 1979.495483 2115.359375 2283.683594 3112.752930 3256.744385 3419.925537 3575.189697 3699.744385 3796.134521 3865.987305 4558.011719 4765.250488 4926.681641 4990.639648 4926.681641 4765.250488 4558.011719 3865.987305 3796.134521 3699.744385 3575.189697 3419.925537 3256.744385 3112.752930 2283.683594 2115.359375 1979.495483 1893.940674 1860.649048 1872.875000 1913.682617 1945.680298 1927.793335 1926.990967 1935.695190 1945.420410 1952.764771 1953.682495,
 1920.548340 1886.361694 1849.377686 1813.166626 1780.184570 1756.575562 1747.950928 1673.400024 1649.067261 1653.117554 1691.942505 1764.164673 1869.273315 1998.671753 2436.610352 2550.649658 2690.047852 2827.479492 2935.075684 3014.780518 3073.085938 3461.501709 3607.654785 3726.282959 3775.094238 3726.282959 3607.654785 3461.501709 3073.085938 3014.780518 2935.075684 2827.479492 2690.047852 2550.649658 2436.610352 1998.671753 1869.273315 1764.164673 1691.942505 1653.117554 1649.067261 1673.400024 1747.950928 1756.575562 1780.184570 1813.166626 1849.377686 1886.361694 1920.548340,
 1854.263672 1861.160156 1859.081299 1846.196411 1822.178711 1796.963867 1780.996338 1906.040527 1874.483032 1856.378662 1855.235352 1868.958740 1903.000854 1958.090332 2198.450684 2239.997803 2308.637695 2381.851562 2433.103027 2465.568604 2488.107422 2672.817139 2760.901855 2839.553955 2874.075684 2839.553955 2760.901855 2672.817139 2488.107422 2465.568604 2433.103027 2381.851562 2308.637695 2239.997803 2198.450684 1958.090332 1903.000854 1868.958740 1855.235352 1856.378662 1874.483032 1906.040527 1780.996338 1796.963867 1822.178711 1846.196411 1859.081299 1861.160156 1854.263672,
 893.500977 895.507446 894.385376 886.728882 872.460327 856.683472 843.985596 1535.530762 1525.582153 1524.008789 1524.031250 1520.698486 1523.799927 1536.850830 2050.008789 2071.164795 2108.382080 2142.360596 2153.405518 2154.121826 2154.829590 2371.454346 2410.258545 2452.203369 2473.561035 2452.203369 2410.258545 2371.454346 2154.829590 2154.121826 2153.405518 2142.360596 2108.382080 2071.164795 2050.008789 1536.850830 1523.799927 1520.698486 1524.031250 1524.008789 1525.582153 1535.530762 843.985596 856.683472 872.460327 886.728882 894.385376 895.507446 893.500977,
 -1589.015503 -1601.343262 -1613.147949 -1614.265747 -1602.309570 -1588.584961 -1582.021606 -27.370144 -36.261566 -38.754017 -31.797340 -21.808979 -15.830381 -15.720440 1574.768799 1585.058350 1606.384399 1623.811157 1620.299683 1602.312256 1585.041748 2255.410645 2281.037842 2315.481201 2333.122314 2315.481201 2281.037842 2255.410645 1585.041748 1602.312256 1620.299683 1623.811157 1606.384399 1585.058350 1574.768799 -15.720440 -15.830381 -21.808979 -31.797340 -38.754017 -36.261566 -27.370144 -1582.021606 -1588.584961 -1602.309570 -1614.265747 -1613.147949 -1601.343262 -1589.015503,

Auto-correlations of the modulus of each oriented sub-band
 2.427455 3.338167 4.130035 4.485432 4.262129 3.612326 2.843401 2.830097 3.834394 4.722096 5.144316 4.926641 4.216542 3.349044 3.622896 4.925084 6.038115 6.482869 6.064682 5.046797 3.887993 4.144444 5.681191 7.078072 7.663625 7.078072 5.681191 4.144444 3.887993 5.046797 6.064682 6.482869 6.038115 4.925084 3.622896 3.349044 4.216542 4.926641 5.144316 4.722096 3.834394 2.830097 2.843401 3.612326 4.262129 4.485432 4.130035 3.338167 2.427455,
 74.038437 77.597023 81.170868 84.011047 85.829910 86.627449 86.481949 92.518250 100.820206 108.333435 112.715134 113.509232 111.755692 108.363281 115.682076 128.687424 140.366180 145.943298 143.689026 136.478409 127.443947 130.916458 144.536774 156.685577 161.940857 156.685577 144.536774 130.916458 127.443947 136.478409 143.689026 145.943298 140.366180 128.687424 115.682076 108.363281 111.755692 113.509232 112.715134 108.333435 100.820206 92.518250 86.481949 86.627449 85.829910 84.011047 81.170868 77.597023 74.038437,
 323.390839 336.415405 350.968811 361.161255 363.441711 360.207153 354.254852 409.840851 442.690552 473.775970 490.703064 486.475616 467.513855 443.405365 507.275604 562.509705 612.799988 636.670776 621.368225 579.424377 530.686829 560.375000 623.994080 681.224548 705.992676 681.224548 623.994080 560.375000 530.686829 579.424377 621.368225 636.670776 612.799988 562.509705 507.275604 443.405365 467.513855 486.475616 490.703064 473.775970 442.690552 409.840851 354.254852 360.207153 363.441711 361.161255 350.968811 336.415405 323.390839,
 47.721203 48.650013 50.109158 50.911507 49.985783 47.955929 46.229786 58.339748 61.284599 65.571449 68.293076 66.129570 60.499863 55.771358 68.112228 74.522278 83.953171 89.858231 85.281982 74.513336 66.240524 71.529694 80.662857 93.678429 100.731430 93.678429 80.662857 71.529694 66.240524 74.513336 85.281982 89.858231 83.953171 74.522278 68.112228 55.771358 60.499863 66.129570 68.293076 65.571449 61.284599 58.339748 46.229786 47.955929 49.985783 50.911507 50.109158 48.650013 47.721203,
 2.286713 2.793620 3.206134 3.367994 3.209418 2.813757 2.341839 2.652052 3.313869 3.853640 4.033620 3.783838 3.260461 2.700378 3.411934 4.458600 5.393957 5.708087 5.234156 4.297437 3.356918 3.817749 5.111326 6.414309 7.000759 6.414309 5.111326 3.817749 3.356918 4.297437 5.234156 5.708087 5.393957 4.458600 3.411934 2.700378 3.260461 3.783838 4.033620 3.853640 3.313869 2.652052 2.341839 2.813757 3.209418 3.367994 3.206134 2.793620 2.286713,
 44.143642 46.677006 49.307903 51.273205 52.308300 52.786709 53.000950 55.917034 62.910114 69.645096 73.362930 73.553955 71.680084 68.952522 72.897072 84.195541 95.411186 100.700203 97.901192 90.873886 83.283073 85.325317 97.082306 108.945686 114.499596 108.945686 97.082306 85.325317 83.283073 90.873886 97.901192 100.700203 95.411186 84.195541 72.897072 68.952522 71.680084 73.553955 73.362930 69.645096 62.910114 55.917034 53.000950 52.786709 52.308300 51.273205 49.307903 46.677006 44.143642,
 191.333557 197.123642 200.895401 200.513245 195.322525 187.204666 178.398743 246.178146 263.559387 277.384216 281.690613 274.100464 258.239990 239.541092 309.238312 342.608948 370.271179 380.806580 368.818542 340.640564 306.911041 338.495544 380.401367 415.789032 430.354584 415.789032 380.401367 338.495544 306.911041 340.640564 368.818542 380.806580 370.271179 342.608948 309.238312 239.541092 258.239990 274.100464 281.690613 277.384216 263.559387 246.178146 178.398743 187.204666 195.322525 200.513245 200.895401 197.123642 191.333557,
 25.128822 24.933695 25.319399 25.819288 25.407507 24.274935 22.997734 30.050171 30.768158 32.697487 34.906227 34.358658 31.316650 28.370415 34.536808 36.907803 41.901974 46.522369 44.402805 38.081524 33.440655 35.989185 40.299789 47.904583 52.731339 47.904583 40.299789 35.989185 33.440655 38.081524 44.402805 46.522369 41.901974 36.907803 34.536808 28.370415 31.316650 34.358658 34.906227 32.697487 30.768158 30.050171 22.997734 24.274935 25.407507 25.819288 25.319399 24.933695 25.128822,
 1.509710 2.025360 2.458056 2.669731 2.586836 2.256713 1.816341 1.912275 2.577095 3.184878 3.473435 3.310837 2.802670 2.171167 2.491852 3.537226 4.550433 4.989331 4.571951 3.593149 2.561801 2.829324 4.149520 5.475288 6.072104 5.475288 4.149520 2.829324 2.561801 3.593149 4.571951 4.989331 4.550433 3.537226 2.491852 2.171167 2.802670 3.310837 3.473435 3.184878 2.577095 1.912275 1.816341 2.256713 2.586836 2.669731 2.458056 2.025360 1.509710,
 17.082338 19.638474 21.797153 22.889141 22.607258 21.656490 20.935255 26.305412 30.758924 34.079521 34.677879 32.756607 30.090628 27.866070 35.316849 42.386868 48.785023 50.138222 45.835430 40.048725 35.495148 39.034550 46.166885 54.488022 58.672943 54.488022 46.166885 39.034550 35.495148 40.048725 45.835430 50.138222 48.785023 42.386868 35.316849 27.866070 30.090628 32.756607 34.677879 34.079521 30.758924 26.305412 20.935255 21.656490 22.607258 22.889141 21.797153 19.638474 17.082338,
 40.531635 49.595261 59.517715 65.971848 66.092560 60.786209 53.231579 75.197380 91.558640 107.002182 114.855774 110.838058 97.224319 80.189507 109.654243 135.581390 158.568436 168.955246 160.709946 138.375793 111.589806 125.603531 156.650970 183.456024 194.615295 183.456024 156.650970 125.603531 111.589806 138.375793 160.709946 168.955246 158.568436 135.581390 109.654243 80.189507 97.224319 110.838058 114.855774 107.002182 91.558640 75.197380 53.231579 60.786209 66.092560 65.971848 59.517715 49.595261 40.531635,
 5.064807 5.119222 5.395481 6.126905 7.368032 8.138384 7.729606 8.557565 9.179069 10.262034 12.227229 13.630277 12.530145 10.285348 11.998172 13.266996 16.077036 19.873297 19.763498 15.670301 12.494445 13.388408 15.744540 20.608101 24.002739 20.608101 15.744540 13.388408 12.494445 15.670301 19.763498 19.873297 16.077036 13.266996 11.998172 10.285348 12.530145 13.630277 12.227229 10.262034 9.179069 8.557565 7.729606 8.138384 7.368032 6.126905 5.395481 5.119222 5.064807,
 -0.163822 0.526436 1.060387 1.192092 0.825091 0.174306 -0.470791 0.148931 1.103371 1.976380 2.361074 2.038840 1.251673 0.399457 0.890253 2.289557 3.646518 4.281407 3.807682 2.595658 1.297340 1.504325 3.112603 4.677558 5.363151 4.677558 3.112603 1.504325 1.297340 2.595658 3.807682 4.281407 3.646518 2.289557 0.890253 0.399457 1.251673 2.038840 2.361074 1.976380 1.103371 0.148931 -0.470791 0.174306 0.825091 1.192092 1.060387 0.526436 -0.163822,
 1.349291 2.818285 3.813341 4.134025 4.262061 4.395559 4.692875 4.957696 7.780038 10.009880 10.471788 9.991777 9.415187 8.848532 8.371651 12.077841 15.699608 16.635790 14.865765 12.694942 10.937714 10.591620 13.754427 17.564606 19.577208 17.564606 13.754427 10.591620 10.937714 12.694942 14.865765 16.635790 15.699608 12.077841 8.371651 8.848532 9.415187 9.991777 10.471788 10.009880 7.780038 4.957696 4.692875 4.395559 4.262061 4.134025 3.813341 2.818285 1.349291,
 6.885592 15.487568 22.334177 26.355064 26.985994 24.555515 19.803221 17.410114 29.167330 38.566261 43.542740 42.845024 37.250755 28.604832 27.662201 41.771568 53.056404 58.359940 55.608299 46.509499 34.094208 34.015152 48.501137 59.878586 64.490158 59.878586 48.501137 34.015152 34.094208 46.509499 55.608299 58.359940 53.056404 41.771568 27.662201 28.604832 37.250755 42.845024 43.542740 38.566261 29.167330 17.410114 19.803221 24.555515 26.985994 26.355064 22.334177 15.487568 6.885592,
 0.044452 0.470782 0.873630 1.161187 1.690273 2.146793 1.889681 0.713725 0.990115 1.400038 2.647509 4.042907 3.832921 2.441531 0.977663 1.393131 2.955639 5.608809 6.111864 3.925350 1.912381 1.225224 2.539299 5.393661 7.397557 5.393661 2.539299 1.225224 1.912381 3.925350 6.111864 5.608809 2.955639 1.393131 0.977663 2.441531 3.832921 4.042907 2.647509 1.400038 0.990115 0.713725 1.889681 2.146793 1.690273 1.161187 0.873630 0.470782 0.044452,

Pairwise cross-correlations of the modulus of all oriented sub-bands at the same scale (size QxQ)
 7.663625 11.968411 15.218001 8.732389,
 11.968411 161.940857 302.209442 85.688560,
 15.218001 302.209442 705.992676 225.781784,
 8.732389 85.688560 225.781784 100.731445,
 7.000759 7.805987 11.598800 5.739667,
 7.805987 114.499603 198.298996 45.648788,
 11.598800 198.298996 430.354675 122.262543,
 5.739667 45.648788 122.262543 52.731339,
 6.072104 4.869586 7.901236 4.423587,
 4.869586 58.672947 94.235252 20.687008,
 7.901236 94.235252 194.615326 51.105114,
 4.423587 20.687008 51.105114 24.002739,
 5.363152 1.985014 -2.015901 2.239645,
 1.985014 19.577209 30.038380 7.034975,
 -2.015901 30.038380 64.490158 13.604634,
 2.239645 7.034975 13.604634 7.397558,

Cross-correlations of the modulus of all oriented sub-bands with all oriented sub-bands at the coarser scale (size QxQ)
 4.813359 7.140892 8.800377 4.209193,
 11.893873 60.730659 107.603783 33.366138,
 21.321980 115.926445 231.067841 80.071808,
 9.354357 38.530563 82.119125 34.552139,
 4.471652 4.880791 6.885761 4.519444,
 6.840234 41.609768 70.753754 19.901461,
 12.423473 66.291275 126.441307 39.583248,
 5.635955 13.902765 30.553684 14.291676,
 4.175117 3.596191 1.560687 2.848176,
 3.843376 15.219481 24.573925 6.411337,
 6.681402 25.244976 47.364479 12.833665,
 3.736838 6.092407 11.185567 5.327703,

Cross-correlations of the real part of each oriented sub-band with both the real and imaginary part of all phase-doubled oriented sub-bands at the next coarser scale (Q matrices of size 1x2Q, which are computed and stored in a matrix of size Qx2Q)
 -0.573935 -0.878370 -0.383774 -0.408584 0.223048 0.356106 0.235790 -0.117648,
 -0.673791 -12.387675 -10.542898 -4.873563 0.113270 8.905486 11.212063 2.384180,
 -0.401013 -17.546986 -27.518671 -20.221323 -0.038224 14.994840 28.266449 9.385746,
 -0.231158 -3.642119 -11.893183 -11.241149 0.066840 3.471331 10.431276 4.341827,
 0.301991 -0.669659 -0.448332 -0.134010 -0.473473 0.037958 0.250258 0.268332,
 0.047828 -16.662481 -18.703577 -2.325899 -0.266878 8.389790 6.469891 -0.756891,
 -0.167807 -23.844051 -26.177578 -4.991201 -0.048739 10.650415 2.215515 -4.817204,
 0.184383 -3.864305 -3.349597 -2.179330 -0.070634 0.810110 -2.951963 -2.222598,
 0.390124 -0.044238 0.081276 0.011976 -1.387559 -0.083957 -0.164707 0.208788,
 0.112288 8.811047 14.015704 2.464606 -0.523757 -5.812639 -7.177304 -2.899211,
 0.089413 18.778114 27.596357 3.300320 0.093533 -8.219327 -19.133411 -12.156870,
 0.362179 4.874167 6.415450 -0.102967 -0.511176 -1.313029 -7.323387 -5.860235,
