Low-band skewness and kurtosis
 -0.530923 2.140337,
 -0.402840 2.239192,
 -0.305789 2.318222,
 -0.282191 2.352633,
 -0.034240 1.830378,

High-band variance
 968.940369,

Skewness, kurtosis, variance, mean, maximum and minimum of the reconstructed texture
 -0.656066 1.961130 5820.837402 187.734070 255.000000 4.000000,

Auto-correlations of the low-frequency bands at each scale
 1791.984497 1692.535889 1604.630005 1552.629639 1557.459351 1624.277588 1725.817749 1921.276123 1673.788818 1475.120850 1425.515381 1550.411377 1784.672363 2014.669922 2831.809082 2941.457275 3076.219238 3185.340576 3199.534180 3117.405029 2981.952148 3565.192383 4037.880127 4466.294922 4646.774414 4466.294922 4037.880127 3565.192383 2981.952148 3117.405029 3199.534180 3185.340576 3076.219238 2941.457275 2831.809082 2014.669922 1784.672363 1550.411377 1425.515381 1475.120850 1673.788818 1921.276123 1725.817749 1624.277588 1557.459351 1552.629639 1604.630005 1692.535889 1791.984497,
 1697.696655 1658.551147 1624.516846 1604.612061 1612.195557 1656.849243 1723.616821 1835.745483 1690.474609 1560.654297 1512.004517 1566.982666 1695.900391 1831.631226 2327.451904 2361.223145 2412.637695 2450.127197 2425.689453 2347.923340 2252.782959 2627.254395 2896.488770 3156.249512 3270.101562 3156.249512 2896.488770 2627.254395 2252.782959 2347.923340 2425.689453 2450.127197 2412.637695 2361.223145 2327.451904 1831.631226 1695.900391 1566.982666 1512.004517 1560.654297 1690.474609 1835.745483 1723.616821 1656.849243 1612.195557 1604.612061 1624.516846 1658.551147 1697.696655,
 1381.109863 1356.638428 1327.042236 1306.672241 1306.618896 1323.022949 1338.090332 1665.380737 1586.412720 1518.773193 1493.739136 1516.229980 1566.273071 1608.378540 2006.300659 2025.338501 2056.931396 2074.103516 2049.839111 2001.100952 1954.111938 2164.782959 2297.564453 2437.116211 2500.914551 2437.116211 2297.564453 2164.782959 1954.111938 2001.100952 2049.839111 2074.103516 2056.931396 2025.338501 2006.300659 1608.378540 1566.273071 1516.229980 1493.739136 1518.773193 1586.412720 1665.380737 1338.090332 1323.022949 1306.618896 1306.672241 1327.042236 1356.638428 1381.109863,
 554.323975 544.174377 545.617798 561.276001 586.860718 613.190857 636.373291 1120.028198 1087.459717 1056.959473 1041.754761 1042.520752 1054.130127 1069.432739 1716.854492 1731.901245 1743.472534 1740.364136 1709.635132 1662.763794 1617.358887 1956.166260 2035.601562 2112.267578 2146.476562 2112.267578 2035.601562 1956.166260 1617.358887 1662.763794 1709.635132 1740.364136 1743.472534 1731.901245 1716.854492 1069.432739 1054.130127 1042.520752 1041.754761 1056.959473 1087.459717 1120.028198 636.373291 613.190857 586.860718 561.276001 545.617798 544.174377 554.323975,
 -1223.378174 -1248.153687 -1263.527588 -1258.046753 -1234.978760 -1210.282104 -1198.259521 -10.179336 -36.574505 -48.097305 -32.704800 -0.196550 25.392128 29.762836 1200.500000 1215.246704 1241.495850 1263.975952 1263.401611 1240.678345 1214.746582 1708.932007 1760.143677 1821.210571 1849.620117 1821.210571 1760.143677 1708.932007 1214.746582 1240.678345 1263.401611 1263.975952 1241.495850 1215.246704 1200.500000 29.762836 25.392128 -0.196550 -32.704800 -48.097305 -36.574505 -10.179336 -1198.259521 -1210.282104 -1234.978760 -1258.046753 -1263.527588 -1248.153687 -1223.378174,

Auto-correlations of the modulus of each oriented sub-band
 6.456440 7.481332 8.363927 8.771137 8.558154 7.883537 7.052440 7.465754 8.845164 9.793355 10.058571 9.686309 8.841229 7.743757 8.603810 10.965372 12.860726 13.449522 12.516799 10.625458 8.547988 9.064189 12.382019 15.807001 17.381086 15.807001 12.382019 9.064189 8.547988 10.625458 12.516799 13.449522 12.860726 10.965372 8.603810 7.743757 8.841229 9.686309 10.058571 9.793355 8.845164 7.465754 7.052440 7.883537 8.558154 8.771137 8.363927 7.481332 6.456440,
 86.088821 92.928986 100.461449 106.216919 109.214378 109.835297 109.173538 103.360062 118.148636 134.223221 143.341766 142.636642 136.227615 128.630524 124.044922 147.092010 173.049728 185.771530 177.155167 158.372711 140.924835 139.229462 163.827621 192.208298 206.557220 192.208298 163.827621 139.229462 140.924835 158.372711 177.155167 185.771530 173.049728 147.092010 124.044922 128.630524 136.227615 142.636642 143.341766 134.223221 118.148636 103.360062 109.173538 109.835297 109.214378 106.216919 100.461449 92.928986 86.088821,
 253.360397 267.393768 279.233307 281.911072 271.432220 256.499664 247.725052 297.323730 336.909302 379.502533 396.534485 371.603180 328.088501 296.766846 340.228882 407.169830 487.926056 525.681885 482.503693 402.124786 341.395752 359.556305 436.769989 535.944275 587.235901 535.944275 436.769989 359.556305 341.395752 402.124786 482.503693 525.681885 487.926056 407.169830 340.228882 296.766846 328.088501 371.603180 396.534485 379.502533 336.909302 297.323730 247.725052 256.499664 271.432220 281.911072 279.233307 267.393768 253.360397,
 101.563629 99.514290 96.529984 92.495468 87.018539 81.180473 76.698669 117.078346 120.857536 123.909317 123.099350 114.907654 102.521065 92.459633 126.822212 139.005264 152.939178 159.264191 148.229858 127.642937 110.860100 124.567917 142.811707 165.425476 177.309799 165.425476 142.811707 124.567917 110.860100 127.642937 148.229858 159.264191 152.939178 139.005264 126.822212 92.459633 102.521065 114.907654 123.099350 123.909317 120.857536 117.078346 76.698669 81.180473 87.018539 92.495468 96.529984 99.514290 101.563629,
 3.569548 4.329699 5.059670 5.481604 5.434068 4.949709 4.232693 4.098992 5.051725 5.797681 6.102839 5.920343 5.315544 4.491477 4.986501 6.694191 8.196155 8.727119 7.993155 6.491367 4.977979 5.499329 7.941728 10.547781 11.772379 10.547781 7.941728 5.499329 4.977979 6.491367 7.993155 8.727119 8.196155 6.694191 4.986501 4.491477 5.315544 5.920343 6.102839 5.797681 5.051725 4.098992 4.232693 4.949709 5.434068 5.481604 5.059670 4.329699 3.569548,
 29.619820 35.520058 41.534863 45.885395 47.343884 45.712440 42.907707 39.041763 51.089928 63.575665 69.834831 67.486137 59.463158 50.460953 50.419849 68.521072 88.500313 97.588646 89.579063 73.008255 57.325649 57.942783 77.721024 100.206482 111.390732 100.206482 77.721024 57.942783 57.325649 73.008255 89.579063 97.588646 88.500313 68.521072 50.419849 50.460953 59.463158 67.486137 69.834831 63.575665 51.089928 39.041763 42.907707 45.712440 47.343884 45.885395 41.534863 35.520058 29.619820,
 101.638039 110.173019 119.707115 122.029770 110.645515 92.192841 76.493309 124.279457 149.617096 178.850174 191.349121 172.487411 136.823212 105.946709 145.192352 190.885300 244.983688 271.044434 242.634537 185.925552 137.356506 152.579529 208.683685 275.574615 309.278442 275.574615 208.683685 152.579529 137.356506 185.925552 242.634537 271.044434 244.983688 190.885300 145.192352 105.946709 136.823212 172.487411 191.349121 178.850174 149.617096 124.279457 76.493309 92.192841 110.645515 122.029770 119.707115 110.173019 101.638039,
 60.347034 59.971058 57.543945 53.412518 48.196320 42.555660 37.114956 67.203583 70.847893 72.898270 72.320648 66.944778 57.358650 47.689289 69.623993 79.142097 89.514336 95.058365 88.150383 72.654732 58.489285 66.483887 80.770111 97.775665 106.555939 97.775665 80.770111 66.483887 58.489285 72.654732 88.150383 95.058365 89.514336 79.142097 69.623993 47.689289 57.358650 66.944778 72.320648 72.898270 70.847893 67.203583 37.114956 42.555660 48.196320 53.412518 57.543945 59.971058 60.347034,
 1.321722 1.734448 2.110487 2.291605 2.224995 1.917915 1.456017 1.975491 2.658778 3.163128 3.258504 2.888933 2.204169 1.448514 2.782267 4.216887 5.452816 5.838579 5.102785 3.715730 2.329660 3.448099 5.556447 7.668675 8.627947 7.668675 5.556447 3.448099 2.329660 3.715730 5.102785 5.838579 5.452816 4.216887 2.782267 1.448514 2.204169 2.888933 3.258504 3.163128 2.658778 1.975491 1.456017 1.917915 2.224995 2.291605 2.110487 1.734448 1.321722,
 11.067554 14.829124 16.942293 16.819229 15.183059 12.650215 9.759390 16.178995 22.423178 27.574492 28.710278 25.764582 20.648188 14.977433 20.890720 30.274614 39.769440 43.106628 37.894295 28.810076 20.005215 22.516695 33.072540 44.678223 50.451271 44.678223 33.072540 22.516695 20.005215 28.810076 37.894295 43.106628 39.769440 30.274614 20.890720 14.977433 20.648188 25.764582 28.710278 27.574492 22.423178 16.178995 9.759390 12.650215 15.183059 16.819229 16.942293 14.829124 11.067554,
 2.530385 -1.393247 -2.299432 -0.826353 1.749223 4.832257 7.359101 17.848475 21.035999 27.991081 33.637970 32.819008 27.392811 21.340818 32.115055 46.735321 66.041069 77.139236 69.504356 50.713463 33.624447 38.459476 59.845551 85.775352 98.841858 85.775352 59.845551 38.459476 33.624447 50.713463 69.504356 77.139236 66.041069 46.735321 32.115055 21.340818 27.392811 32.819008 33.637970 27.991081 21.035999 17.848475 7.359101 4.832257 1.749223 -0.826353 -2.299432 -1.393247 2.530385,
 13.276650 13.145540 12.797140 12.291176 11.521559 9.634478 6.873683 20.060661 21.995564 23.533234 24.287579 22.538322 17.693180 12.104877 24.127701 29.226873 35.079338 38.753826 35.445686 26.789774 18.584976 23.486290 31.439150 41.033970 46.055817 41.033970 31.439150 23.486290 18.584976 26.789774 35.445686 38.753826 35.079338 29.226873 24.127701 12.104877 17.693180 22.538322 24.287579 23.533234 21.995564 20.060661 6.873683 9.634478 11.521559 12.291176 12.797140 13.145540 13.276650,
 0.301018 0.762687 1.345978 1.560032 1.102568 0.327571 -0.243440 0.423270 0.795182 1.264035 1.419584 0.982235 0.234086 -0.313896 0.217253 1.037242 1.979116 2.394414 1.898823 0.963303 0.229964 0.478889 1.571455 2.917101 3.599821 2.917101 1.571455 0.478889 0.229964 0.963303 1.898823 2.394414 1.979116 1.037242 0.217253 -0.313896 0.234086 0.982235 1.419584 1.264035 0.795182 0.423270 -0.243440 0.327571 1.102568 1.560032 1.345978 0.762687 0.301018,
 -4.842411 -2.198975 2.017814 5.138215 6.083611 6.441549 6.971293 -1.895759 1.641115 7.395630 11.179863 10.684311 8.651015 7.435299 1.325972 5.646476 13.040841 17.373289 14.475936 9.428038 6.580436 4.362541 8.459379 15.871483 20.344231 15.871483 8.459379 4.362541 6.580436 9.428038 14.475936 17.373289 13.040841 5.646476 1.325972 7.435299 8.651015 10.684311 11.179863 7.395630 1.641115 -1.895759 6.971293 6.441549 6.083611 5.138215 2.017814 -2.198975 -4.842411,
 16.902639 18.466331 18.118620 16.348648 14.505794 13.017867 11.117395 38.092686 42.943485 46.952965 47.062706 42.022781 34.351170 27.381863 54.538342 64.352905 74.983353 78.774521 71.221466 57.536438 45.715870 57.427795 70.632294 85.962418 93.355812 85.962418 70.632294 57.427795 45.715870 57.536438 71.221466 78.774521 74.983353 64.352905 54.538342 27.381863 34.351170 42.022781 47.062706 46.952965 42.943485 38.092686 11.117395 13.017867 14.505794 16.348648 18.118620 18.466331 16.902639,
 1.726865 5.358686 7.225349 7.222502 5.809876 3.264449 0.847165 5.482147 10.381510 14.150196 15.430588 12.874716 7.915258 3.737316 9.373249 15.665523 22.031359 25.250610 21.534575 14.173909 8.164185 10.738064 17.622936 25.767494 30.098660 25.767494 17.622936 10.738064 8.164185 14.173909 21.534575 25.250610 22.031359 15.665523 9.373249 3.737316 7.915258 12.874716 15.430588 14.150196 10.381510 5.482147 0.847165 3.264449 5.809876 7.222502 7.225349 5.358686 1.726865,

Pairwise cross-correlations of the modulus of all oriented sub-bands at the same scale (size QxQ)
 17.381086 24.891356 23.647343 18.692451,
 24.891356 206.557266 232.964264 47.323307,
 23.647343 232.964264 587.236023 224.464294,
 18.692451 47.323307 224.464294 177.309830,
 11.772380 12.454098 14.085375 11.345706,
 12.454098 111.390724 117.871078 17.636261,
 14.085375 117.871078 309.278442 121.717163,
 11.345706 17.636261 121.717163 106.555939,
 8.627947 7.140289 5.190802 5.239455,
 7.140289 50.451279 41.706821 -2.070999,
 5.190802 41.706821 98.841858 33.488419,
 5.239455 -2.070999 33.488419 46.055824,
 3.599821 2.801744 1.593567 1.834167,
 2.801744 20.344231 25.386751 2.082920,
 1.593567 25.386751 93.355812 36.783493,
 1.834167 2.082920 36.783493 30.098663,

Cross-correlations of the modulus of all oriented sub-bands with all oriented sub-bands at the coarser scale (size QxQ)
 9.007720 12.659652 10.625032 10.067810,
 16.113651 68.444542 70.769226 18.409731,
 23.057915 71.638969 146.831696 73.864433,
 14.370975 14.500663 65.276810 62.977077,
 5.378490 6.338362 4.666237 5.119741,
 7.309550 29.855846 26.304153 -0.284654,
 10.509595 21.119143 57.370415 30.211185,
 6.594862 -4.625647 26.361713 31.717949,
 3.120224 3.131404 5.075969 2.836727,
 1.844127 9.041893 6.072039 -3.494023,
 1.537757 8.752726 22.846901 8.868665,
 2.996754 1.201221 13.520124 13.436827,

Cross-correlations of the real part of each oriented sub-band with both the real and imaginary part of all phase-doubled oriented sub-bands at the next coarser scale (Q matrices of size 1x2Q, which are computed and stored in a matrix of size Qx2Q)
 -2.906558 -4.146200 -2.581034 -3.657010 1.238336 0.916618 -0.016688 0.452193,
 -4.583544 -34.859680 -24.156422 -4.087066 0.881679 -4.285761 -14.844033 -2.934566,
 -3.630686 -36.128159 -41.001343 -27.819407 -0.050268 -12.326066 -33.316875 -6.099143,
 -3.523223 -4.204522 -17.460161 -28.184103 0.038963 -3.330346 -10.413831 -0.378918,
 -0.647121 -3.408036 -1.316390 -1.028045 1.233638 -0.038635 -0.270275 -0.082558,
 -2.598433 -22.860601 -11.365206 -2.483309 0.706396 0.110481 10.810529 2.725820,
 -2.122158 -21.722256 -27.428467 -16.165016 0.277831 4.085748 25.291548 7.521565,
 -0.952232 -3.077204 -13.620878 -13.303375 0.570557 1.781792 7.412214 2.864901,
 0.093226 -0.761158 -0.351047 -0.290476 0.676117 0.552234 -0.762816 -0.887072,
 -0.391452 2.328149 3.322959 -3.125668 0.272421 1.713292 -2.710774 -4.685943,
 -0.251220 3.975273 -6.959405 -14.375153 0.023832 -0.191662 -32.621662 -28.897514,
 -0.016981 -0.520511 -9.185679 -10.246157 0.408564 -0.951446 -25.422642 -20.913353,
