Low-band skewness and kurtosis
 -0.693377 2.288562,
 -0.639535 2.462510,
 -0.600984 2.282977,
 -0.373811 1.768401,
 -0.323697 1.635286,

High-band variance
 884.458191,

Skewness, kurtosis, variance, mean, maximum and minimum of the reconstructed texture
 -0.797565 2.140428 5984.585938 192.608826 255.000000 3.000000,

Auto-correlations of the low-frequency bands at each scale
 1488.987671 1486.379395 1498.572998 1519.822388 1542.471436 1566.309570 1589.628052 1820.725586 1706.139771 1618.082031 1569.499390 1561.337402 1593.979370 1657.803955 3521.312988 3503.059082 3465.527344 3400.635010 3301.577148 3192.028809 3096.882812 4511.871094 4697.607422 4843.197754 4901.774902 4843.197754 4697.607422 4511.871094 3096.882812 3192.028809 3301.577148 3400.635010 3465.527344 3503.059082 3521.312988 1657.803955 1593.979370 1561.337402 1569.499390 1618.082031 1706.139771 1820.725586 1589.628052 1566.309570 1542.471436 1519.822388 1498.572998 1486.379395 1488.987671,
 1390.548462 1378.571899 1374.968384 1380.749756 1394.635132 1413.347290 1431.453735 1427.454956 1353.677246 1303.110352 1280.778198 1285.274414 1318.204590 1373.807251 2571.966553 2577.265381 2572.361328 2542.261963 2478.721680 2407.421143 2353.029541 3318.643066 3454.191406 3567.377930 3614.860840 3567.377930 3454.191406 3318.643066 2353.029541 2407.421143 2478.721680 2542.261963 2572.361328 2577.265381 2571.966553 1373.807251 1318.204590 1285.274414 1280.778198 1303.110352 1353.677246 1427.454956 1431.453735 1413.347290 1394.635132 1380.749756 1374.968384 1378.571899 1390.548462,
 1409.019043 1405.598145 1401.750610 1403.757935 1412.186890 1419.032471 1417.864990 1413.785522 1368.363281 1334.930542 1325.335083 1342.835327 1382.090820 1430.862183 2009.295288 2015.579346 2021.142578 2012.135010 1980.585449 1946.139648 1926.635132 2436.769531 2524.446289 2607.117432 2644.039307 2607.117432 2524.446289 2436.769531 1926.635132 1946.139648 1980.585449 2012.135010 2021.142578 2015.579346 2009.295288 1430.862183 1382.090820 1342.835327 1325.335083 1334.930542 1368.363281 1413.785522 1417.864990 1419.032471 1412.186890 1403.757935 1401.750610 1405.598145 1409.019043,
 670.658203 673.195801 676.404053 681.005920 686.035400 686.986450 680.654785 1297.199951 1275.804932 1258.584839 1253.703613 1260.517944 1272.753174 1284.380371 1755.869019 1757.339722 1760.983643 1758.610229 1743.762451 1728.128784 1725.484253 1956.490112 1990.339233 2031.813599 2052.057373 2031.813599 1990.339233 1956.490112 1725.484253 1728.128784 1743.762451 1758.610229 1760.983643 1757.339722 1755.869019 1284.380371 1272.753174 1260.517944 1253.703613 1258.584839 1275.804932 1297.199951 680.654785 686.986450 686.035400 681.005920 676.404053 673.195801 670.658203,
 -1308.391357 -1309.651367 -1311.684570 -1312.168701 -1309.436523 -1305.916016 -1305.376953 -54.384792 -58.842995 -66.153595 -70.200600 -68.609177 -63.274315 -58.218899 1311.642334 1313.504272 1314.240723 1313.135010 1307.133789 1301.579224 1301.872559 1906.147339 1913.630493 1926.202515 1933.443115 1926.202515 1913.630493 1906.147339 1301.872559 1301.579224 1307.133789 1313.135010 1314.240723 1313.504272 1311.642334 -58.218899 -63.274315 -68.609177 -70.200600 -66.153595 -58.842995 -54.384792 -1305.376953 -1305.916016 -1309.436523 -1312.168701 -1311.684570 -1309.651367 -1308.391357,

Auto-correlations of the modulus of each oriented sub-band
 3.617588 4.964815 6.105345 6.530378 5.997875 4.753685 3.325312 4.103586 5.568058 6.795558 7.232133 6.635563 5.294946 3.769027 4.684138 6.419733 7.936568 8.578235 7.985549 6.442690 4.608231 5.075955 7.186201 9.074203 9.857965 9.074203 7.186201 5.075955 4.608231 6.442690 7.985549 8.578235 7.936568 6.419733 4.684138 3.769027 5.294946 6.635563 7.232133 6.795558 5.568058 4.103586 3.325312 4.753685 5.997875 6.530378 6.105345 4.964815 3.617588,
 31.738924 33.866692 36.035423 37.256882 36.963501 35.723228 34.178131 45.347466 50.591785 56.040619 58.383789 56.620232 53.040020 49.591240 60.563927 69.377754 79.252396 83.480293 78.969727 70.879265 63.977943 68.759140 78.432159 89.964493 95.879883 89.964493 78.432159 68.759140 63.977943 70.879265 78.969727 83.480293 79.252396 69.377754 60.563927 49.591240 53.040020 56.620232 58.383789 56.040619 50.591785 45.347466 34.178131 35.723228 36.963501 37.256882 36.035423 33.866692 31.738924,
 179.643906 188.462784 194.760544 195.637909 189.568375 178.792709 166.949966 289.066589 314.154388 334.559967 341.784851 330.954865 306.674347 277.953552 402.025024 450.417542 491.307861 507.737793 489.703247 446.517883 395.433960 450.075836 511.630859 564.522095 586.713623 564.522095 511.630859 450.075836 395.433960 446.517883 489.703247 507.737793 491.307861 450.417542 402.025024 277.953552 306.674347 330.954865 341.784851 334.559967 314.154388 289.066589 166.949966 178.792709 189.568375 195.637909 194.760544 188.462784 179.643906,
 40.314392 40.949242 41.333912 40.916374 39.025562 35.892868 32.511154 63.478626 66.672287 69.120834 69.504684 66.300430 59.963348 52.882854 84.117302 92.122612 99.226616 102.169952 97.724037 87.563026 76.331764 89.837616 101.836922 112.976624 117.942848 112.976624 101.836922 89.837616 76.331764 87.563026 97.724037 102.169952 99.226616 92.122612 84.117302 52.882854 59.963348 66.300430 69.504684 69.120834 66.672287 63.478626 32.511154 35.892868 39.025562 40.916374 41.333912 40.949242 40.314392,
 2.324520 3.201682 3.995478 4.347177 4.080852 3.371575 2.574369 2.776202 3.720886 4.582469 4.961076 4.643593 3.809603 2.860962 3.652392 5.070423 6.396015 6.987002 6.464313 5.125322 3.636350 4.190709 6.067500 7.844038 8.609065 7.844038 6.067500 4.190709 3.636350 5.125322 6.464313 6.987002 6.396015 5.070423 3.652392 2.860962 3.809603 4.643593 4.961076 4.582469 3.720886 2.776202 2.574369 3.371575 4.080852 4.347177 3.995478 3.201682 2.324520,
 25.860832 25.774843 25.110468 23.940125 22.567938 21.393911 20.436378 35.576897 38.381844 40.059914 39.082893 36.102364 33.217575 31.095179 44.910515 50.781723 56.402645 57.328674 52.632099 46.861496 42.535576 48.219639 54.572388 62.295750 66.375755 62.295750 54.572388 48.219639 42.535576 46.861496 52.632099 57.328674 56.402645 50.781723 44.910515 31.095179 33.217575 36.102364 39.082893 40.059914 38.381844 35.576897 20.436378 21.393911 22.567938 23.940125 25.110468 25.774843 25.860832,
 125.474083 125.949020 123.437561 116.507599 104.715073 91.151016 79.202110 191.347458 206.411346 214.589203 211.332153 195.371857 172.112274 148.355423 258.669647 293.695282 319.481659 325.254333 306.363861 271.292450 232.036331 280.157715 326.439575 365.060425 381.057617 365.060425 326.439575 280.157715 232.036331 271.292450 306.363861 325.254333 319.481659 293.695282 258.669647 148.355423 172.112274 195.371857 211.332153 214.589203 206.411346 191.347458 79.202110 91.151016 104.715073 116.507599 123.437561 125.949020 125.474083,
 23.073799 23.895990 24.644878 24.706598 23.535275 21.063906 17.983643 34.715542 38.088467 40.955200 42.063087 39.898651 34.440990 27.987806 45.841530 53.340923 60.732960 64.622314 60.922527 51.096470 40.730171 48.620705 59.565773 70.874390 76.275452 70.874390 59.565773 48.620705 40.730171 51.096470 60.922527 64.622314 60.732960 53.340923 45.841530 27.987806 34.440990 39.898651 42.063087 40.955200 38.088467 34.715542 17.983643 21.063906 23.535275 24.706598 24.644878 23.895990 23.073799,
 1.147928 1.488038 1.825794 1.959088 1.788920 1.411328 1.013945 1.515024 1.903988 2.279986 2.424255 2.235982 1.808160 1.337871 2.257090 3.041692 3.855663 4.221272 3.853448 2.985893 2.101587 2.682739 3.949840 5.272672 5.870422 5.272672 3.949840 2.682739 2.101587 2.985893 3.853448 4.221272 3.855663 3.041692 2.257090 1.337871 1.808160 2.235982 2.424255 2.279986 1.903988 1.515024 1.013945 1.411328 1.788920 1.959088 1.825794 1.488038 1.147928,
 9.572118 11.559909 13.312120 13.959082 13.928688 14.253646 15.128926 17.953167 22.034988 25.860239 26.927425 25.321341 23.413147 22.593575 26.453299 32.707470 39.479855 41.762489 37.943272 32.504688 28.831789 30.701202 36.840698 44.813923 49.033928 44.813923 36.840698 30.701202 28.831789 32.504688 37.943272 41.762489 39.479855 32.707470 26.453299 22.593575 23.413147 25.321341 26.927425 25.860239 22.034988 17.953167 15.128926 14.253646 13.928688 13.959082 13.312120 11.559909 9.572118,
 40.697449 47.314747 53.494923 56.442547 54.199612 48.898815 43.388031 94.758636 110.166557 122.874863 126.745003 118.083847 102.005562 85.050156 149.119614 177.134445 200.765915 208.767715 194.349319 166.073074 135.474777 166.063995 202.191406 234.579468 248.734543 234.579468 202.191406 166.063995 135.474777 166.073074 194.349319 208.767715 200.765915 177.134445 149.119614 85.050156 102.005562 118.083847 126.745003 122.874863 110.166557 94.758636 43.388031 48.898815 54.199612 56.442547 53.494923 47.314747 40.697449,
 9.322624 10.772202 10.505070 9.293735 7.212234 4.588662 2.113681 19.585602 21.712318 23.236744 24.024975 21.954144 16.959793 11.558650 28.663769 33.110741 38.553452 42.142929 38.954117 30.714458 22.994289 30.321358 37.566826 46.507381 51.228683 46.507381 37.566826 30.321358 22.994289 30.714458 38.954117 42.142929 38.553452 33.110741 28.663769 11.558650 16.959793 21.954144 24.024975 23.236744 21.712318 19.585602 2.113681 4.588662 7.212234 9.293735 10.505070 10.772202 9.322624,
 0.359266 0.771167 1.237854 1.507834 1.385219 0.914057 0.344614 0.532586 0.976407 1.432278 1.677533 1.562963 1.143127 0.631747 0.646421 1.272212 1.912649 2.239147 2.075548 1.554630 0.976393 1.085411 1.941136 2.802234 3.177915 2.802234 1.941136 1.085411 0.976393 1.554630 2.075548 2.239147 1.912649 1.272212 0.646421 0.631747 1.143127 1.562963 1.677533 1.432278 0.976407 0.532586 0.344614 0.914057 1.385219 1.507834 1.237854 0.771167 0.359266,
 4.405069 4.725369 4.801193 5.294740 6.015182 5.323228 2.435359 7.449038 8.946161 8.756404 7.407424 6.444420 5.986905 4.539358 7.440150 11.687592 14.311404 13.201924 9.512174 6.246904 4.193269 4.919325 9.311875 14.539447 17.139479 14.539447 9.311875 4.919325 4.193269 6.246904 9.512174 13.201924 14.311404 11.687592 7.440150 4.539358 5.986905 6.444420 7.407424 8.756404 8.946161 7.449038 2.435359 5.323228 6.015182 5.294740 4.801193 4.725369 4.405069,
 15.252502 20.391682 25.403212 27.954256 25.221624 17.719486 8.490747 20.537088 29.791588 39.315079 44.417400 40.818878 30.437588 18.587545 26.324450 40.839191 55.855881 63.705727 57.808395 42.915951 27.314127 29.921747 47.201927 64.706009 73.021988 64.706009 47.201927 29.921747 27.314127 42.915951 57.808395 63.705727 55.855881 40.839191 26.324450 18.587545 30.437588 40.818878 44.417400 39.315079 29.791588 20.537088 8.490747 17.719486 25.221624 27.954256 25.403212 20.391682 15.252502,
 2.875356 4.513845 5.759793 6.320299 6.000963 4.507750 2.360146 4.214902 6.695214 8.607835 9.757215 9.647502 7.767536 5.006348 5.911506 9.216634 12.557354 15.039937 14.571770 11.101920 6.879178 6.896540 11.303228 15.939220 18.255947 15.939220 11.303228 6.896540 6.879178 11.101920 14.571770 15.039937 12.557354 9.216634 5.911506 5.006348 7.767536 9.647502 9.757215 8.607835 6.695214 4.214902 2.360146 4.507750 6.000963 6.320299 5.759793 4.513845 2.875356,

Pairwise cross-correlations of the modulus of all oriented sub-bands at the same scale (size QxQ)
 9.857967 7.589305 7.069583 8.243346,
 7.589305 95.879890 200.618073 66.959602,
 7.069583 200.618073 586.713623 225.206467,
 8.243346 66.959602 225.206467 117.942856,
 8.609066 7.537460 3.664576 5.962871,
 7.537460 66.375755 128.998428 40.440399,
 3.664576 128.998428 381.057648 138.076370,
 5.962871 40.440399 138.076370 76.275467,
 5.870422 7.724633 7.284427 6.014678,
 7.724633 49.033932 86.936707 33.843719,
 7.284427 86.936707 248.734528 95.042023,
 6.014678 33.843719 95.042023 51.228683,
 3.177915 4.445814 6.864139 4.157708,
 4.445814 17.139481 28.280449 12.254353,
 6.864139 28.280449 73.021988 27.041868,
 4.157708 12.254353 27.041868 18.255949,

Cross-correlations of the modulus of all oriented sub-bands with all oriented sub-bands at the coarser scale (size QxQ)
 7.058656 5.350578 -1.761127 5.388763,
 7.886423 33.568363 54.227615 19.982880,
 11.691977 71.741234 153.381088 56.274441,
 7.980536 28.626247 63.878284 32.943768,
 5.044740 8.665702 6.243485 7.083338,
 7.713945 16.950634 23.219257 12.868134,
 10.072989 19.966038 56.414597 29.350393,
 5.714102 11.569094 23.102911 18.533978,
 2.926663 4.404066 5.035141 4.867760,
 6.890718 14.314414 23.820198 10.275459,
 9.749577 19.716410 52.693165 21.264061,
 5.162935 10.126113 21.603039 11.343023,

Cross-correlations of the real part of each oriented sub-band with both the real and imaginary part of all phase-doubled oriented sub-bands at the next coarser scale (Q matrices of size 1x2Q, which are computed and stored in a matrix of size Qx2Q)
 -1.068679 -0.506106 -0.628585 -0.889748 1.253877 0.167804 0.027264 -0.292937,
 -0.461451 -19.130949 -34.222363 -11.345200 0.573756 0.975280 4.933043 -0.825233,
 -0.401497 -43.286945 -105.183548 -46.695564 0.087448 2.488238 8.774736 -6.140540,
 -0.919253 -14.203980 -45.501869 -25.965958 0.499600 0.725950 0.804978 -4.440805,
 -0.305308 -0.378973 0.120529 -0.191660 0.473257 0.227890 0.227837 -0.173886,
 -0.215697 -0.119994 3.738571 -1.376242 -0.094542 5.565369 8.210936 2.626658,
 -0.247678 2.944884 -4.472610 -8.880475 -0.204102 11.631124 24.414305 9.768347,
 -0.437395 0.691951 -6.781873 -5.531405 0.234635 3.589702 9.630533 3.925321,
 -1.034781 0.221938 -0.029130 -0.660229 0.599320 0.338689 -0.111577 -0.264660,
 -0.444130 -1.980757 -5.677824 -0.422636 0.516928 -4.649300 -14.504738 -2.982411,
 -0.150848 -5.763537 -9.196651 -1.620627 0.046403 -11.419353 -36.851852 -9.907982,
 -0.636417 -1.400070 -1.573569 -2.092536 0.339176 -3.594285 -13.154965 -5.178471,
