Low-band skewness and kurtosis
 -0.632869 2.257199,
 -0.528151 2.211582,
 -0.416916 2.036363,
 -0.380987 1.880101,
 -0.312693 1.785718,

High-band variance
 965.672607,

Skewness, kurtosis, variance, mean, maximum and minimum of the reconstructed texture
 -0.730069 2.042093 6108.516602 189.145935 255.000000 0.000000,

Auto-correlations of the low-frequency bands at each scale
 2089.483154 1951.989136 1847.774414 1800.016968 1826.212646 1934.347290 2100.851318 2271.793701 2039.870483 1841.816772 1795.625244 1940.441772 2212.457520 2480.336182 3040.787109 3222.413818 3412.789307 3554.702393 3580.569092 3497.463135 3349.875977 3738.812500 4264.264648 4745.611328 4948.938477 4745.611328 4264.264648 3738.812500 3349.875977 3497.463135 3580.569092 3554.702393 3412.789307 3222.413818 3040.787109 2480.336182 2212.457520 1940.441772 1795.625244 1841.816772 2039.870483 2271.793701 2100.851318 1934.347290 1826.212646 1800.016968 1847.774414 1951.989136 2089.483154,
 2016.636230 1939.605835 1886.526245 1863.418091 1871.528687 1916.494507 1992.020020 2150.591064 1984.873291 1846.760376 1816.255127 1911.588257 2087.653076 2255.765381 2476.034668 2569.569824 2683.718262 2777.860840 2798.058594 2753.620605 2678.237793 2823.498779 3145.303223 3462.074219 3600.952637 3462.074219 3145.303223 2823.498779 2678.237793 2753.620605 2798.058594 2777.860840 2683.718262 2569.569824 2476.034668 2255.765381 2087.653076 1911.588257 1816.255127 1846.760376 1984.873291 2150.591064 1992.020020 1916.494507 1871.528687 1863.418091 1886.526245 1939.605835 2016.636230,
 1658.336670 1647.287964 1622.361450 1599.658936 1596.629761 1620.670044 1664.510010 1947.699585 1856.745850 1769.295288 1740.824219 1782.277954 1862.582275 1933.255249 2233.707275 2263.090820 2314.825195 2367.232910 2376.255371 2341.263184 2285.214111 2411.068604 2576.617676 2748.187500 2826.242676 2748.187500 2576.617676 2411.068604 2285.214111 2341.263184 2376.255371 2367.232910 2314.825195 2263.090820 2233.707275 1933.255249 1862.582275 1782.277954 1740.824219 1769.295288 1856.745850 1947.699585 1664.510010 1620.670044 1596.629761 1599.658936 1622.361450 1647.287964 1658.336670,
 605.808960 622.200439 663.960876 723.872131 786.137512 838.471558 874.436279 1330.085938 1336.526855 1362.194336 1407.140015 1456.402588 1497.806641 1522.209473 1918.752808 1975.793823 2027.874512 2057.895264 2048.622314 2011.797974 1966.369751 2157.363770 2261.026855 2353.729248 2393.586670 2353.729248 2261.026855 2157.363770 1966.369751 2011.797974 2048.622314 2057.895264 2027.874512 1975.793823 1918.752808 1522.209473 1497.806641 1456.402588 1407.140015 1362.194336 1336.526855 1330.085938 874.436279 838.471558 786.137512 723.872131 663.960876 622.200439 605.808960,
 -1395.400269 -1438.564819 -1486.884766 -1494.012573 -1455.459717 -1411.626831 -1388.475464 -53.007488 -121.457489 -143.474228 -92.533035 -10.563965 41.467831 44.860897 1319.122559 1325.967651 1403.830078 1507.160278 1556.522705 1523.992554 1446.744873 1957.765991 2058.535645 2179.239014 2235.397949 2179.239014 2058.535645 1957.765991 1446.744873 1523.992554 1556.522705 1507.160278 1403.830078 1325.967651 1319.122559 44.860897 41.467831 -10.563965 -92.533035 -143.474228 -121.457489 -53.007488 -1388.475464 -1411.626831 -1455.459717 -1494.012573 -1486.884766 -1438.564819 -1395.400269,

Auto-correlations of the modulus of each oriented sub-band
 8.197375 9.388085 10.371643 10.757978 10.416348 9.573279 8.594388 8.959986 10.494704 11.688649 12.101133 11.707335 10.699733 9.395876 10.138252 12.754082 14.881341 15.618529 14.724040 12.723911 10.438984 10.901616 14.362459 18.221075 20.091911 18.221075 14.362459 10.901616 10.438984 12.723911 14.724040 15.618529 14.881341 12.754082 10.138252 9.395876 10.699733 11.707335 12.101133 11.688649 10.494704 8.959986 8.594388 9.573279 10.416348 10.757978 10.371643 9.388085 8.197375,
 105.707214 112.837013 121.544228 129.811584 135.051407 136.639603 135.440582 123.795540 139.333969 156.687225 168.964508 171.064056 165.164902 155.331970 146.523590 171.682678 199.173553 214.459213 207.747528 188.413300 167.488892 164.148209 192.113892 222.027145 236.824188 222.027145 192.113892 164.148209 167.488892 188.413300 207.747528 214.459213 199.173553 171.682678 146.523590 155.331970 165.164902 171.064056 168.964508 156.687225 139.333969 123.795540 135.440582 136.639603 135.051407 129.811584 121.544228 112.837013 105.707214,
 205.914688 217.805984 231.110458 238.383514 233.524490 220.630783 206.786240 254.482590 289.621033 330.142639 349.829193 330.537720 289.888733 253.750809 301.891724 365.560120 441.206238 478.208069 439.844971 363.571228 299.836914 320.942505 398.110870 491.936035 539.804810 491.936035 398.110870 320.942505 299.836914 363.571228 439.844971 478.208069 441.206238 365.560120 301.891724 253.750809 289.888733 330.537720 349.829193 330.142639 289.621033 254.482590 206.786240 220.630783 233.524490 238.383514 231.110458 217.805984 205.914688,
 110.472717 108.831924 106.367287 101.845047 94.746925 87.192261 80.954056 129.180542 134.862839 138.786179 136.859695 125.936722 110.484138 96.760689 139.206512 155.253403 170.944992 176.660767 162.948135 138.688126 116.987907 134.200394 157.443649 183.087891 196.179733 183.087891 157.443649 134.200394 116.987907 138.688126 162.948135 176.660767 170.944992 155.253403 139.206512 96.760689 110.484138 125.936722 136.859695 138.786179 134.862839 129.180542 80.954056 87.192261 94.746925 101.845047 106.367287 108.831924 110.472717,
 5.099390 5.866873 6.542646 6.912440 6.849485 6.370453 5.692188 5.665659 6.639118 7.412688 7.716936 7.481646 6.787128 5.897491 6.705009 8.605266 10.439812 11.150089 10.213848 8.259419 6.348473 7.152048 10.025009 13.210369 14.723845 13.210369 10.025009 7.152048 6.348473 8.259419 10.213848 11.150089 10.439812 8.605266 6.705009 5.897491 6.787128 7.481646 7.716936 7.412688 6.639118 5.665659 5.692188 6.370453 6.849485 6.912440 6.542646 5.866873 5.099390,
 51.195930 56.976833 62.802689 67.632095 70.544617 71.388931 70.430504 63.064217 74.684364 86.364578 93.088753 92.961670 88.228065 81.426247 76.153824 94.551491 114.036644 123.352203 117.024361 102.571281 87.889679 85.937302 106.053497 127.986809 138.709381 127.986809 106.053497 85.937302 87.889679 102.571281 117.024361 123.352203 114.036644 94.551491 76.153824 81.426247 88.228065 92.961670 93.088753 86.364578 74.684364 63.064217 70.430504 71.388931 70.544617 67.632095 62.802689 56.976833 51.195930,
 61.623020 64.048180 68.287041 72.987030 72.177971 65.781532 59.034824 91.898254 109.705162 132.547638 144.410919 130.700500 102.898659 80.948257 114.188942 152.686951 202.695572 227.434784 198.742538 144.522034 103.738274 117.925797 166.999878 232.642365 267.520782 232.642365 166.999878 117.925797 103.738274 144.522034 198.742538 227.434784 202.695572 152.686951 114.188942 80.948257 102.898659 130.700500 144.410919 132.547638 109.705162 91.898254 59.034824 65.781532 72.177971 72.987030 68.287041 64.048180 61.623020,
 53.804527 51.352280 48.585754 45.175400 40.855408 35.785469 31.028093 65.037369 68.380249 70.333092 69.262589 63.222149 52.928864 42.847649 70.388878 80.923241 91.328934 96.103783 88.476181 72.021614 56.518379 67.093552 82.998283 100.588066 109.346970 100.588066 82.998283 67.093552 56.518379 72.021614 88.476181 96.103783 91.328934 80.923241 70.388878 42.847649 52.928864 63.222149 69.262589 70.333092 68.380249 65.037369 31.028093 35.785469 40.855408 45.175400 48.585754 51.352280 53.804527,
 1.891470 2.357959 2.767642 3.028066 3.125970 3.057141 2.881353 2.743933 3.203765 3.456228 3.411944 3.195633 2.935539 2.736829 3.746737 4.861588 5.898223 6.129142 5.292439 3.973125 2.907766 3.783130 5.610334 7.728304 8.766026 7.728304 5.610334 3.783130 2.907766 3.973125 5.292439 6.129142 5.898223 4.861588 3.746737 2.736829 2.935539 3.195633 3.411944 3.456228 3.203765 2.743933 2.881353 3.057141 3.125970 3.028066 2.767642 2.357959 1.891470,
 28.196943 33.409119 36.384903 35.901264 32.185310 26.778620 21.311213 29.695024 38.817173 46.165207 48.344570 44.554863 37.132114 28.642004 32.884323 46.426460 58.796074 63.586575 58.046249 46.664940 34.213661 35.411072 50.354694 64.697388 71.258095 64.697388 50.354694 35.411072 34.213661 46.664940 58.046249 63.586575 58.796074 46.426460 32.884323 28.642004 37.132114 44.554863 48.344570 46.165207 38.817173 29.695024 21.311213 26.778620 32.185310 35.901264 36.384903 33.409119 28.196943,
 28.130703 28.201345 29.400131 28.949825 22.679455 12.624140 5.499206 30.607224 40.910717 55.432999 62.043945 49.945518 27.882122 12.284950 30.600201 53.935509 86.980659 104.297714 84.708885 47.653488 21.437458 28.011274 58.396168 101.777451 125.196106 101.777451 58.396168 28.011274 21.437458 47.653488 84.708885 104.297714 86.980659 53.935509 30.600201 12.284950 27.882122 49.945518 62.043945 55.432999 40.910717 30.607224 5.499206 12.624140 22.679455 28.949825 29.400131 28.201345 28.130703,
 20.810066 20.064171 18.442179 14.805356 9.565357 4.955703 2.107300 27.709808 29.888111 30.661400 27.458580 19.944164 11.815502 6.193272 29.794821 36.133091 41.811684 42.326187 34.429344 23.368992 14.798269 24.477200 33.616314 44.129364 49.674591 44.129364 33.616314 24.477200 14.798269 23.368992 34.429344 42.326187 41.811684 36.133091 29.794821 6.193272 11.815502 19.944164 27.458580 30.661400 29.888111 27.709808 2.107300 4.955703 9.565357 14.805356 18.442179 20.064171 20.810066,
 0.166387 0.721771 1.240578 1.403010 1.071786 0.454055 -0.109324 0.223966 0.769333 1.254744 1.391911 1.078630 0.525018 0.020055 0.348191 1.209813 2.050689 2.362156 1.910002 1.001642 0.160202 0.266110 1.487192 2.811838 3.430017 2.811838 1.487192 0.266110 0.160202 1.001642 1.910002 2.362156 2.050689 1.209813 0.348191 0.020055 0.525018 1.078630 1.391911 1.254744 0.769333 0.223966 -0.109324 0.454055 1.071786 1.403010 1.240578 0.721771 0.166387,
 2.021214 0.797735 -0.528332 -1.262723 -1.624368 -1.630444 -1.073891 2.858577 3.122420 2.408405 1.057089 -0.512123 -1.979824 -2.697667 2.812158 5.815376 8.454662 8.329941 5.067366 1.371234 -1.042370 1.519344 5.354597 10.458316 13.248373 10.458316 5.354597 1.519344 -1.042370 1.371234 5.067366 8.329941 8.454662 5.815376 2.812158 -2.697667 -1.979824 -0.512123 1.057089 2.408405 3.122420 2.858577 -1.073891 -1.630444 -1.624368 -1.262723 -0.528332 0.797735 2.021214,
 -8.341310 -7.995114 -6.041733 -2.706295 0.852538 3.551944 6.908515 2.612790 4.819563 10.413871 15.326017 14.949227 11.102798 9.638817 12.950098 20.897848 33.529221 41.272964 35.253708 22.531199 13.926641 17.029068 28.757700 45.799908 55.315971 45.799908 28.757700 17.029068 13.926641 22.531199 35.253708 41.272964 33.529221 20.897848 12.950098 9.638817 11.102798 14.949227 15.326017 10.413871 4.819563 2.612790 6.908515 3.551944 0.852538 -2.706295 -6.041733 -7.995114 -8.341310,
 -3.184511 -3.272892 -2.471344 -1.341143 -0.172020 0.994912 2.018193 1.646030 3.643926 6.072436 7.928090 8.118581 6.692677 4.709200 7.049573 11.853598 16.695812 19.627701 18.191456 13.347069 7.874374 9.426072 16.131134 22.659447 25.752731 22.659447 16.131134 9.426072 7.874374 13.347069 18.191456 19.627701 16.695812 11.853598 7.049573 4.709200 6.692677 8.118581 7.928090 6.072436 3.643926 1.646030 2.018193 0.994912 -0.172020 -1.341143 -2.471344 -3.272892 -3.184511,

Pairwise cross-correlations of the modulus of all oriented sub-bands at the same scale (size QxQ)
 20.091917 28.507044 26.046545 22.220760,
 28.507044 236.824203 236.052826 30.180470,
 26.046545 236.052826 539.804749 206.237183,
 22.220760 30.180470 206.237183 196.179733,
 14.723845 20.788488 16.077372 10.068651,
 20.788488 138.709381 117.026276 3.976052,
 16.077372 117.026276 267.520813 97.255363,
 10.068651 3.976052 97.255363 109.346985,
 8.766027 12.679138 4.881859 4.299286,
 12.679138 71.258102 50.868057 5.679813,
 4.881859 50.868057 125.196114 47.743622,
 4.299286 5.679813 47.743622 49.674591,
 3.430017 1.315218 0.760629 1.263173,
 1.315218 13.248373 12.695186 0.869366,
 0.760629 12.695186 55.315979 28.180496,
 1.263173 0.869366 28.180496 25.752735,

Cross-correlations of the modulus of all oriented sub-bands with all oriented sub-bands at the coarser scale (size QxQ)
 11.108928 17.404247 12.257322 10.307700,
 22.627523 92.768013 66.051361 -2.576421,
 26.920916 90.786148 136.713776 58.316334,
 16.208853 11.751865 63.431206 74.331825,
 7.075936 12.598711 8.129169 6.777746,
 14.432575 52.775539 21.939671 4.245646,
 10.257986 29.846821 40.979786 30.390060,
 3.173796 -4.913639 31.204708 37.585751,
 2.923668 2.232510 3.314412 2.006518,
 3.753117 7.991151 12.436837 4.346488,
 2.504950 8.232814 27.912308 12.188840,
 2.362608 1.014435 16.825840 13.280394,

Cross-correlations of the real part of each oriented sub-band with both the real and imaginary part of all phase-doubled oriented sub-bands at the next coarser scale (Q matrices of size 1x2Q, which are computed and stored in a matrix of size Qx2Q)
 -1.652390 -4.321769 -3.450737 -4.125939 1.115847 0.283158 -0.344709 -0.124023,
 -4.516048 -39.991161 -39.050621 -8.539003 0.936349 -8.607063 -7.623376 0.788443,
 -5.381186 -46.372032 -82.576431 -48.031704 -0.013064 -11.921354 -1.828068 1.778055,
 -4.021202 -7.774425 -35.348129 -41.646824 -0.059525 -1.164649 4.299691 -0.208588,
 -0.730362 -4.134951 -2.456725 -3.030680 0.015806 -0.315783 0.330687 0.657620,
 -2.601308 -27.589294 -17.189859 -2.940504 -0.341627 1.820773 0.527186 0.462273,
 -2.517732 -26.233051 -38.711163 -29.471207 -0.547302 2.480802 1.928162 8.030002,
 -1.529298 -3.903530 -21.285746 -30.020855 -0.388553 0.072699 2.040645 9.331719,
 -1.246953 -1.255654 0.034428 0.241598 0.623673 1.453132 -0.190203 -0.377435,
 -0.608896 -4.617591 -2.497362 -0.815548 0.467814 1.617805 -6.412184 -0.334008,
 -0.085645 -1.190828 -5.000461 2.710323 0.478051 -4.963444 -21.866072 -5.992191,
 -0.530211 0.719466 -0.485522 4.758050 0.464276 -1.385467 -10.200970 -5.795120,
