Low-band skewness and kurtosis
 -0.565108 2.174344,
 -0.455399 2.236316,
 -0.403964 2.206011,
 -0.384949 2.138396,
 -0.315470 1.799945,

High-band variance
 952.711609,

Skewness, kurtosis, variance, mean, maximum and minimum of the reconstructed texture
 -0.695621 2.011844 5841.076660 189.258667 255.000000 3.000000,

Auto-correlations of the low-frequency bands at each scale
 1422.116455 1328.654663 1273.450684 1252.669067 1257.939209 1284.332642 1327.010010 1854.346069 1583.628784 1347.618896 1202.845581 1170.588623 1237.140503 1358.248169 3213.197021 3227.976318 3197.262939 3108.639404 2954.531982 2773.059814 2604.901123 3864.874023 4246.994141 4557.656250 4682.867188 4557.656250 4246.994141 3864.874023 2604.901123 2773.059814 2954.531982 3108.639404 3197.262939 3227.976318 3213.197021 1358.248169 1237.140503 1170.588623 1202.845581 1347.618896 1583.628784 1854.346069 1327.010010 1284.332642 1257.939209 1252.669067 1273.450684 1328.654663 1422.116455,
 1199.884399 1200.125610 1230.010132 1272.792236 1307.680054 1323.421265 1320.009644 1526.851440 1330.143921 1177.479492 1104.927124 1121.484131 1216.763062 1353.734009 2429.347656 2413.146484 2355.634033 2250.546875 2104.430908 1967.906738 1880.263794 2657.658203 2940.516113 3177.180420 3274.385254 3177.180420 2940.516113 2657.658203 1880.263794 1967.906738 2104.430908 2250.546875 2355.634033 2413.146484 2429.347656 1353.734009 1216.763062 1121.484131 1104.927124 1177.479492 1330.143921 1526.851440 1320.009644 1323.421265 1307.680054 1272.792236 1230.010132 1200.125610 1199.884399,
 1079.083374 1094.076416 1147.009766 1215.484009 1272.048096 1305.873779 1316.349243 1329.882690 1231.696411 1161.854248 1139.813843 1165.543701 1235.203735 1328.143188 1869.138672 1868.185669 1842.000977 1784.461060 1697.484375 1622.165161 1588.163086 2018.238647 2166.947266 2302.134277 2361.066895 2302.134277 2166.947266 2018.238647 1588.163086 1622.165161 1697.484375 1784.461060 1842.000977 1868.185669 1869.138672 1328.143188 1235.203735 1165.543701 1139.813843 1161.854248 1231.696411 1329.882690 1316.349243 1305.873779 1272.048096 1215.484009 1147.009766 1094.076416 1079.083374,
 525.618774 526.163513 525.476196 515.859009 497.513214 481.961884 476.085938 1036.952637 1020.115479 1007.854309 996.369629 982.348450 977.250244 985.606689 1481.502808 1497.920654 1523.061035 1537.467896 1524.019043 1499.397461 1480.594116 1699.973145 1755.423340 1813.904053 1841.790283 1813.904053 1755.423340 1699.973145 1480.594116 1499.397461 1524.019043 1537.467896 1523.061035 1497.920654 1481.502808 985.606689 977.250244 982.348450 996.369629 1007.854309 1020.115479 1036.952637 476.085938 481.961884 497.513214 515.859009 525.476196 526.163513 525.618774,
 -1052.923706 -1062.796631 -1090.599121 -1114.667480 -1113.049561 -1092.857422 -1073.343628 -16.713985 -14.300962 -23.631004 -40.752071 -55.522820 -56.978058 -45.675968 1072.653931 1093.284912 1115.303345 1118.031006 1091.257935 1061.005371 1050.700806 1547.337769 1578.042114 1623.750488 1648.084351 1623.750488 1578.042114 1547.337769 1050.700806 1061.005371 1091.257935 1118.031006 1115.303345 1093.284912 1072.653931 -45.675968 -56.978058 -55.522820 -40.752071 -23.631004 -14.300962 -16.713985 -1073.343628 -1092.857422 -1113.049561 -1114.667480 -1090.599121 -1062.796631 -1052.923706,

Auto-correlations of the modulus of each oriented sub-band
 4.469385 5.659663 6.662374 7.005995 6.488474 5.350262 4.040276 5.181002 6.494880 7.563630 7.926332 7.414433 6.230904 4.790861 6.116568 7.951364 9.527671 10.258148 9.717593 8.056868 5.983366 6.596910 9.218766 11.835259 13.015407 11.835259 9.218766 6.596910 5.983366 8.056868 9.717593 10.258148 9.527671 7.951364 6.116568 4.790861 6.230904 7.414433 7.926332 7.563630 6.494880 5.181002 4.040276 5.350262 6.488474 7.005995 6.662374 5.659663 4.469385,
 30.039566 33.716000 38.506744 42.551342 44.296288 44.275852 43.977188 45.530556 54.444912 64.771019 70.829666 69.802864 65.237160 60.906693 62.917877 77.369492 94.555824 103.300797 96.906517 84.104874 73.382736 74.343903 89.842789 108.967201 119.044754 108.967201 89.842789 74.343903 73.382736 84.104874 96.906517 103.300797 94.555824 77.369492 62.917877 60.906693 65.237160 69.802864 70.829666 64.771019 54.444912 45.530556 43.977188 44.275852 44.296288 42.551342 38.506744 33.716000 30.039566,
 178.513138 188.389709 200.030365 207.142059 203.477295 191.539459 176.880692 245.104141 279.686798 317.079803 336.845703 323.045563 285.857880 245.128128 312.561584 378.800507 449.254639 484.141235 454.290222 384.035919 313.260071 342.780884 426.205933 513.442017 554.664429 513.442017 426.205933 342.780884 313.260071 384.035919 454.290222 484.141235 449.254639 378.800507 312.561584 245.128128 285.857880 323.045563 336.845703 317.079803 279.686798 245.104141 176.880692 191.539459 203.477295 207.142059 200.030365 188.389709 178.513138,
 77.219406 77.255913 76.352333 73.768326 68.847282 62.338726 55.856876 102.328072 108.054131 112.263916 111.772789 103.778336 90.441093 76.848381 121.428345 136.202759 149.904922 154.853165 144.464157 124.016724 103.400116 122.283478 143.953888 165.563995 175.635605 165.563995 143.953888 122.283478 103.400116 124.016724 144.464157 154.853165 149.904922 136.202759 121.428345 76.848381 90.441093 103.778336 111.772789 112.263916 108.054131 102.328072 55.856876 62.338726 68.847282 73.768326 76.352333 77.255913 77.219406,
 2.746996 3.359345 3.916831 4.157895 3.956361 3.393965 2.678855 3.209168 4.005614 4.708364 5.048609 4.831656 4.068363 3.061462 4.171652 5.648072 7.044877 7.752396 7.272725 5.816838 4.145759 4.727215 6.847892 8.980639 9.952248 8.980639 6.847892 4.727215 4.145759 5.816838 7.272725 7.752396 7.044877 5.648072 4.171652 3.061462 4.068363 4.831656 5.048609 4.708364 4.005614 3.209168 2.678855 3.393965 3.956361 4.157895 3.916831 3.359345 2.746996,
 8.084831 11.063523 14.130936 16.236448 17.197563 17.256969 16.898935 14.666203 21.260769 28.154568 30.928530 29.499393 27.045265 24.769409 23.225548 33.013947 44.780975 49.626251 44.172333 36.127014 30.237755 29.679380 39.173519 52.028641 59.161102 52.028641 39.173519 29.679380 30.237755 36.127014 44.172333 49.626251 44.780975 33.013947 23.225548 24.769409 27.045265 29.499393 30.928530 28.154568 21.260769 14.666203 16.898935 17.256969 17.197563 16.236448 14.130936 11.063523 8.084831,
 53.058067 60.121780 66.609009 67.593506 59.582722 48.088280 41.600044 85.426331 112.510277 139.004959 147.267014 127.853561 94.824074 69.068542 115.205452 166.010376 219.704025 241.484650 211.196182 152.903687 103.193474 123.335175 184.933472 254.181320 287.177673 254.181320 184.933472 123.335175 103.193474 152.903687 211.196182 241.484650 219.704025 166.010376 115.205452 69.068542 94.824074 127.853561 147.267014 139.004959 112.510277 85.426331 41.600044 48.088280 59.582722 67.593506 66.609009 60.121780 53.058067,
 53.393135 52.678177 51.022545 49.154591 46.880226 43.868195 40.962692 68.894188 71.729492 73.500816 73.505287 69.742805 62.428814 55.078480 80.536903 89.373863 97.926788 101.950592 96.169556 83.510201 71.260292 81.750900 95.005913 109.021675 115.873932 109.021675 95.005913 81.750900 71.260292 83.510201 96.169556 101.950592 97.926788 89.373863 80.536903 55.078480 62.428814 69.742805 73.505287 73.500816 71.729492 68.894188 40.962692 43.868195 46.880226 49.154591 51.022545 52.678177 53.393135,
 2.162854 2.796836 3.269650 3.330995 2.911474 2.191190 1.398700 2.685401 3.327442 3.804374 3.892313 3.496560 2.734578 1.833686 3.113712 4.325498 5.466304 5.960589 5.405609 4.061547 2.581444 3.163086 4.938608 6.730349 7.546373 6.730349 4.938608 3.163086 2.581444 4.061547 5.405609 5.960589 5.466304 4.325498 3.113712 1.833686 2.734578 3.496560 3.892313 3.804374 3.327442 2.685401 1.398700 2.191190 2.911474 3.330995 3.269650 2.796836 2.162854,
 0.428151 0.578296 2.173620 2.052666 0.223582 -0.921641 -0.850716 3.600845 5.553560 9.538589 10.817617 8.198346 5.048944 3.184150 7.466083 12.055156 19.375263 22.287640 17.731007 11.687108 7.811845 9.534225 14.713646 23.437328 28.681120 23.437328 14.713646 9.534225 7.811845 11.687108 17.731007 22.287640 19.375263 12.055156 7.466083 3.184150 5.048944 8.198346 10.817617 9.538589 5.553560 3.600845 -0.850716 -0.921641 0.223582 2.052666 2.173620 0.578296 0.428151,
 39.087448 41.350288 41.051193 36.942810 27.630707 13.805547 -1.884132 50.541409 68.543983 83.606834 87.340134 73.910393 47.001137 17.110958 57.522026 94.073929 128.544098 141.679169 122.446556 81.044724 37.938774 53.592758 100.324417 146.545944 167.144562 146.545944 100.324417 53.592758 37.938774 81.044724 122.446556 141.679169 128.544098 94.073929 57.522026 17.110958 47.001137 73.910393 87.340134 83.606834 68.543983 50.541409 -1.884132 13.805547 27.630707 36.942810 41.051193 41.350288 39.087448,
 34.328796 37.056583 36.720985 33.295185 27.978907 21.537159 14.611657 36.624374 42.772869 46.721741 47.380348 43.178741 34.250263 23.707052 38.507816 48.879234 58.534950 63.393272 58.458961 45.836502 32.201984 37.520691 51.159637 64.761627 71.121239 64.761627 51.159637 37.520691 32.201984 45.836502 58.458961 63.393272 58.534950 48.879234 38.507816 23.707052 34.250263 43.178741 47.380348 46.721741 42.772869 36.624374 14.611657 21.537159 27.978907 33.295185 36.720985 37.056583 34.328796,
 0.045760 1.014467 1.916393 2.374108 2.144613 1.308707 0.248996 0.642978 1.769800 2.780510 3.240762 2.935812 1.986658 0.781556 1.213825 2.739919 4.123794 4.685535 4.121294 2.761533 1.223512 1.428735 3.207879 4.868154 5.573610 4.868154 3.207879 1.428735 1.223512 2.761533 4.121294 4.685535 4.123794 2.739919 1.213825 0.781556 1.986658 2.935812 3.240762 2.780510 1.769800 0.642978 0.248996 1.308707 2.144613 2.374108 1.916393 1.014467 0.045760,
 -0.895193 -1.919758 -2.133783 -0.850573 0.847433 1.610965 1.472018 0.132009 0.672037 0.943561 1.312863 1.969474 2.413915 1.951529 0.350066 3.456480 6.528778 7.059231 4.958279 2.657802 1.072402 0.251779 3.520822 8.154834 10.712914 8.154834 3.520822 0.251779 1.072402 2.657802 4.958279 7.059231 6.528778 3.456480 0.350066 1.951529 2.413915 1.969474 1.312863 0.943561 0.672037 0.132009 1.472018 1.610965 0.847433 -0.850573 -2.133783 -1.919758 -0.895193,
 -7.317758 -9.117983 -7.801496 -3.240064 2.330663 6.564353 8.171900 -4.541923 -2.487925 2.148889 7.254734 9.183502 7.629248 4.956409 1.032646 11.155651 23.027390 29.510689 24.916969 13.475840 3.078443 3.280560 17.797071 34.255020 42.230354 34.255020 17.797071 3.280560 3.078443 13.475840 24.916969 29.510689 23.027390 11.155651 1.032646 4.956409 7.629248 9.183502 7.254734 2.148889 -2.487925 -4.541923 8.171900 6.564353 2.330663 -3.240064 -7.801496 -9.117983 -7.317758,
 -1.462574 -0.986221 -0.394483 0.524080 1.713832 2.192769 1.471624 0.267310 1.388577 2.069306 2.833732 3.119007 2.040380 0.272286 2.254716 4.684433 7.340976 9.436176 8.294229 4.368866 0.672920 1.990477 6.018343 11.027926 13.749961 11.027926 6.018343 1.990477 0.672920 4.368866 8.294229 9.436176 7.340976 4.684433 2.254716 0.272286 2.040380 3.119007 2.833732 2.069306 1.388577 0.267310 1.471624 2.192769 1.713832 0.524080 -0.394483 -0.986221 -1.462574,

Pairwise cross-correlations of the modulus of all oriented sub-bands at the same scale (size QxQ)
 13.015408 11.518456 13.849510 17.770361,
 11.518456 119.044769 177.429153 50.133553,
 13.849510 177.429153 554.664429 236.667191,
 17.770361 50.133553 236.667191 175.635620,
 9.952248 7.403790 10.622868 11.684118,
 7.403790 59.161106 78.798767 17.423134,
 10.622868 78.798767 287.177704 131.425308,
 11.684118 17.423134 131.425308 115.873940,
 7.546373 2.496109 7.136011 9.131214,
 2.496109 28.681122 40.161873 6.884845,
 7.136011 40.161873 167.144577 82.022705,
 9.131214 6.884845 82.022705 71.121239,
 5.573611 1.610403 3.531698 3.662806,
 1.610403 10.712914 11.291043 3.265665,
 3.531698 11.291043 42.230354 15.799560,
 3.662806 3.265665 15.799560 13.749961,

Cross-correlations of the modulus of all oriented sub-bands with all oriented sub-bands at the coarser scale (size QxQ)
 7.670265 7.118519 6.724538 9.979084,
 8.961936 31.227198 33.672943 18.476786,
 16.311308 32.427055 103.042641 75.813934,
 15.412407 9.822038 59.181416 64.789101,
 5.484159 2.225112 4.174113 5.981987,
 4.081419 7.873017 4.588512 -0.169440,
 8.189013 11.186629 43.951744 31.544003,
 9.417511 2.939982 31.351231 32.814278,
 3.948250 2.363886 3.843278 3.838965,
 1.809080 1.744019 1.822068 -0.138585,
 6.177965 0.617842 9.422602 5.357177,
 5.532781 1.937754 13.232079 7.905546,

Cross-correlations of the real part of each oriented sub-band with both the real and imaginary part of all phase-doubled oriented sub-bands at the next coarser scale (Q matrices of size 1x2Q, which are computed and stored in a matrix of size Qx2Q)
 -1.081546 -2.250493 -2.529246 -3.125376 1.331561 0.268479 -0.089308 -0.547360,
 -1.190481 -33.406342 -28.743423 -14.605183 0.461540 4.660062 6.681293 -0.522777,
 -2.047212 -43.772541 -96.803627 -81.745720 -0.181866 9.287381 8.430345 -7.156860,
 -2.127963 -8.011188 -55.528271 -58.046932 0.361308 2.770784 -1.167551 -6.587826,
 -0.405609 -0.505200 -0.894516 -2.222088 0.954644 -0.075234 -0.073278 0.433789,
 -0.104300 -10.286851 -15.164138 -3.652772 0.274376 -7.894485 -6.325768 1.494024,
 -0.585953 -16.143147 -44.324520 -23.499990 -0.106960 -14.337350 -14.258364 4.927284,
 -1.022109 -3.707309 -20.705153 -20.530270 0.320930 -3.816963 -4.864945 3.162245,
 0.282720 -0.280590 -0.201690 -0.671555 0.866673 -0.399860 -0.557456 -0.835036,
 0.003810 -7.438262 -5.888741 -0.848567 -0.014055 -7.394397 -13.376747 -3.714948,
 -0.247333 -7.934391 -3.225025 -3.572090 -0.110379 -14.868734 -43.451832 -20.125387,
 -0.155977 -0.319333 1.662663 -2.986501 0.374500 -4.886689 -21.260412 -14.042905,
