Low-band skewness and kurtosis
 -0.494297 2.233679,
 -0.389845 2.515759,
 -0.292987 2.821450,
 -0.039904 2.123503,
 0.404694 1.812822,

High-band variance
 1007.056580,

Skewness, kurtosis, variance, mean, maximum and minimum of the reconstructed texture
 -0.614971 1.953789 5501.205078 187.549316 255.000000 4.000000,

Auto-correlations of the low-frequency bands at each scale
 919.482483 865.844421 848.024902 850.867859 858.268799 866.328186 871.120544 1308.303345 1073.807129 877.381714 749.300842 693.227295 704.832458 765.332397 2915.439453 2886.473145 2804.558350 2667.438477 2474.535889 2273.619629 2115.741211 3639.740234 3938.545410 4180.268555 4278.587402 4180.268555 3938.545410 3639.740234 2115.741211 2273.619629 2474.535889 2667.438477 2804.558350 2886.473145 2915.439453 765.332397 704.832458 693.227295 749.300842 877.381714 1073.807129 1308.303345 871.120544 866.328186 858.268799 850.867859 848.024902 865.844421 919.482483,
 933.421387 933.295837 965.882690 1011.187012 1047.255493 1065.385010 1059.742554 1090.148926 942.386230 831.922119 771.909973 760.494995 801.071899 881.618835 2022.508057 2003.652100 1939.866821 1823.426025 1659.874634 1505.763916 1408.992920 2352.664551 2572.409180 2757.138916 2834.423828 2757.138916 2572.409180 2352.664551 1408.992920 1505.763916 1659.874634 1823.426025 1939.866821 2003.652100 2022.508057 881.618835 801.071899 760.494995 771.909973 831.922119 942.386230 1090.148926 1059.742554 1065.385010 1047.255493 1011.187012 965.882690 933.295837 933.421387,
 655.243835 623.446533 615.885864 623.990723 633.506714 643.471558 655.909729 935.041626 856.295776 789.672363 738.020508 695.890869 675.238159 680.007324 1482.435669 1493.441650 1486.632446 1440.601196 1342.974731 1236.386963 1158.519897 1669.057373 1789.553223 1903.933105 1956.162598 1903.933105 1789.553223 1669.057373 1158.519897 1236.386963 1342.974731 1440.601196 1486.632446 1493.441650 1482.435669 680.007324 675.238159 695.890869 738.020508 789.672363 856.295776 935.041626 655.909729 643.471558 633.506714 623.990723 615.885864 623.446533 655.243835,
 303.356323 304.502411 296.063599 285.622681 284.605591 294.358856 307.226196 649.023376 619.995422 589.932922 560.400269 536.875061 531.367371 543.324280 1080.637085 1098.826294 1108.138306 1084.295044 1014.491333 936.010193 881.876343 1228.292480 1322.614990 1418.396240 1463.568848 1418.396240 1322.614990 1228.292480 881.876343 936.010193 1014.491333 1084.295044 1108.138306 1098.826294 1080.637085 543.324280 531.367371 536.875061 560.400269 589.932922 619.995422 649.023376 307.226196 294.358856 284.605591 285.622681 296.063599 304.502411 303.356323,
 -673.822998 -680.580750 -705.834656 -725.716003 -703.235901 -661.410095 -649.185791 -102.571457 -113.746338 -135.314285 -163.514847 -169.368759 -140.261307 -105.873596 679.395386 707.468323 738.611938 730.047668 675.909546 633.921936 638.162476 1034.547852 1079.522583 1162.124878 1207.937622 1162.124878 1079.522583 1034.547852 638.162476 633.921936 675.909546 730.047668 738.611938 707.468323 679.395386 -105.873596 -140.261307 -169.368759 -163.514847 -135.314285 -113.746338 -102.571457 -649.185791 -661.410095 -703.235901 -725.716003 -705.834656 -680.580750 -673.822998,

Auto-correlations of the modulus of each oriented sub-band
 5.474455 7.070564 8.420522 8.915277 8.260560 6.730479 4.946220 6.393119 8.150736 9.574772 10.009105 9.206226 7.524101 5.606803 7.348992 9.524770 11.425398 12.270160 11.544785 9.506213 7.001926 7.794580 10.705729 13.388805 14.529016 13.388805 10.705729 7.794580 7.001926 9.506213 11.544785 12.270160 11.425398 9.524770 7.348992 5.606803 7.524101 9.206226 10.009105 9.574772 8.150736 6.393119 4.946220 6.730479 8.260560 8.915277 8.420522 7.070564 5.474455,
 17.820963 20.267624 23.095545 25.078424 25.510656 25.050148 24.480379 30.445827 35.948967 42.719551 45.961723 43.743355 39.931938 37.423832 43.898754 53.014133 65.754204 71.704895 64.932030 54.643429 48.449909 51.312954 60.836548 75.955276 84.730171 75.955276 60.836548 51.312954 48.449909 54.643429 64.932030 71.704895 65.754204 53.014133 43.898754 37.423832 39.931938 43.743355 45.961723 42.719551 35.948967 30.445827 24.480379 25.050148 25.510656 25.078424 23.095545 20.267624 17.820963,
 177.187469 183.298416 186.630081 184.768936 175.340866 162.222214 151.299438 262.730194 292.355682 316.971619 323.750549 304.194336 267.873566 231.419266 343.183167 404.622589 460.751526 482.799408 452.339600 388.425385 322.163147 371.005798 449.883972 525.245056 559.017639 525.245056 449.883972 371.005798 322.163147 388.425385 452.339600 482.799408 460.751526 404.622589 343.183167 231.419266 267.873566 304.194336 323.750549 316.971619 292.355682 262.730194 151.299438 162.222214 175.340866 184.768936 186.630081 183.298416 177.187469,
 72.963600 71.140038 67.988510 63.537453 58.192047 52.905182 48.618362 96.906555 100.521034 101.626816 98.780190 91.056503 79.976891 69.038589 114.203117 126.742798 137.072937 139.778107 130.626221 113.039093 94.833015 113.713913 133.157089 151.635574 159.874603 151.635574 133.157089 113.713913 94.833015 113.039093 130.626221 139.778107 137.072937 126.742798 114.203117 69.038589 79.976891 91.056503 98.780190 101.626816 100.521034 96.906555 48.618362 52.905182 58.192047 63.537453 67.988510 71.140038 72.963600,
 4.218850 5.527021 6.724732 7.243020 6.783666 5.575747 4.148084 4.957110 6.478007 7.849511 8.430069 7.881814 6.483959 4.879053 5.859111 7.898257 9.914320 10.917514 10.206123 8.190824 5.980975 6.422371 8.996839 11.620085 12.799614 11.620085 8.996839 6.422371 5.980975 8.190824 10.206123 10.917514 9.914320 7.898257 5.859111 4.879053 6.483959 7.881814 8.430069 7.849511 6.478007 4.957110 4.148084 5.575747 6.783666 7.243020 6.724732 5.527021 4.218850,
 5.229375 7.116182 8.556131 8.923144 8.547367 8.156720 7.766229 9.892505 14.114070 17.880999 18.260458 16.233938 14.646546 13.422334 15.782685 21.879190 29.245163 31.235960 26.342625 21.324575 18.315565 19.373520 24.809479 33.232521 38.395084 33.232521 24.809479 19.373520 18.315565 21.324575 26.342625 31.235960 29.245163 21.879190 15.782685 13.422334 14.646546 16.233938 18.260458 17.880999 14.114070 9.892505 7.766229 8.156720 8.547367 8.923144 8.556131 7.116182 5.229375,
 69.455002 85.014023 99.916557 107.909103 105.614784 94.418747 77.897781 111.898590 147.105621 179.288391 194.764679 185.965271 158.568024 123.972916 157.714386 214.810547 266.948547 290.622894 271.623535 222.684021 166.295135 181.192841 248.254181 309.279388 335.747559 309.279388 248.254181 181.192841 166.295135 222.684021 271.623535 290.622894 266.948547 214.810547 157.714386 123.972916 158.568024 185.965271 194.764679 179.288391 147.105621 111.898590 77.897781 94.418747 105.614784 107.909103 99.916557 85.014023 69.455002,
 42.775471 42.715057 42.349911 41.552727 39.679569 36.146645 31.458004 57.889652 62.391476 66.061401 67.499329 64.385452 56.353260 46.248417 69.663704 81.113579 91.819969 97.100517 91.883095 77.929939 62.124611 71.448898 88.237198 104.387299 111.687683 104.387299 88.237198 71.448898 62.124611 77.929939 91.883095 97.100517 91.819969 81.113579 69.663704 46.248417 56.353260 64.385452 67.499329 66.061401 62.391476 57.889652 31.458004 36.146645 39.679569 41.552727 42.349911 42.715057 42.775471,
 2.437343 3.335838 4.257042 4.747861 4.548922 3.782522 2.797484 3.318277 4.664352 6.070028 6.819910 6.458990 5.194929 3.623141 4.285116 6.643697 9.045369 10.224228 9.398097 7.111248 4.547554 4.914693 7.999471 11.002762 12.319422 11.002762 7.999471 4.914693 4.547554 7.111248 9.398097 10.224228 9.045369 6.643697 4.285116 3.623141 5.194929 6.458990 6.819910 6.070028 4.664352 3.318277 2.797484 3.782522 4.548922 4.747861 4.257042 3.335838 2.437343,
 1.012704 2.428364 3.798987 3.690149 2.706300 2.101918 1.783504 2.369807 4.590420 6.997058 6.905362 5.090963 3.950440 3.467707 4.813153 8.313274 13.028701 13.915602 10.161744 6.993918 5.628952 6.274318 9.305343 14.899105 18.583454 14.899105 9.305343 6.274318 5.628952 6.993918 10.161744 13.915602 13.028701 8.313274 4.813153 3.467707 3.950440 5.090963 6.905362 6.997058 4.590420 2.369807 1.783504 2.101918 2.706300 3.690149 3.798987 2.428364 1.012704,
 46.914886 52.741722 54.967339 51.605785 42.752235 32.552208 24.308609 59.262184 72.404228 82.904465 84.800323 75.412552 60.631294 47.192909 78.164543 100.657845 121.906227 130.580841 119.555672 97.520317 76.092842 88.975487 115.429710 141.922943 154.309769 141.922943 115.429710 88.975487 76.092842 97.520317 119.555672 130.580841 121.906227 100.657845 78.164543 47.192909 60.631294 75.412552 84.800323 82.904465 72.404228 59.262184 24.308609 32.552208 42.752235 51.605785 54.967339 52.741722 46.914886,
 22.471794 23.933256 24.324018 23.108208 20.088007 15.509256 10.207802 26.376659 30.046516 32.999805 33.938332 31.232023 24.860653 17.156254 29.720219 36.910393 44.375931 48.413200 44.925262 35.365257 25.036896 29.810173 40.230396 51.147552 56.293243 51.147552 40.230396 29.810173 25.036896 35.365257 44.925262 48.413200 44.375931 36.910393 29.720219 17.156254 24.860653 31.232023 33.938332 32.999805 30.046516 26.376659 10.207802 15.509256 20.088007 23.108208 24.324018 23.933256 22.471794,
 0.267485 1.659466 2.940272 3.502264 3.008502 1.826085 0.633717 0.365995 1.588642 2.884958 3.574791 3.139889 1.944823 0.736163 1.036451 3.117417 5.389819 6.609435 5.865722 3.768414 1.568648 1.865773 4.858767 7.948973 9.349887 7.948973 4.858767 1.865773 1.568648 3.768414 5.865722 6.609435 5.389819 3.117417 1.036451 0.736163 1.944823 3.139889 3.574791 2.884958 1.588642 0.365995 0.633717 1.826085 3.008502 3.502264 2.940272 1.659466 0.267485,
 1.246082 2.554100 2.224634 0.362914 -1.755700 -3.692742 -4.427281 5.381335 8.340971 9.589504 7.168437 3.225638 0.110348 -1.657654 7.273348 11.516156 15.694319 15.271753 10.291849 5.374068 2.360975 5.958059 10.112325 15.897492 19.147594 15.897492 10.112325 5.958059 2.360975 5.374068 10.291849 15.271753 15.694319 11.516156 7.273348 -1.657654 0.110348 3.225638 7.168437 9.589504 8.340971 5.381335 -4.427281 -3.692742 -1.755700 0.362914 2.224634 2.554100 1.246082,
 -18.526970 -10.107605 -2.454964 3.179856 3.758523 1.592367 0.392774 20.112751 31.897984 43.330822 50.306355 47.811680 40.714207 34.687008 56.638191 71.762337 87.441574 96.069061 89.881393 76.623802 64.585327 74.064926 89.881149 106.934280 115.766327 106.934280 89.881149 74.064926 64.585327 76.623802 89.881393 96.069061 87.441574 71.762337 56.638191 34.687008 40.714207 47.811680 50.306355 43.330822 31.897984 20.112751 0.392774 1.592367 3.758523 3.179856 -2.454964 -10.107605 -18.526970,
 -1.429700 -1.678525 -1.008534 -0.642996 -1.435047 -3.007412 -3.403077 15.263375 16.303650 17.785845 18.288496 16.333395 12.454851 9.793511 29.346373 32.423100 36.222580 38.208187 35.192863 28.907520 24.039038 32.755997 37.787338 44.231918 47.591957 44.231918 37.787338 32.755997 24.039038 28.907520 35.192863 38.208187 36.222580 32.423100 29.346373 9.793511 12.454851 16.333395 18.288496 17.785845 16.303650 15.263375 -3.403077 -3.007412 -1.435047 -0.642996 -1.008534 -1.678525 -1.429700,

Pairwise cross-correlations of the modulus of all oriented sub-bands at the same scale (size QxQ)
 14.529014 7.878425 5.928064 13.139905,
 7.878425 84.730179 160.990204 52.647808,
 5.928064 160.990204 559.017761 238.952805,
 13.139905 52.647808 238.952805 159.874603,
 12.799615 3.618644 1.959984 9.493723,
 3.618644 38.395088 81.044189 28.716440,
 1.959984 81.044189 335.747559 153.315063,
 9.493723 28.716440 153.315063 111.687691,
 12.319425 3.426120 -0.610413 6.687003,
 3.426120 18.583456 32.221153 11.119917,
 -0.610413 32.221153 154.309784 71.086227,
 6.687003 11.119917 71.086227 56.293243,
 9.349888 6.743245 0.267000 9.029503,
 6.743245 19.147594 22.331749 16.175791,
 0.267000 22.331749 115.766342 55.751640,
 9.029503 16.175791 55.751640 47.591957,

Cross-correlations of the modulus of all oriented sub-bands with all oriented sub-bands at the coarser scale (size QxQ)
 10.303373 3.534740 0.656785 11.229033,
 7.446283 10.565536 18.112530 15.731823,
 9.185326 16.415886 85.853340 59.618454,
 10.547586 8.244156 49.227940 47.146248,
 9.397407 3.039064 -1.807073 6.614166,
 3.857991 -1.209991 -8.033328 -3.022683,
 3.069212 -13.956689 -24.023863 -9.437347,
 7.275109 -6.999515 -15.058420 3.934160,
 8.018684 6.552308 -0.347881 10.211776,
 2.037281 3.999201 4.864304 2.961387,
 -3.219075 2.621642 58.582436 29.364212,
 2.996238 1.930455 32.573273 26.413857,

Cross-correlations of the real part of each oriented sub-band with both the real and imaginary part of all phase-doubled oriented sub-bands at the next coarser scale (Q matrices of size 1x2Q, which are computed and stored in a matrix of size Qx2Q)
 -1.375637 -1.022841 -1.289154 -2.177724 0.542783 -0.042248 -0.120357 0.417664,
 -0.646667 -25.129505 -31.356260 -7.319937 0.156441 -4.815665 -4.576928 -0.202611,
 -1.084340 -45.386955 -78.447746 -36.591003 -0.066701 -8.544290 -5.982567 3.809076,
 -1.627587 -10.928740 -31.958361 -27.280861 0.329079 -1.680021 0.015938 4.712163,
 -0.493994 -0.256164 -0.369067 -0.983752 -1.243951 -0.411758 0.112173 0.273146,
 -0.187058 -12.130912 -23.984375 -5.879017 -0.469924 1.923328 11.319640 3.227987,
 -0.359295 -24.736401 -63.869171 -23.020420 0.026578 7.096575 38.096973 11.351057,
 -0.683867 -6.759274 -24.151846 -13.880058 -0.280981 3.028786 16.305223 5.098634,
 -0.023079 -0.097222 -0.636751 -0.741931 -1.420161 -0.468912 0.220321 0.892715,
 -0.019508 -5.643659 -11.931963 -4.636684 -0.468554 -0.240011 7.178810 3.577062,
 0.320315 -14.736399 -46.919716 -24.213827 0.018809 3.982243 32.215851 22.490376,
 0.327646 -5.793740 -24.796497 -15.789282 -0.848846 2.258313 17.823906 16.086540,
