Low-band skewness and kurtosis
 -0.724884 2.342943,
 -0.677300 2.441579,
 -0.577748 2.223795,
 -0.449738 1.842129,
 -0.442182 1.832987,

High-band variance
 926.074219,

Skewness, kurtosis, variance, mean, maximum and minimum of the reconstructed texture
 -0.791290 2.111790 6275.025391 190.739624 255.000000 0.000000,

Auto-correlations of the low-frequency bands at each scale
 2496.508789 2292.557373 2177.148926 2166.043701 2214.359863 2277.475830 2338.212891 3063.124268 2788.122559 2468.005859 2246.988037 2206.780273 2328.643066 2512.629639 3901.088867 4062.373291 4070.160645 3904.184814 3628.902832 3378.179443 3226.622559 4026.269287 4520.393066 4978.682129 5173.021973 4978.682129 4520.393066 4026.269287 3226.622559 3378.179443 3628.902832 3904.184814 4070.160645 4062.373291 3901.088867 2512.629639 2328.643066 2206.780273 2246.988037 2468.005859 2788.122559 3063.124268 2338.212891 2277.475830 2214.359863 2166.043701 2177.148926 2292.557373 2496.508789,
 2360.517578 2253.888428 2220.836914 2257.653809 2315.145020 2353.783936 2353.232910 2673.185547 2501.291260 2315.214600 2196.134033 2185.668213 2281.451904 2417.591309 3107.192383 3221.904541 3242.305420 3139.300293 2951.835205 2794.912842 2733.466309 3189.764160 3505.027588 3815.232910 3951.178711 3815.232910 3505.027588 3189.764160 2733.466309 2794.912842 2951.835205 3139.300293 3242.305420 3221.904541 3107.192383 2417.591309 2281.451904 2185.668213 2196.134033 2315.214600 2501.291260 2673.185547 2353.232910 2353.783936 2315.145020 2257.653809 2220.836914 2253.888428 2360.517578,
 1918.819824 1890.592773 1874.366089 1864.696411 1851.658569 1838.522949 1826.946289 2256.239014 2194.768066 2123.737061 2060.527344 2016.516724 2011.631470 2033.795654 2671.214844 2730.776123 2766.131104 2737.479492 2630.586670 2512.235107 2430.600586 2779.360107 2951.921143 3129.146729 3211.874023 3129.146729 2951.921143 2779.360107 2430.600586 2512.235107 2630.586670 2737.479492 2766.131104 2730.776123 2671.214844 2033.795654 2011.631470 2016.516724 2060.527344 2123.737061 2194.768066 2256.239014 1826.946289 1838.522949 1851.658569 1864.696411 1874.366089 1890.592773 1918.819824,
 848.293213 842.513306 814.474243 761.480591 693.726807 633.412354 589.297607 1626.792725 1618.872070 1595.516724 1552.077881 1497.247681 1462.032959 1449.892578 2252.898193 2324.497070 2377.414307 2361.399902 2260.845459 2141.745117 2055.505615 2396.152100 2548.197998 2706.936279 2781.160400 2706.936279 2548.197998 2396.152100 2055.505615 2141.745117 2260.845459 2361.399902 2377.414307 2324.497070 2252.898193 1449.892578 1462.032959 1497.247681 1552.077881 1595.516724 1618.872070 1626.792725 589.297607 633.412354 693.726807 761.480591 814.474243 842.513306 848.293213,
 -1371.820557 -1413.480835 -1537.308350 -1664.081665 -1685.715332 -1600.186890 -1488.639404 -65.778946 -14.825500 -56.767281 -185.496445 -305.253723 -328.192291 -262.146301 1499.827271 1627.451294 1717.197021 1677.676636 1520.847168 1380.413696 1345.612183 2172.275879 2299.359131 2478.165771 2568.878174 2478.165771 2299.359131 2172.275879 1345.612183 1380.413696 1520.847168 1677.676636 1717.197021 1627.451294 1499.827271 -262.146301 -328.192291 -305.253723 -185.496445 -56.767281 -14.825500 -65.778946 -1488.639404 -1600.186890 -1685.715332 -1664.081665 -1537.308350 -1413.480835 -1371.820557,

Auto-correlations of the modulus of each oriented sub-band
 9.452689 10.691292 11.712072 12.005381 11.334505 9.924511 8.322732 10.188925 11.745453 12.871212 13.116962 12.378822 10.885593 9.139696 11.033786 13.254784 15.200274 16.243135 15.687387 13.536442 10.744306 11.355799 14.870220 18.555475 20.273106 18.555475 14.870220 11.355799 10.744306 13.536442 15.687387 16.243135 15.200274 13.254784 11.033786 9.139696 10.885593 12.378822 13.116962 12.871212 11.745453 10.188925 8.322732 9.924511 11.334505 12.005381 11.712072 10.691292 9.452689,
 58.212097 62.617207 68.606987 74.767960 78.957802 81.184052 82.627060 74.177902 82.157188 92.550232 100.461700 101.572083 99.091408 96.494308 91.032600 102.995621 118.956169 128.731903 123.657860 112.989090 104.616753 102.764168 115.278122 132.369263 142.326080 132.369263 115.278122 102.764168 104.616753 112.989090 123.657860 128.731903 118.956169 102.995621 91.032600 96.494308 99.091408 101.572083 100.461700 92.550232 82.157188 74.177902 82.627060 81.184052 78.957802 74.767960 68.606987 62.617207 58.212097,
 228.301254 236.550415 247.218658 251.979462 245.445679 231.294312 216.785995 283.514282 311.302032 342.315948 354.615936 333.621002 295.751312 263.894226 330.547791 382.724884 443.495544 470.759186 434.159729 367.751801 314.334045 343.210693 407.108185 485.701935 526.328125 485.701935 407.108185 343.210693 314.334045 367.751801 434.159729 470.759186 443.495544 382.724884 330.547791 263.894226 295.751312 333.621002 354.615936 342.315948 311.302032 283.514282 216.785995 231.294312 245.445679 251.979462 247.218658 236.550415 228.301254,
 170.793533 172.493500 170.849030 165.270233 156.315338 146.538971 137.898453 193.169983 204.834717 211.137314 207.495331 192.727432 173.220581 156.229523 205.348892 230.308441 251.479095 256.409546 238.200897 207.794922 179.948715 199.950745 232.249329 265.001312 280.276855 265.001312 232.249329 199.950745 179.948715 207.794922 238.200897 256.409546 251.479095 230.308441 205.348892 156.229523 173.220581 192.727432 207.495331 211.137314 204.834717 193.169983 137.898453 146.538971 156.315338 165.270233 170.849030 172.493500 170.793533,
 8.086855 9.511037 10.705563 11.059433 10.291822 8.704787 6.903748 8.379602 10.296968 11.932687 12.564608 11.818793 9.984828 7.822504 9.168179 11.923608 14.553605 15.869765 14.998935 12.392417 9.400879 10.112860 13.729328 17.305977 18.909813 17.305977 13.729328 10.112860 9.400879 12.392417 14.998935 15.869765 14.553605 11.923608 9.168179 7.822504 9.984828 11.818793 12.564608 11.932687 10.296968 8.379602 6.903748 8.704787 10.291822 11.059433 10.705563 9.511037 8.086855,
 31.086683 32.867657 34.370934 35.577942 36.631767 37.258015 37.145920 38.393505 43.441204 47.719120 49.085102 48.419003 47.047291 45.023579 46.110870 55.073452 64.538635 67.519386 62.975571 56.482166 50.648102 51.057617 60.268421 71.518463 77.532570 71.518463 60.268421 51.057617 50.648102 56.482166 62.975571 67.519386 64.538635 55.073452 46.110870 45.023579 47.047291 48.419003 49.085102 47.719120 43.441204 38.393505 37.145920 37.258015 36.631767 35.577942 34.370934 32.867657 31.086683,
 124.283859 127.110596 132.145966 136.093231 134.250549 126.357986 115.226913 143.973419 161.865921 184.973785 199.513077 193.136261 170.916702 145.733795 164.802933 202.627258 248.132874 273.280243 255.728790 211.722290 169.273361 176.314026 225.379959 281.488007 309.113831 281.488007 225.379959 176.314026 169.273361 211.722290 255.728790 273.280243 248.132874 202.627258 164.802933 145.733795 170.916702 193.136261 199.513077 184.973785 161.865921 143.973419 115.226913 126.357986 134.250549 136.093231 132.145966 127.110596 124.283859,
 100.301392 105.221695 107.407661 105.655930 100.166679 92.336304 84.074738 110.763229 122.615280 131.896240 134.333511 126.944466 112.143967 96.602127 117.176086 137.681503 157.449646 166.513672 156.272034 132.595657 109.015961 116.803833 142.713150 169.589859 182.187653 169.589859 142.713150 116.803833 109.015961 132.595657 156.272034 166.513672 157.449646 137.681503 117.176086 96.602127 112.143967 126.944466 134.333511 131.896240 122.615280 110.763229 84.074738 92.336304 100.166679 105.655930 107.407661 105.221695 100.301392,
 4.649644 6.563632 8.210568 8.925223 8.335746 6.696537 4.638957 5.294107 7.579748 9.469002 10.234131 9.437407 7.354825 4.783435 5.933792 9.278409 12.444008 13.986309 12.907085 9.703864 5.874147 6.429014 10.907324 15.141820 16.971439 15.141820 10.907324 6.429014 5.874147 9.703864 12.907085 13.986309 12.444008 9.278409 5.933792 4.783435 7.354825 9.437407 10.234131 9.469002 7.579748 5.294107 4.638957 6.696537 8.335746 8.925223 8.210568 6.563632 4.649644,
 11.446259 13.034403 13.958812 13.433265 11.590310 9.280945 7.644619 16.453419 19.915958 22.755823 22.684629 19.904249 16.285820 12.937752 19.948051 25.559940 31.516468 33.048523 28.666885 22.806168 17.858467 20.496689 26.634243 34.218140 38.381493 34.218140 26.634243 20.496689 17.858467 22.806168 28.666885 33.048523 31.516468 25.559940 19.948051 12.937752 16.285820 19.904249 22.684629 22.755823 19.915958 16.453419 7.644619 9.280945 11.590310 13.433265 13.958812 13.034403 11.446259,
 60.212265 63.734486 63.592625 59.745995 52.552380 43.735302 35.395630 71.555145 84.075790 94.246880 95.107109 83.231087 64.760086 48.377239 75.846786 98.842430 123.443848 132.992340 116.864090 87.275139 62.131271 72.381073 100.908859 134.322647 150.730103 134.322647 100.908859 72.381073 62.131271 87.275139 116.864090 132.992340 123.443848 98.842430 75.846786 48.377239 64.760086 83.231087 95.107109 94.246880 84.075790 71.555145 35.395630 43.735302 52.552380 59.745995 63.592625 63.734486 60.212265,
 29.567101 30.455940 28.948584 26.591640 22.963671 17.732857 12.680778 34.306335 39.028172 42.287403 42.434669 36.779537 27.120518 18.932510 35.406975 44.678497 55.081959 59.898739 52.402081 37.888840 26.405037 32.546143 44.742577 60.394867 68.523560 60.394867 44.742577 32.546143 26.405037 37.888840 52.402081 59.898739 55.081959 44.678497 35.406975 18.932510 27.120518 36.779537 42.434669 42.287403 39.028172 34.306335 12.680778 17.732857 22.963671 26.591640 28.948584 30.455940 29.567101,
 -0.335178 2.649466 5.064923 6.032250 5.169787 2.832662 0.001193 1.329624 4.888523 7.784321 8.948043 7.808736 4.847453 1.379553 3.228768 7.887486 11.914643 13.677460 12.193204 8.219785 3.567268 4.539960 9.972002 14.757466 16.750372 14.757466 9.972002 4.539960 3.567268 8.219785 12.193204 13.677460 11.914643 7.887486 3.228768 1.379553 4.847453 7.808736 8.948043 7.784321 4.888523 1.329624 0.001193 2.832662 5.169787 6.032250 5.064923 2.649466 -0.335178,
 3.299302 3.906540 3.708652 3.456996 3.317912 2.820304 1.993712 6.512301 8.996817 10.273376 9.855471 8.625975 6.924792 4.825613 9.470734 14.127984 18.161955 18.767803 15.869585 11.844577 7.896603 10.026714 15.285124 20.817204 23.551144 20.817204 15.285124 10.026714 7.896603 11.844577 15.869585 18.767803 18.161955 14.127984 9.470734 4.825613 6.924792 8.625975 9.855471 10.273376 8.996817 6.512301 1.993712 2.820304 3.317912 3.456996 3.708652 3.906540 3.299302,
 -2.524830 1.764306 6.537815 7.486020 2.343239 -4.739450 -8.546369 2.457029 12.993566 24.264212 28.178211 20.689157 9.129523 1.466198 9.914723 25.830441 43.678940 51.345314 41.298836 23.885738 10.594869 13.921752 30.972656 51.597549 62.141689 51.597549 30.972656 13.921752 10.594869 23.885738 41.298836 51.345314 43.678940 25.830441 9.914723 1.466198 9.129523 20.689157 28.178211 24.264212 12.993566 2.457029 -8.546369 -4.739450 2.343239 7.486020 6.537815 1.764306 -2.524830,
 -5.718876 -4.173478 -0.691437 2.248885 2.992471 1.649016 -0.413071 -4.734113 0.303253 7.628790 13.741377 15.637903 12.792936 7.531816 2.164778 11.426584 22.571068 30.429054 30.091640 22.118544 11.921759 9.564759 21.570442 33.917267 39.509537 33.917267 21.570442 9.564759 11.921759 22.118544 30.091640 30.429054 22.571068 11.426584 2.164778 7.531816 12.792936 15.637903 13.741377 7.628790 0.303253 -4.734113 -0.413071 1.649016 2.992471 2.248885 -0.691437 -4.173478 -5.718876,

Pairwise cross-correlations of the modulus of all oriented sub-bands at the same scale (size QxQ)
 20.273106 14.591483 27.836447 36.371399,
 14.591483 142.326065 178.622009 36.434700,
 27.836447 178.622009 526.328186 265.987213,
 36.371399 36.434700 265.987213 280.276947,
 18.909813 9.865883 17.963438 21.922274,
 9.865883 77.532578 93.288338 9.138309,
 17.963438 93.288338 309.113831 160.089142,
 21.922274 9.138309 160.089142 182.187668,
 16.971439 6.581241 3.692055 10.618824,
 6.581241 38.381493 44.450020 10.212771,
 3.692055 44.450020 150.730133 69.123779,
 10.618824 10.212771 69.123779 68.523560,
 16.750374 5.282282 6.495883 11.628739,
 5.282282 23.551144 22.972836 7.861555,
 6.495883 22.972836 62.141689 32.222683,
 11.628739 7.861555 32.222683 39.509537,

Cross-correlations of the modulus of all oriented sub-bands with all oriented sub-bands at the coarser scale (size QxQ)
 13.038585 7.380328 12.992476 17.883120,
 11.517859 60.344086 62.770149 9.286445,
 25.772491 72.608360 168.957397 103.085968,
 25.265293 7.777018 89.421890 112.225449,
 13.311837 5.600315 5.483253 12.125290,
 8.101337 23.893631 19.798254 2.878356,
 8.946140 17.434832 58.359184 39.652847,
 10.059170 -1.843567 41.423820 51.172932,
 11.787800 4.569467 7.781535 12.364645,
 2.870693 11.549870 8.638497 0.555380,
 -2.801336 13.100957 34.790478 12.614746,
 4.748665 4.980328 23.251884 20.363575,

Cross-correlations of the real part of each oriented sub-band with both the real and imaginary part of all phase-doubled oriented sub-bands at the next coarser scale (Q matrices of size 1x2Q, which are computed and stored in a matrix of size Qx2Q)
 -2.272251 -2.182040 -3.584267 -5.705370 1.545517 0.373901 0.627939 -1.003416,
 -1.276747 -26.957962 -20.646618 -1.953873 0.723044 -1.443843 -1.767323 1.725035,
 -4.239465 -32.070507 -41.567635 -26.563585 0.393872 -3.378706 3.919026 6.885639,
 -6.332082 -5.281862 -24.708227 -35.004951 0.822076 -0.465344 6.660088 1.446975,
 -0.856536 -1.171615 -1.420155 -1.428996 2.319404 1.166829 -0.959953 -2.979054,
 -0.425244 -12.816157 -16.673285 -3.511566 0.887354 4.016449 1.377683 0.172113,
 -0.571522 -17.117451 -47.344135 -17.719917 0.962194 2.342741 -1.219522 -7.765790,
 -1.103127 -3.326183 -24.654127 -13.041115 2.125266 -0.051271 -6.520204 -13.523079,
 -1.016067 -1.540849 0.170742 0.502976 2.967216 0.449517 -0.483697 -0.882408,
 -0.050557 -11.025824 -2.026979 -1.454076 0.882969 -6.556582 -11.888248 -0.929679,
 -0.111223 -8.166475 4.272482 3.676744 0.072222 -11.263624 -22.944836 -0.726923,
 -1.312364 -0.213722 5.813459 8.777418 1.754415 -2.719399 -4.356214 -1.362184,
