Low-band skewness and kurtosis
 -0.433974 2.103787,
 -0.308656 2.335774,
 0.003243 2.208538,
 0.171258 2.024553,
 -0.067792 1.810814,

High-band variance
 1047.946655,

Skewness, kurtosis, variance, mean, maximum and minimum of the reconstructed texture
 -0.590950 1.878270 5588.821777 186.955994 255.000000 3.000000,

Auto-correlations of the low-frequency bands at each scale
 510.627502 414.242584 366.800812 363.141724 388.619293 431.749481 486.399353 1053.357422 794.506592 572.039917 447.960236 441.423920 532.457886 671.105957 2696.632568 2725.925781 2704.038086 2618.729004 2463.599121 2281.638184 2117.591064 3471.511963 3863.506348 4189.531250 4322.376953 4189.531250 3863.506348 3471.511963 2117.591064 2281.638184 2463.599121 2618.729004 2704.038086 2725.925781 2696.632568 671.105957 532.457886 441.423920 447.960236 572.039917 794.506592 1053.357422 486.399353 431.749481 388.619293 363.141724 366.800812 414.242584 510.627502,
 629.865295 600.684021 594.627563 608.585083 638.250610 676.444885 716.584900 828.283691 635.398376 467.935089 370.600250 363.276581 437.742737 555.681641 1728.318481 1726.543091 1690.392334 1609.234375 1481.657959 1348.658569 1244.776245 2144.170898 2420.097900 2655.002441 2752.363525 2655.002441 2420.097900 2144.170898 1244.776245 1348.658569 1481.657959 1609.234375 1690.392334 1726.543091 1728.318481 555.681641 437.742737 363.276581 370.600250 467.935089 635.398376 828.283691 716.584900 676.444885 638.250610 608.585083 594.627563 600.684021 629.865295,
 569.314697 569.028931 593.259399 639.496338 698.194580 752.736450 790.132812 762.163757 668.132446 588.622253 554.306885 581.657654 662.326538 764.015320 1220.425659 1228.602783 1208.571533 1152.337158 1066.737549 988.420715 942.458435 1344.053589 1501.585938 1643.515259 1704.147217 1643.515259 1501.585938 1344.053589 942.458435 988.420715 1066.737549 1152.337158 1208.571533 1228.602783 1220.425659 764.015320 662.326538 581.657654 554.306885 588.622253 668.132446 762.163757 790.132812 752.736450 698.194580 639.496338 593.259399 569.028931 569.314697,
 233.925079 239.153076 242.410355 244.340515 242.058243 234.397369 223.306702 538.500305 517.646484 497.603088 486.325775 485.908447 498.698517 519.330872 888.967285 901.284485 918.621277 924.776733 909.000793 888.393860 878.269165 1070.333496 1123.632446 1183.752563 1212.431152 1183.752563 1123.632446 1070.333496 878.269165 888.393860 909.000793 924.776733 918.621277 901.284485 888.967285 519.330872 498.698517 485.908447 486.325775 497.603088 517.646484 538.500305 223.306702 234.397369 242.058243 244.340515 242.410355 239.153076 233.925079,
 -577.731140 -591.594849 -612.044922 -625.546997 -621.889038 -605.788208 -588.104797 -104.846764 -107.120743 -112.130356 -118.643402 -125.240906 -126.401382 -119.200768 586.809998 601.836792 622.422485 630.479248 613.601807 588.712280 576.935608 945.000000 968.061890 1003.615540 1022.440918 1003.615540 968.061890 945.000000 576.935608 588.712280 613.601807 630.479248 622.422485 601.836792 586.809998 -119.200768 -126.401382 -125.240906 -118.643402 -112.130356 -107.120743 -104.846764 -588.104797 -605.788208 -621.889038 -625.546997 -612.044922 -591.594849 -577.731140,

Auto-correlations of the modulus of each oriented sub-band
 5.179830 6.258588 7.164247 7.413314 6.798568 5.591421 4.273830 5.857106 7.169950 8.207788 8.496466 7.877380 6.584332 5.088975 6.739396 8.722548 10.480166 11.238045 10.546308 8.701510 6.505524 7.182663 9.992350 12.796947 14.055720 12.796947 9.992350 7.182663 6.505524 8.701510 10.546308 11.238045 10.480166 8.722548 6.739396 5.088975 6.584332 7.877380 8.496466 8.207788 7.169950 5.857106 4.273830 5.591421 6.798568 7.413314 7.164247 6.258588 5.179830,
 29.408531 32.909252 37.648178 42.640007 46.198914 47.480480 47.007439 42.993645 51.605904 62.577831 70.457886 71.722031 68.567749 64.232529 61.649731 76.132065 94.857666 105.549103 100.235016 87.662842 76.937515 76.086571 91.792633 112.364525 123.461700 112.364525 91.792633 76.086571 76.937515 87.662842 100.235016 105.549103 94.857666 76.132065 61.649731 64.232529 68.567749 71.722031 70.457886 62.577831 51.605904 42.993645 47.007439 47.480480 46.198914 42.640007 37.648178 32.909252 29.408531,
 148.022171 158.401703 167.139084 171.103943 166.991226 156.646454 144.131577 226.511353 263.059418 297.187073 311.873108 295.341553 259.036591 221.482819 311.458771 381.554321 451.202057 482.413025 448.902191 377.447632 307.215668 348.236115 434.879822 524.072266 566.179199 524.072266 434.879822 348.236115 307.215668 377.447632 448.902191 482.413025 451.202057 381.554321 311.458771 221.482819 259.036591 295.341553 311.873108 297.187073 263.059418 226.511353 144.131577 156.646454 166.991226 171.103943 167.139084 158.401703 148.022171,
 75.803673 74.362137 70.950371 65.502357 58.318790 50.612293 44.127480 100.292053 105.843918 108.257111 105.060410 94.621552 80.029129 66.748413 117.665993 133.508865 147.066620 150.710907 138.155609 116.036362 95.104546 116.220840 139.101593 162.144196 173.120193 162.144196 139.101593 116.220840 95.104546 116.036362 138.155609 150.710907 147.066620 133.508865 117.665993 66.748413 80.029129 94.621552 105.060410 108.257111 105.843918 100.292053 44.127480 50.612293 58.318790 65.502357 70.950371 74.362137 75.803673,
 2.405605 3.287821 4.125519 4.496886 4.178236 3.341254 2.403572 2.917672 3.958704 4.922720 5.374217 5.042627 4.051422 2.870245 3.560229 5.199199 6.823733 7.661139 7.120948 5.475493 3.630497 4.020195 6.385916 8.811226 9.921467 8.811226 6.385916 4.020195 3.630497 5.475493 7.120948 7.661139 6.823733 5.199199 3.560229 2.870245 4.051422 5.042627 5.374217 4.922720 3.958704 2.917672 2.403572 3.341254 4.178236 4.496886 4.125519 3.287821 2.405605,
 10.023746 14.001194 18.073154 21.115637 22.531048 22.240505 21.472958 19.363415 27.215916 35.294060 39.417725 38.721260 35.359303 31.484669 30.735283 42.648609 55.755527 61.459446 56.228939 46.703579 38.197182 38.135841 50.512138 65.152039 72.754868 65.152039 50.512138 38.135841 38.197182 46.703579 56.228939 61.459446 55.755527 42.648609 30.735283 31.484669 35.359303 38.721260 39.417725 35.294060 27.215916 19.363415 21.472958 22.240505 22.531048 21.115637 18.073154 14.001194 10.023746,
 60.381359 69.730690 82.239227 92.067047 93.876648 89.102379 81.500809 94.153503 126.863716 163.889053 186.389954 180.460495 153.907944 123.592453 138.218048 200.499756 267.446228 302.463043 280.089600 220.770081 160.328033 167.497955 243.452057 322.751709 359.791565 322.751709 243.452057 167.497955 160.328033 220.770081 280.089600 302.463043 267.446228 200.499756 138.218048 123.592453 153.907944 180.460495 186.389954 163.889053 126.863716 94.153503 81.500809 89.102379 93.876648 92.067047 82.239227 69.730690 60.381359,
 35.736202 34.690567 33.226032 31.394718 29.145912 26.548065 24.055544 49.662395 53.772259 57.449028 58.728249 55.165169 47.141109 38.485134 61.824104 73.772148 86.371910 92.827797 86.430504 70.460548 54.494324 64.209366 81.899246 100.973907 110.115051 100.973907 81.899246 64.209366 54.494324 70.460548 86.430504 92.827797 86.371910 73.772148 61.824104 38.485134 47.141109 55.165169 58.728249 57.449028 53.772259 49.662395 24.055544 26.548065 29.145912 31.394718 33.226032 34.690567 35.736202,
 0.395442 0.793165 1.064847 1.094597 0.938335 0.733905 0.588783 0.457138 0.903058 1.303425 1.513500 1.488464 1.291628 1.050674 0.795316 1.707716 2.720560 3.293663 3.044704 2.174943 1.255136 1.249077 2.719498 4.377587 5.161813 4.377587 2.719498 1.249077 1.255136 2.174943 3.044704 3.293663 2.720560 1.707716 0.795316 1.050674 1.291628 1.488464 1.513500 1.303425 0.903058 0.457138 0.588783 0.733905 0.938335 1.094597 1.064847 0.793165 0.395442,
 2.969597 3.476671 4.121499 5.059659 6.000927 6.608328 7.219100 8.444077 11.585770 14.107543 14.494794 13.344666 12.172964 11.039029 13.879600 19.892447 26.141203 27.859291 23.877359 18.983782 15.031663 16.575645 22.891718 30.649796 34.974850 30.649796 22.891718 16.575645 15.031663 18.983782 23.877359 27.859291 26.141203 19.892447 13.879600 11.039029 12.172964 13.344666 14.494794 14.107543 11.585770 8.444077 7.219100 6.608328 6.000927 5.059659 4.121499 3.476671 2.969597,
 24.954075 26.135975 27.444294 24.468655 14.156696 2.268578 -4.612430 41.928905 52.509392 62.466286 62.400406 45.142403 20.113935 -0.037029 51.858871 79.106224 105.953827 114.968643 92.985260 55.089108 20.856730 43.925030 82.299751 122.511101 141.989700 122.511101 82.299751 43.925030 20.856730 55.089108 92.985260 114.968643 105.953827 79.106224 51.858871 -0.037029 20.113935 45.142403 62.400406 62.466286 52.509392 41.928905 -4.612430 2.268578 14.156696 24.468655 27.444294 26.135975 24.954075,
 16.067598 18.130964 19.079840 17.984671 14.502035 9.479490 4.406906 20.511868 25.127752 29.118532 30.682964 27.652273 20.605349 12.654564 24.482851 33.330746 42.377758 47.345432 43.398350 32.613125 21.155333 25.496950 37.609829 50.106331 56.018616 50.106331 37.609829 25.496950 21.155333 32.613125 43.398350 47.345432 42.377758 33.330746 24.482851 12.654564 20.605349 27.652273 30.682964 29.118532 25.127752 20.511868 4.406906 9.479490 14.502035 17.984671 19.079840 18.130964 16.067598,
 0.458828 1.075752 1.544861 1.699290 1.448259 0.844143 0.061634 0.467345 1.190267 1.812243 2.059783 1.799558 1.113230 0.248266 0.689074 1.744947 2.703095 3.071929 2.623143 1.601745 0.474565 1.000613 2.377562 3.676124 4.237321 3.676124 2.377562 1.000613 0.474565 1.601745 2.623143 3.071929 2.703095 1.744947 0.689074 0.248266 1.113230 1.799558 2.059783 1.812243 1.190267 0.467345 0.061634 0.844143 1.448259 1.699290 1.544861 1.075752 0.458828,
 2.587038 2.384763 1.962281 1.649528 1.641230 1.616059 1.361268 3.502564 5.308395 6.932181 7.247010 6.256742 4.321411 2.206222 3.807635 8.247609 12.970901 14.621338 11.867096 7.069908 2.744661 3.281587 8.862663 15.359297 18.592930 15.359297 8.862663 3.281587 2.744661 7.069908 11.867096 14.621338 12.970901 8.247609 3.807635 2.206222 4.321411 6.256742 7.247010 6.932181 5.308395 3.502564 1.361268 1.616059 1.641230 1.649528 1.962281 2.384763 2.587038,
 9.321812 11.488700 12.936646 14.254279 14.496391 13.640805 12.561300 15.572385 22.995268 30.992702 35.671974 33.712032 28.433752 24.414124 24.142298 36.356331 51.266212 58.919586 52.703407 40.242493 31.162466 30.849930 43.798363 60.867599 69.806236 60.867599 43.798363 30.849930 31.162466 40.242493 52.703407 58.919586 51.266212 36.356331 24.142298 24.414124 28.433752 33.712032 35.671974 30.992702 22.995268 15.572385 12.561300 13.640805 14.496391 14.254279 12.936646 11.488700 9.321812,
 0.231818 1.247761 1.669431 1.636020 1.335080 0.850919 -0.206197 0.597645 2.800660 5.269931 6.920474 6.525184 4.151279 0.973343 1.371350 5.182251 10.218943 13.541049 11.997503 6.795870 1.854962 1.994713 7.116810 13.663131 17.021580 13.663131 7.116810 1.994713 1.854962 6.795870 11.997503 13.541049 10.218943 5.182251 1.371350 0.973343 4.151279 6.525184 6.920474 5.269931 2.800660 0.597645 -0.206197 0.850919 1.335080 1.636020 1.669431 1.247761 0.231818,

Pairwise cross-correlations of the modulus of all oriented sub-bands at the same scale (size QxQ)
 14.055720 11.734175 9.757755 14.965859,
 11.734175 123.461708 176.497849 41.021557,
 9.757755 176.497849 566.179138 229.460236,
 14.965859 41.021557 229.460236 173.120209,
 9.921467 6.723971 2.819947 7.335180,
 6.723971 72.754868 100.596558 24.952038,
 2.819947 100.596558 359.791595 146.696518,
 7.335180 24.952038 146.696518 110.115059,
 5.161812 3.344518 1.161257 5.058693,
 3.344518 34.974854 31.785198 2.279978,
 1.161257 31.785198 141.989716 58.260544,
 5.058693 2.279978 58.260544 56.018620,
 4.237321 1.736190 -1.812093 1.705109,
 1.736190 18.592930 25.494766 5.315254,
 -1.812093 25.494766 69.806244 22.632629,
 1.705109 5.315254 22.632629 17.021580,

Cross-correlations of the modulus of all oriented sub-bands with all oriented sub-bands at the coarser scale (size QxQ)
 8.100957 5.829628 0.485977 8.960592,
 8.812267 27.646755 23.094124 11.696442,
 11.465501 23.323492 58.673260 38.993240,
 11.315132 4.368028 27.547752 37.891788,
 4.378513 5.030578 -0.291366 4.946720,
 4.172499 13.880956 1.613228 -3.740753,
 3.411704 11.138025 37.984581 17.350525,
 3.993354 5.667631 19.794928 19.337219,
 2.045500 -0.017926 -4.386214 -0.535924,
 -0.303729 3.155598 7.242863 2.923980,
 -4.227265 -6.845238 -12.681823 -8.701431,
 2.043168 -7.429152 -19.231430 -7.210044,

Cross-correlations of the real part of each oriented sub-band with both the real and imaginary part of all phase-doubled oriented sub-bands at the next coarser scale (Q matrices of size 1x2Q, which are computed and stored in a matrix of size Qx2Q)
 -1.248944 -1.319633 -1.883132 -3.309136 1.249915 -0.245230 0.060841 -0.138656,
 -1.457830 -26.930941 -30.550104 -9.130868 0.390910 -1.004599 7.092450 1.209249,
 -2.366874 -44.314823 -84.050705 -52.711811 0.035978 3.447823 17.565220 3.696437,
 -2.621788 -10.642773 -39.493904 -41.626545 0.554361 2.186821 5.065581 1.560004,
 -0.328805 -0.737414 -1.664809 -2.607232 0.812768 0.225799 0.251093 0.150451,
 -0.134436 -12.317722 -13.197777 -5.577221 0.384768 4.473042 9.989749 2.352859,
 -1.088979 -17.718262 -53.600693 -40.143684 0.140921 10.830133 33.715088 11.814958,
 -1.550083 -4.050712 -34.788170 -33.439606 0.426662 3.909453 15.458326 7.570299,
 0.258135 0.165494 -0.057350 0.753885 -0.091668 -0.153225 -0.232683 0.161628,
 0.195088 -0.093631 -3.323499 0.016415 0.145749 -4.929228 -2.060092 0.010483,
 -0.174083 -2.397870 -8.078337 -1.292427 0.147521 -5.764297 0.013934 -2.157788,
 -0.034055 -1.288619 -3.064433 0.303531 0.030773 -0.780212 0.914668 -2.432262,
