Low-band skewness and kurtosis
 -0.446495 2.090776,
 -0.342613 2.234530,
 -0.112313 2.041900,
 0.028852 2.128757,
 0.116656 1.940533,

High-band variance
 1053.550171,

Skewness, kurtosis, variance, mean, maximum and minimum of the reconstructed texture
 -0.588899 1.885615 5690.678711 186.154541 255.000000 1.000000,

Auto-correlations of the low-frequency bands at each scale
 1255.205078 1065.916504 953.718323 942.869751 1016.728088 1142.824219 1285.807861 1930.285645 1606.832153 1263.828857 1045.999268 1026.868408 1172.667358 1371.496582 2997.413330 3105.267822 3093.545898 2941.600342 2676.704102 2398.759521 2187.797607 3207.723633 3736.547852 4219.860352 4423.565430 4219.860352 3736.547852 3207.723633 2187.797607 2398.759521 2676.704102 2941.600342 3093.545898 3105.267822 2997.413330 1371.496582 1172.667358 1026.868408 1045.999268 1263.828857 1606.832153 1930.285645 1285.807861 1142.824219 1016.728088 942.869751 953.718323 1065.916504 1255.205078,
 1086.973999 1031.875244 1029.493164 1073.977173 1135.891113 1196.057373 1249.042847 1389.442017 1210.096191 1026.873779 925.545959 949.635620 1078.400635 1234.592896 2071.394531 2144.676270 2145.778320 2056.544434 1905.193970 1773.722656 1705.910767 2284.631348 2594.418457 2894.453857 3025.172363 2894.453857 2594.418457 2284.631348 1705.910767 1773.722656 1905.193970 2056.544434 2145.778320 2144.676270 2071.394531 1234.592896 1078.400635 949.635620 925.545959 1026.873779 1210.096191 1389.442017 1249.042847 1196.057373 1135.891113 1073.977173 1029.493164 1031.875244 1086.973999,
 1050.502930 1028.545776 1025.150757 1030.895142 1027.700806 1015.080322 995.610962 1173.032104 1115.708740 1068.315918 1050.933105 1068.245850 1117.827637 1172.193237 1487.139648 1559.063843 1609.497681 1613.435547 1568.560913 1521.118774 1499.889404 1727.770020 1883.089722 2036.515259 2105.331299 2036.515259 1883.089722 1727.770020 1499.889404 1521.118774 1568.560913 1613.435547 1609.497681 1559.063843 1487.139648 1172.193237 1117.827637 1068.245850 1050.933105 1068.315918 1115.708740 1173.032104 995.610962 1015.080322 1027.700806 1030.895142 1025.150757 1028.545776 1050.502930,
 362.547607 348.304443 319.686432 270.319061 213.757294 180.175430 176.801392 741.139954 740.003052 734.485107 713.943237 679.893921 656.486450 646.997498 1203.124146 1263.256470 1326.699585 1351.316650 1313.312134 1247.213745 1185.445190 1433.979370 1537.112183 1645.415649 1696.011719 1645.415649 1537.112183 1433.979370 1185.445190 1247.213745 1313.312134 1351.316650 1326.699585 1263.256470 1203.124146 646.997498 656.486450 679.893921 713.943237 734.485107 740.003052 741.139954 176.801392 180.175430 213.757294 270.319061 319.686432 348.304443 362.547607,
 -689.781372 -696.204590 -785.356567 -902.852905 -947.706055 -898.510254 -814.938354 87.938240 105.676918 59.365902 -44.425282 -126.032089 -117.851295 -44.765739 779.810547 853.393372 920.596436 909.933228 820.709351 739.105896 716.666016 1087.405273 1185.813599 1321.984741 1390.457642 1321.984741 1185.813599 1087.405273 716.666016 739.105896 820.709351 909.933228 920.596436 853.393372 779.810547 -44.765739 -117.851295 -126.032089 -44.425282 59.365902 105.676918 87.938240 -814.938354 -898.510254 -947.706055 -902.852905 -785.356567 -696.204590 -689.781372,

Auto-correlations of the modulus of each oriented sub-band
 7.682905 8.606160 9.337267 9.511681 8.987303 7.969652 6.871416 8.438252 9.687889 10.558691 10.781683 10.288656 9.138847 7.666114 9.174675 11.279919 13.255529 14.377460 13.808905 11.644070 9.035137 9.714493 13.157917 16.952877 18.776627 16.952877 13.157917 9.714493 9.035137 11.644070 13.808905 14.377460 13.255529 11.279919 9.174675 7.666114 9.138847 10.288656 10.781683 10.558691 9.687889 8.438252 6.871416 7.969652 8.987303 9.511681 9.337267 8.606160 7.682905,
 49.488373 54.557549 60.572243 66.401138 70.580742 73.253151 74.874481 65.394409 75.517029 87.439148 95.428230 95.701935 92.186737 88.362732 82.466042 98.473534 118.348404 129.175995 121.918594 107.715874 96.186363 94.274109 111.353500 133.552460 145.919098 133.552460 111.353500 94.274109 96.186363 107.715874 121.918594 129.175995 118.348404 98.473534 82.466042 88.362732 92.186737 95.701935 95.428230 87.439148 75.517029 65.394409 74.874481 73.253151 70.580742 66.401138 60.572243 54.557549 49.488373,
 171.175171 181.902710 191.634094 193.794067 181.566437 160.272217 140.389313 217.583038 250.289612 286.321960 302.126709 277.188232 229.515076 188.148499 260.564880 323.331848 397.522980 433.939148 391.818817 309.971008 241.878632 272.602966 351.948669 448.670807 498.806030 448.670807 351.948669 272.602966 241.878632 309.971008 391.818817 433.939148 397.522980 323.331848 260.564880 188.148499 229.515076 277.188232 302.126709 286.321960 250.289612 217.583038 140.389313 160.272217 181.566437 193.794067 191.634094 181.902710 171.175171,
 136.991257 138.479675 136.659546 130.992462 122.277008 112.765747 104.902451 159.589752 170.315659 176.492493 173.863983 160.674927 141.689774 124.526093 175.465652 199.028168 219.589508 225.547134 209.245331 179.575012 151.478561 172.710480 204.403061 236.409576 251.183075 236.409576 204.403061 172.710480 151.478561 179.575012 209.245331 225.547134 219.589508 199.028168 175.465652 124.526093 141.689774 160.674927 173.863983 176.492493 170.315659 159.589752 104.902451 112.765747 122.277008 130.992462 136.659546 138.479675 136.991257,
 4.238368 4.918562 5.471966 5.671213 5.394999 4.771737 4.053532 4.686817 5.553507 6.243543 6.550344 6.362891 5.716932 4.819417 5.226166 6.916293 8.647260 9.612921 9.146874 7.536910 5.721604 5.961018 8.583790 11.457939 12.821495 11.457939 8.583790 5.961018 5.721604 7.536910 9.146874 9.612921 8.647260 6.916293 5.226166 4.819417 5.716932 6.362891 6.550344 6.243543 5.553507 4.686817 4.053532 4.771737 5.394999 5.671213 5.471966 4.918562 4.238368,
 17.625593 20.708107 25.001635 28.314665 29.053350 27.422531 24.989660 26.712090 33.477325 41.507858 45.658226 44.090164 39.389709 34.331707 36.172421 46.918774 60.131317 66.197250 60.337738 50.006550 41.301373 42.008095 53.460659 68.291214 76.377502 68.291214 53.460659 42.008095 41.301373 50.006550 60.337738 66.197250 60.131317 46.918774 36.172421 34.331707 39.389709 44.090164 45.658226 41.507858 33.477325 26.712090 24.989660 27.422531 29.053350 28.314665 25.001635 20.708107 17.625593,
 83.543617 95.418068 107.239357 109.584183 99.618156 87.433540 81.317863 107.182472 134.645248 167.242065 179.808533 158.379883 124.653343 102.967262 132.063644 177.891495 236.615204 263.836975 229.064789 168.892197 126.665321 140.334564 193.756165 266.169525 304.795959 266.169525 193.756165 140.334564 126.665321 168.892197 229.064789 263.836975 236.615204 177.891495 132.063644 102.967262 124.653343 158.379883 179.808533 167.242065 134.645248 107.182472 81.317863 87.433540 99.618156 109.584183 107.239357 95.418068 83.543617,
 61.652622 66.229713 68.711792 67.227165 62.397369 57.145954 53.704975 73.056244 83.786781 91.585251 91.774368 83.113510 70.487816 60.437469 82.314415 101.483650 119.527321 125.957214 113.957893 91.570274 72.009071 81.858353 105.816200 131.865051 144.305695 131.865051 105.816200 81.858353 72.009071 91.570274 113.957893 125.957214 119.527321 101.483650 82.314415 60.437469 70.487816 83.113510 91.774368 91.585251 83.786781 73.056244 53.704975 57.145954 62.397369 67.227165 68.711792 66.229713 61.652622,
 2.860596 3.698994 4.201825 4.174969 3.570844 2.582398 1.539006 2.758573 3.704343 4.363571 4.470410 3.921960 2.922636 1.867029 2.609968 4.387515 6.023629 6.722712 6.019954 4.381235 2.665844 2.993187 5.376410 7.765918 8.850733 7.765918 5.376410 2.993187 2.665844 4.381235 6.019954 6.722712 6.023629 4.387515 2.609968 1.867029 2.922636 3.921960 4.470410 4.363571 3.704343 2.758573 1.539006 2.582398 3.570844 4.174969 4.201825 3.698994 2.860596,
 4.697550 6.694670 8.763838 10.235493 10.527662 9.776621 8.714898 9.901614 14.200996 17.980942 19.270334 17.858665 14.933781 11.729270 13.780805 20.971786 27.961752 30.031216 26.038492 19.823280 14.023173 15.077715 22.862713 31.510826 35.871384 31.510826 22.862713 15.077715 14.023173 19.823280 26.038492 30.031216 27.961752 20.971786 13.780805 11.729270 14.933781 17.858665 19.270334 17.980942 14.200996 9.901614 8.714898 9.776621 10.527662 10.235493 8.763838 6.694670 4.697550,
 41.135422 51.703468 57.941528 56.027351 44.161850 28.045418 14.301989 57.827644 77.829147 94.855942 96.989182 78.092346 51.053638 29.564079 65.011574 94.672745 126.408012 137.772552 114.038612 76.248550 46.679832 60.506248 94.157036 135.149506 156.546173 135.149506 94.157036 60.506248 46.679832 76.248550 114.038612 137.772552 126.408012 94.672745 65.011574 29.564079 51.053638 78.092346 96.989182 94.855942 77.829147 57.827644 14.301989 28.045418 44.161850 56.027351 57.941528 51.703468 41.135422,
 19.810541 22.466873 22.714962 20.700523 17.116096 12.636719 8.716581 24.617739 30.555841 34.285706 34.603916 30.407393 22.703032 15.130507 27.106192 37.036896 46.491295 51.076889 46.027992 34.006454 22.135912 26.435909 39.318317 53.024685 59.665195 53.024685 39.318317 26.435909 22.135912 34.006454 46.027992 51.076889 46.491295 37.036896 27.106192 15.130507 22.703032 30.407393 34.603916 34.285706 30.555841 24.617739 8.716581 12.636719 17.116096 20.700523 22.714962 22.466873 19.810541,
 -0.412122 1.002357 2.275126 2.885937 2.524234 1.245596 -0.512756 0.587721 2.236927 3.785890 4.540322 4.097905 2.562567 0.499818 1.860623 4.148857 6.250364 7.148277 6.272548 4.079693 1.563800 2.281592 5.077837 7.711638 8.858069 7.711638 5.077837 2.281592 1.563800 4.079693 6.272548 7.148277 6.250364 4.148857 1.860623 0.499818 2.562567 4.097905 4.540322 3.785890 2.236927 0.587721 -0.512756 1.245596 2.524234 2.885937 2.275126 1.002357 -0.412122,
 -0.106726 1.358255 2.782690 4.714683 6.028089 5.011426 1.851321 -0.341610 2.860409 6.424394 9.526611 10.357841 7.661356 2.992344 0.812169 6.389951 13.041819 16.948282 15.279831 9.683738 3.540480 2.650331 9.426184 17.219225 21.159798 17.219225 9.426184 2.650331 3.540480 9.683738 15.279831 16.948282 13.041819 6.389951 0.812169 2.992344 7.661356 10.357841 9.526611 6.424394 2.860409 -0.341610 1.851321 5.011426 6.028089 4.714683 2.782690 1.358255 -0.106726,
 -6.435450 -0.396965 3.959176 5.706123 4.980253 2.019163 -2.114382 -0.363638 9.883986 19.763767 25.224152 23.937332 17.223709 9.354655 8.962059 24.970478 41.996323 51.037884 46.628876 32.869091 18.765348 17.941740 36.189323 55.523785 64.294456 55.523785 36.189323 17.941740 18.765348 32.869091 46.628876 51.037884 41.996323 24.970478 8.962059 9.354655 17.223709 23.937332 25.224152 19.763767 9.883986 -0.363638 -2.114382 2.019163 4.980253 5.706123 3.959176 -0.396965 -6.435450,
 0.797121 4.725937 5.834980 5.300563 3.988198 1.210063 -1.943702 -0.360731 4.305695 8.247567 10.126123 7.516763 1.661759 -2.889318 -1.613989 4.060657 11.798920 16.456802 11.836300 2.623165 -3.407687 -2.855768 3.567541 13.850537 19.887239 13.850537 3.567541 -2.855768 -3.407687 2.623165 11.836300 16.456802 11.798920 4.060657 -1.613989 -2.889318 1.661759 7.516763 10.126123 8.247567 4.305695 -0.360731 -1.943702 1.210063 3.988198 5.300563 5.834980 4.725937 0.797121,

Pairwise cross-correlations of the modulus of all oriented sub-bands at the same scale (size QxQ)
 18.776628 16.008707 16.506874 27.508892,
 16.008707 145.919083 155.405151 25.416348,
 16.506874 155.405151 498.806030 239.688797,
 27.508892 25.416348 239.688797 251.183075,
 12.821495 10.023608 11.818270 15.726351,
 10.023608 76.377510 88.058228 16.784786,
 11.818270 88.058228 304.795959 136.194275,
 15.726351 16.784786 136.194275 144.305710,
 8.850733 3.918383 3.221109 8.773219,
 3.918383 35.871387 45.735725 8.886108,
 3.221109 45.735725 156.546173 59.557827,
 8.773219 8.886108 59.557827 59.665207,
 8.858068 0.970939 -0.682657 4.226054,
 0.970939 21.159801 24.332945 3.705115,
 -0.682657 24.332945 64.294464 21.388371,
 4.226054 3.705115 21.388371 19.887239,

Cross-correlations of the modulus of all oriented sub-bands with all oriented sub-bands at the coarser scale (size QxQ)
 9.652796 8.832290 7.531224 15.454777,
 10.435873 43.432255 25.364304 0.530523,
 15.878833 51.179478 102.311111 58.147915,
 18.923365 16.100471 64.988518 79.245789,
 6.254213 3.273873 6.042309 8.348864,
 7.366198 17.177483 17.273836 1.284311,
 8.381144 16.932249 54.369427 26.438244,
 8.320341 0.853730 28.472717 36.658096,
 5.515597 -0.592399 -0.460356 4.070251,
 0.110224 1.605638 4.081447 4.170268,
 -1.687899 -3.028688 5.437013 12.006678,
 5.159060 -6.025602 -4.624144 7.316597,

Cross-correlations of the real part of each oriented sub-band with both the real and imaginary part of all phase-doubled oriented sub-bands at the next coarser scale (Q matrices of size 1x2Q, which are computed and stored in a matrix of size Qx2Q)
 -1.712011 -3.138461 -2.118986 -3.964287 0.879213 0.406623 0.248044 -0.406175,
 -1.947183 -29.962658 -17.066658 -5.299329 0.213746 6.720119 8.833693 -0.323525,
 -3.505597 -33.598812 -51.542946 -37.209663 0.091883 7.417562 8.589532 -10.515760,
 -4.460103 -5.735454 -29.525162 -34.334671 0.479704 0.347337 -2.479570 -9.298669,
 -0.635929 -0.796731 -0.569446 -2.353652 0.823895 0.508819 0.163819 -0.509608,
 -0.360314 -10.315571 -9.357972 -0.196604 0.225600 4.189058 -7.755519 -4.180434,
 -0.563992 -16.364450 -24.960087 -13.192299 0.052528 -1.160394 -37.112640 -16.205620,
 -1.204985 -3.557865 -12.051342 -16.563398 0.561959 -2.798865 -17.652899 -9.404277,
 0.087298 -0.880346 0.189236 -0.587692 0.723784 0.805546 0.285823 0.476461,
 -0.237064 0.809447 5.875915 -1.941253 0.398091 4.422135 4.840300 0.125907,
 -0.171788 4.770958 4.607011 -1.643794 0.269999 3.331873 8.226898 5.562608,
 -0.078971 0.534648 -0.791306 1.120433 0.291341 -0.031366 2.607575 6.549354,
