Low-band skewness and kurtosis
 -0.614420 2.133852,
 -0.471288 2.003470,
 -0.323425 1.778300,
 -0.208426 1.636890,
 -0.169103 1.605012,

High-band variance
 891.397278,

Skewness, kurtosis, variance, mean, maximum and minimum of the reconstructed texture
 -0.729485 2.021955 6015.494629 190.304688 255.000000 2.000000,

Auto-correlations of the low-frequency bands at each scale
 2131.529541 2049.777832 2000.479492 1983.861816 1998.393799 2045.859009 2116.284424 2502.946533 2276.073975 2078.376221 1982.155884 2009.896973 2130.304443 2273.136963 3571.169434 3625.734131 3655.047607 3635.366455 3542.435303 3402.952393 3256.134766 4109.561523 4485.800781 4814.784180 4951.497070 4814.784180 4485.800781 4109.561523 3256.134766 3402.952393 3542.435303 3635.366455 3655.047607 3625.734131 3571.169434 2273.136963 2130.304443 2009.896973 1982.155884 2078.376221 2276.073975 2502.946533 2116.284424 2045.859009 1998.393799 1983.861816 2000.479492 2049.777832 2131.529541,
 2079.833008 2031.123657 2005.965088 2004.641479 2025.660400 2067.369141 2120.024902 2251.513672 2111.571777 1988.468018 1926.477661 1942.020508 2026.483521 2142.896484 2878.169922 2915.749023 2926.613770 2895.750732 2808.722168 2699.202148 2606.342773 3154.967041 3411.223633 3636.766602 3732.085938 3636.766602 3411.223633 3154.967041 2606.342773 2699.202148 2808.722168 2895.750732 2926.613770 2915.749023 2878.169922 2142.896484 2026.483521 1942.020508 1926.477661 1988.468018 2111.571777 2251.513672 2120.024902 2067.369141 2025.660400 2004.641479 2005.965088 2031.123657 2079.833008,
 1915.598999 1870.866211 1836.060791 1816.121338 1809.414795 1807.809326 1804.412964 2139.669434 2044.277832 1951.891357 1902.117310 1912.788818 1971.037109 2036.767578 2439.858154 2481.952637 2505.616699 2494.486084 2447.294922 2398.190430 2370.990479 2592.834961 2744.301758 2894.549805 2961.071045 2894.549805 2744.301758 2592.834961 2370.990479 2398.190430 2447.294922 2494.486084 2505.616699 2481.952637 2439.858154 2036.767578 1971.037109 1912.788818 1902.117310 1951.891357 2044.277832 2139.669434 1804.412964 1807.809326 1809.414795 1816.121338 1836.060791 1870.866211 1915.598999,
 903.115173 883.768860 865.982422 846.524048 823.857910 804.951843 793.947449 1662.750366 1632.885498 1588.297485 1548.604492 1527.307739 1530.135498 1543.650024 2186.328369 2215.222900 2223.994385 2205.097412 2161.926514 2120.618896 2095.292725 2356.017090 2433.027100 2510.487549 2545.595215 2510.487549 2433.027100 2356.017090 2095.292725 2120.618896 2161.926514 2205.097412 2223.994385 2215.222900 2186.328369 1543.650024 1530.135498 1527.307739 1548.604492 1588.297485 1632.885498 1662.750366 793.947449 804.951843 823.857910 846.524048 865.982422 883.768860 903.115173,
 -1600.065063 -1613.937500 -1630.364502 -1639.611450 -1623.004883 -1591.212402 -1575.579956 18.666676 1.856297 -33.250053 -75.046501 -89.876930 -60.244247 -12.952630 1619.853149 1657.717651 1672.970947 1643.305786 1585.384277 1547.176392 1550.806030 2240.951660 2298.606934 2370.389648 2404.593750 2370.389648 2298.606934 2240.951660 1550.806030 1547.176392 1585.384277 1643.305786 1672.970947 1657.717651 1619.853149 -12.952630 -60.244247 -89.876930 -75.046501 -33.250053 1.856297 18.666676 -1575.579956 -1591.212402 -1623.004883 -1639.611450 -1630.364502 -1613.937500 -1600.065063,

Auto-correlations of the modulus of each oriented sub-band
 5.945357 6.910454 7.758940 8.125639 7.832931 7.026434 6.071964 6.762387 7.937121 8.853843 9.166443 8.776731 7.858452 6.722881 7.517423 9.340403 10.952835 11.615893 10.969097 9.359522 7.528856 8.004400 10.548508 13.224831 14.464582 13.224831 10.548508 8.004400 7.528856 9.359522 10.969097 11.615893 10.952835 9.340403 7.517423 6.722881 7.858452 8.776731 9.166443 8.853843 7.937121 6.762387 6.071964 7.026434 7.832931 8.125639 7.758940 6.910454 5.945357,
 64.537117 70.105225 76.975624 83.135452 86.711784 87.833908 87.694969 78.793129 90.246399 103.451920 111.957306 112.124420 107.036148 100.699028 95.844154 113.689957 134.351807 145.243637 138.734741 123.650009 109.434868 108.068115 127.468140 150.019470 161.550934 150.019470 127.468140 108.068115 109.434868 123.650009 138.734741 145.243637 134.351807 113.689957 95.844154 100.699028 107.036148 112.124420 111.957306 103.451920 90.246399 78.793129 87.694969 87.833908 86.711784 83.135452 76.975624 70.105225 64.537117,
 250.860519 259.904541 268.116089 271.487915 267.808716 259.116333 248.057083 300.639526 333.638306 368.071198 382.940247 366.646576 331.848938 297.303589 348.598358 410.445251 478.379761 509.538086 476.917847 408.991272 346.659698 368.727783 444.172546 528.784851 569.890808 528.784851 444.172546 368.727783 346.659698 408.991272 476.917847 509.538086 478.379761 410.445251 348.598358 297.303589 331.848938 366.646576 382.940247 368.071198 333.638306 300.639526 248.057083 259.116333 267.808716 271.487915 268.116089 259.904541 250.860519,
 100.340149 99.835358 97.371414 93.138443 87.618256 81.741470 76.597626 117.216896 123.038818 126.729149 125.520699 117.315865 104.947113 93.716301 128.490143 143.056992 157.061264 162.201172 151.402390 131.374496 113.258392 127.223267 147.309937 169.142273 179.890564 169.142273 147.309937 127.223267 113.258392 131.374496 151.402390 162.201172 157.061264 143.056992 128.490143 93.716301 104.947113 117.315865 125.520699 126.729149 123.038818 117.216896 76.597626 81.741470 87.618256 93.138443 97.371414 99.835358 100.340149,
 3.227652 3.833692 4.400497 4.712579 4.636041 4.235506 3.721986 4.009019 4.717119 5.379463 5.798563 5.794718 5.335380 4.631988 4.997416 6.348145 7.801655 8.592339 8.141752 6.781155 5.322704 5.512871 7.586540 9.906230 11.021675 9.906230 7.586540 5.512871 5.322704 6.781155 8.141752 8.592339 7.801655 6.348145 4.997416 4.631988 5.335380 5.794718 5.798563 5.379463 4.717119 4.009019 3.721986 4.235506 4.636041 4.712579 4.400497 3.833692 3.227652,
 28.773626 30.614487 33.198002 35.516991 36.551289 35.960449 34.493729 35.014282 41.519741 48.954613 52.363022 50.658607 46.539463 41.881470 43.015388 54.000095 67.465210 73.174988 66.914673 56.410534 47.647423 48.276649 60.091122 75.523582 83.778923 75.523582 60.091122 48.276649 47.647423 56.410534 66.914673 73.174988 67.465210 54.000095 43.015388 41.881470 46.539463 50.658607 52.363022 48.954613 41.519741 35.014282 34.493729 35.960449 36.551289 35.516991 33.198002 30.614487 28.773626,
 109.494354 124.117683 134.718628 135.921249 126.911980 113.172493 101.772522 138.111237 170.147049 197.547394 205.370544 187.001709 153.636459 122.465302 168.217010 220.159348 269.289459 288.159241 261.054047 206.774216 154.377197 176.138702 237.928558 300.188812 328.534180 300.188812 237.928558 176.138702 154.377197 206.774216 261.054047 288.159241 269.289459 220.159348 168.217010 122.465302 153.636459 187.001709 205.370544 197.547394 170.147049 138.111237 101.772522 113.172493 126.911980 135.921249 134.718628 124.117683 109.494354,
 54.249451 56.404556 57.186516 55.855797 51.714844 45.210052 38.280380 68.688225 74.737000 79.158783 80.196274 75.406128 65.185440 53.658504 80.199577 92.077377 103.369156 109.109894 102.968124 87.591202 71.230080 81.816742 98.597054 115.539444 123.631149 115.539444 98.597054 81.816742 71.230080 87.591202 102.968124 109.109894 103.369156 92.077377 80.199577 53.658504 65.185440 75.406128 80.196274 79.158783 74.737000 68.688225 38.280380 45.210052 51.714844 55.855797 57.186516 56.404556 54.249451,
 1.802128 2.165211 2.408154 2.407518 2.182634 1.905152 1.710227 2.335855 2.617305 2.820613 2.871261 2.764168 2.568183 2.372885 3.087884 3.708271 4.425397 4.762600 4.384679 3.586022 2.885290 3.341408 4.555449 6.069088 6.826936 6.069088 4.555449 3.341408 2.885290 3.586022 4.384679 4.762600 4.425397 3.708271 3.087884 2.372885 2.568183 2.764168 2.871261 2.820613 2.617305 2.335855 1.710227 1.905152 2.182634 2.407518 2.408154 2.165211 1.802128,
 14.522408 18.797358 22.991613 25.763859 25.534353 21.476088 14.898259 18.971987 25.679773 31.963715 34.837097 33.149979 27.631346 19.967085 22.595928 32.323139 42.090160 45.832657 41.225384 32.349415 23.176701 24.030695 34.653175 46.029778 51.549541 46.029778 34.653175 24.030695 23.176701 32.349415 41.225384 45.832657 42.090160 32.323139 22.595928 19.967085 27.631346 33.149979 34.837097 31.963715 25.679773 18.971987 14.898259 21.476088 25.534353 25.763859 22.991613 18.797358 14.522408,
 32.009468 39.043060 46.207188 47.510868 41.961483 35.958244 33.292374 51.170494 66.074768 81.524376 86.065277 75.677315 61.131069 51.098679 69.161827 93.964691 120.966110 131.734787 115.945389 89.288757 67.678993 75.976257 104.709808 137.868164 154.582047 137.868164 104.709808 75.976257 67.678993 89.288757 115.945389 131.734787 120.966110 93.964691 69.161827 51.098679 61.131069 75.677315 86.065277 81.524376 66.074768 51.170494 33.292374 35.958244 41.961483 47.510868 46.207188 39.043060 32.009468,
 28.632473 28.147564 26.119678 22.873905 18.910919 14.791600 11.432694 38.781185 40.752075 41.572842 40.525372 36.218212 28.991058 21.781452 44.653652 51.260643 58.070099 61.338760 56.376801 45.331642 34.344700 43.242912 54.214886 66.060059 71.840752 66.060059 54.214886 43.242912 34.344700 45.331642 56.376801 61.338760 58.070099 51.260643 44.653652 21.781452 28.991058 36.218212 40.525372 41.572842 40.752075 38.781185 11.432694 14.791600 18.910919 22.873905 26.119678 28.147564 28.632473,
 0.573182 0.480853 0.477556 0.557237 0.490591 0.140204 -0.326299 0.849226 0.978598 1.198189 1.358917 1.186536 0.629803 -0.040811 1.004004 1.516596 2.191363 2.618866 2.295027 1.326426 0.373562 0.879840 1.833452 3.026200 3.628600 3.026200 1.833452 0.879840 0.373562 1.326426 2.295027 2.618866 2.191363 1.516596 1.004004 -0.040811 0.629803 1.186536 1.358917 1.198189 0.978598 0.849226 -0.326299 0.140204 0.490591 0.557237 0.477556 0.480853 0.573182,
 1.243953 1.212719 1.958310 3.146701 3.490090 2.807942 2.103063 2.406398 3.648037 5.537503 6.813753 6.273736 4.492558 3.251155 2.896796 5.412964 9.078023 10.790695 8.806260 5.503254 3.531886 3.213370 5.903500 10.294886 12.818470 10.294886 5.903500 3.213370 3.531886 5.503254 8.806260 10.790695 9.078023 5.412964 2.896796 3.251155 4.492558 6.273736 6.813753 5.537503 3.648037 2.406398 2.103063 2.807942 3.490090 3.146701 1.958310 1.212719 1.243953,
 1.279912 -0.921607 -0.228543 1.552919 1.753339 0.477911 -0.198096 -2.381425 1.999302 11.306595 17.670025 14.740047 5.885655 -1.028588 -4.662066 5.937977 23.021061 32.979851 25.561222 9.002600 -3.112857 -4.789918 8.847387 28.947041 39.529377 28.947041 8.847387 -4.789918 -3.112857 9.002600 25.561222 32.979851 23.021061 5.937977 -4.662066 -1.028588 5.885655 14.740047 17.670025 11.306595 1.999302 -2.381425 -0.198096 0.477911 1.753339 1.552919 -0.228543 -0.921607 1.279912,
 2.146686 0.051036 -0.955551 -0.807083 -0.823269 -2.054597 -3.369448 3.953971 4.555654 5.834185 6.943573 5.874233 2.216035 -1.526744 5.506462 9.242687 13.650411 16.384638 14.167401 8.160126 2.428068 5.353361 11.217636 17.820061 21.130062 17.820061 11.217636 5.353361 2.428068 8.160126 14.167401 16.384638 13.650411 9.242687 5.506462 -1.526744 2.216035 5.874233 6.943573 5.834185 4.555654 3.953971 -3.369448 -2.054597 -0.823269 -0.807083 -0.955551 0.051036 2.146686,

Pairwise cross-correlations of the modulus of all oriented sub-bands at the same scale (size QxQ)
 14.464582 20.365610 24.698889 18.736076,
 20.365610 161.550949 211.430908 57.259518,
 24.698889 211.430908 569.890808 244.063477,
 18.736076 57.259518 244.063477 179.890564,
 11.021677 11.462786 17.840565 12.636305,
 11.462786 83.778915 109.568550 25.017466,
 17.840565 109.568550 328.534210 151.000809,
 12.636305 25.017466 151.000809 123.631165,
 6.826937 6.782822 10.007207 8.381715,
 6.782822 51.549549 55.962872 7.238881,
 10.007207 55.962872 154.582062 65.988098,
 8.381715 7.238881 65.988098 71.840759,
 3.628600 1.382632 1.264364 2.516007,
 1.382632 12.818470 12.928450 2.886641,
 1.264364 12.928450 39.529373 17.690193,
 2.516007 2.886641 17.690193 21.130064,

Cross-correlations of the modulus of all oriented sub-bands with all oriented sub-bands at the coarser scale (size QxQ)
 8.669275 10.967711 15.360025 12.016104,
 16.290281 62.156879 70.017815 17.121559,
 25.509100 86.071854 189.454376 95.661896,
 16.104475 30.140087 103.548271 78.697693,
 5.471953 7.761821 8.021425 7.294156,
 8.503845 26.984737 28.223289 1.951969,
 17.918020 32.622627 75.288887 42.656860,
 12.138590 8.552073 42.431946 45.985855,
 2.361314 3.425313 4.144974 2.785595,
 3.214206 10.418235 14.105512 -2.906667,
 5.796278 11.132876 26.863079 8.781136,
 3.104371 3.055907 12.737526 17.377193,

Cross-correlations of the real part of each oriented sub-band with both the real and imaginary part of all phase-doubled oriented sub-bands at the next coarser scale (Q matrices of size 1x2Q, which are computed and stored in a matrix of size Qx2Q)
 -1.483147 -3.740044 -2.157467 -1.901810 1.321002 0.339845 0.396421 0.274253,
 -2.789417 -34.001144 -20.768448 -5.135144 0.576320 6.370551 6.634637 1.314187,
 -2.507850 -35.024990 -40.737926 -25.114967 0.013756 11.728160 23.354626 8.021236,
 -1.729189 -4.241321 -17.942141 -19.106028 0.434733 3.397224 12.231860 5.849542,
 -0.388533 -1.132223 -2.468273 -4.007604 0.818843 0.612976 0.466970 -0.664473,
 -1.033829 -7.642927 -8.692507 -1.359941 0.270006 2.881164 -2.252515 -0.129624,
 -2.844393 -5.887191 -23.412682 -24.381695 -0.183009 1.117249 -1.910914 -0.837372,
 -2.753247 0.176623 -18.092222 -30.990885 0.407903 0.239739 3.423147 -2.270330,
 -0.424880 -0.674812 -0.957330 -2.931726 0.829180 -0.173706 -0.305418 -0.513591,
 -0.160677 -10.728305 -12.540794 -2.681240 -0.091130 -2.052442 0.784246 -0.755810,
 -1.490589 -14.418717 -32.887939 -21.883070 -0.592966 -0.871753 -3.501916 -6.777911,
 -1.939938 -2.558708 -14.789138 -23.372654 0.274486 0.579956 -5.216309 -5.893843,
