Low-band skewness and kurtosis
 -0.706599 2.273636,
 -0.610147 2.242895,
 -0.420372 1.773124,
 -0.295943 1.483679,
 -0.317904 1.587939,

High-band variance
 851.718323,

Skewness, kurtosis, variance, mean, maximum and minimum of the reconstructed texture
 -0.787702 2.091632 6199.578125 191.470703 255.000000 3.000000,

Auto-correlations of the low-frequency bands at each scale
 2404.741943 2307.838379 2212.305176 2127.474365 2062.576660 2032.147949 2048.780029 2260.470703 2111.782227 2009.008301 2002.600464 2115.491699 2332.599609 2596.652832 3154.003906 3340.549561 3553.306885 3744.677979 3875.763916 3951.065674 3974.864746 4347.982422 4727.985352 5041.937500 5168.866211 5041.937500 4727.985352 4347.982422 3974.864746 3951.065674 3875.763916 3744.677979 3553.306885 3340.549561 3154.003906 2596.652832 2332.599609 2115.491699 2002.600464 2009.008301 2111.782227 2260.470703 2048.780029 2032.147949 2062.576660 2127.474365 2212.305176 2307.838379 2404.741943,
 2333.656250 2295.942871 2260.501709 2226.521973 2196.579346 2179.014648 2181.586426 2332.484619 2233.459229 2151.150635 2112.384766 2131.170166 2210.224854 2324.424561 2759.664307 2840.152344 2939.313232 3023.528320 3060.839111 3066.279785 3055.268311 3345.910889 3562.132324 3754.234619 3836.311035 3754.234619 3562.132324 3345.910889 3055.268311 3066.279785 3060.839111 3023.528320 2939.313232 2840.152344 2759.664307 2324.424561 2210.224854 2131.170166 2112.384766 2151.150635 2233.459229 2332.484619 2181.586426 2179.014648 2196.579346 2226.521973 2260.501709 2295.942871 2333.656250,
 1916.596069 1910.816284 1908.045532 1908.783569 1910.245483 1911.154419 1910.624878 2216.781250 2163.294189 2114.668213 2088.237061 2091.991943 2130.077881 2190.011719 2571.611572 2598.121582 2637.791992 2662.864014 2649.251953 2621.074707 2602.610596 2802.190918 2917.404541 3036.740234 3092.197266 3036.740234 2917.404541 2802.190918 2602.610596 2621.074707 2649.251953 2662.864014 2637.791992 2598.121582 2571.611572 2190.011719 2130.077881 2091.991943 2088.237061 2114.668213 2163.294189 2216.781250 1910.624878 1911.154419 1910.245483 1908.783569 1908.045532 1910.816284 1916.596069,
 760.618347 772.115234 792.508606 811.344971 816.559875 812.160400 810.980774 1535.365723 1536.709229 1550.143311 1567.022705 1573.892822 1575.851562 1582.003906 2257.261963 2288.257812 2324.541748 2345.607666 2333.646240 2307.849121 2289.614014 2593.510010 2647.585938 2706.437500 2735.069092 2706.437500 2647.585938 2593.510010 2289.614014 2307.849121 2333.646240 2345.607666 2324.541748 2288.257812 2257.261963 1582.003906 1575.851562 1573.892822 1567.022705 1550.143311 1536.709229 1535.365723 810.980774 812.160400 816.559875 811.344971 792.508606 772.115234 760.618347,
 -1645.902344 -1673.258667 -1699.477539 -1701.961426 -1673.948242 -1638.089233 -1621.861572 -120.587730 -138.349762 -130.860245 -103.426163 -76.574173 -62.971340 -68.516884 1609.131348 1620.324829 1666.205933 1710.170654 1712.292603 1684.454712 1653.559814 2409.389160 2447.759277 2507.375488 2539.465088 2507.375488 2447.759277 2409.389160 1653.559814 1684.454712 1712.292603 1710.170654 1666.205933 1620.324829 1609.131348 -68.516884 -62.971340 -76.574173 -103.426163 -130.860245 -138.349762 -120.587730 -1621.861572 -1638.089233 -1673.948242 -1701.961426 -1699.477539 -1673.258667 -1645.902344,

Auto-correlations of the modulus of each oriented sub-band
 4.861675 5.694905 6.403273 6.618718 6.195814 5.336778 4.372389 5.322011 6.346437 7.266125 7.704394 7.344015 6.300997 5.111518 6.254402 8.077137 9.567563 10.058942 9.402423 7.982134 6.305127 6.809337 9.127586 11.541689 12.659985 11.541689 9.127586 6.809337 6.305127 7.982134 9.402423 10.058942 9.567563 8.077137 6.254402 5.111518 6.300997 7.344015 7.704394 7.266125 6.346437 5.322011 4.372389 5.336778 6.195814 6.618718 6.403273 5.694905 4.861675,
 94.380341 99.755966 106.698502 114.048103 120.291840 124.947906 127.876251 115.968330 128.090775 141.586868 152.300461 157.258347 157.216080 153.850357 144.067703 163.533081 183.454849 195.300690 193.775650 183.258606 169.756271 166.055008 186.897461 206.832062 215.940399 206.832062 186.897461 166.055008 169.756271 183.258606 193.775650 195.300690 183.454849 163.533081 144.067703 153.850357 157.216080 157.258347 152.300461 141.586868 128.090775 115.968330 127.876251 124.947906 120.291840 114.048103 106.698502 99.755966 94.380341,
 310.447205 322.780334 335.931335 343.572571 341.745239 334.305298 327.048462 371.397186 406.232758 442.073486 459.140320 445.809753 415.146759 385.631622 431.775574 495.272949 561.241943 591.597717 562.231934 499.194580 439.244995 459.744751 535.930786 616.689819 654.917358 616.689819 535.930786 459.744751 439.244995 499.194580 562.231934 591.597717 561.241943 495.272949 431.775574 385.631622 415.146759 445.809753 459.140320 442.073486 406.232758 371.397186 327.048462 334.305298 341.745239 343.572571 335.931335 322.780334 310.447205,
 69.112633 68.039352 66.488770 63.522705 58.342941 52.990356 49.570694 81.717430 84.822083 88.465851 88.747032 81.226425 70.174667 61.886147 89.621201 99.001610 111.595436 118.120018 107.960930 90.180244 76.875854 87.952110 102.039215 121.425735 132.460617 121.425735 102.039215 87.952110 76.875854 90.180244 107.960930 118.120018 111.595436 99.001610 89.621201 61.886147 70.174667 81.226425 88.747032 88.465851 84.822083 81.717430 49.570694 52.990356 58.342941 63.522705 66.488770 68.039352 69.112633,
 4.031017 4.832109 5.461344 5.634211 5.251574 4.513649 3.742596 4.529925 5.573759 6.467617 6.806787 6.419672 5.513654 4.483474 5.240878 6.911573 8.542103 9.240908 8.539646 6.925166 5.248145 5.710213 7.945312 10.272131 11.345266 10.272131 7.945312 5.710213 5.248145 6.925166 8.539646 9.240908 8.542103 6.911573 5.240878 4.483474 5.513654 6.419672 6.806787 6.467617 5.573759 4.529925 3.742596 4.513649 5.251574 5.634211 5.461344 4.832109 4.031017,
 38.174202 41.627632 45.193192 47.963902 49.355011 49.136856 47.781158 46.837631 54.123695 61.850994 66.362350 66.737984 64.325150 60.327164 59.951797 71.976761 85.062897 91.301712 87.490570 78.872345 69.930832 69.938660 82.946892 97.349533 104.511612 97.349533 82.946892 69.938660 69.930832 78.872345 87.490570 91.301712 85.062897 71.976761 59.951797 60.327164 64.325150 66.737984 66.362350 61.850994 54.123695 46.837631 47.781158 49.136856 49.355011 47.963902 45.193192 41.627632 38.174202,
 124.470802 135.342819 143.583481 146.260376 140.973282 129.873428 119.031303 152.486420 178.417816 203.702560 217.005264 209.093033 185.302460 159.839966 187.404175 231.046265 275.988098 299.131226 283.359680 241.354553 198.243896 209.674957 261.614380 314.809357 339.260925 314.809357 261.614380 209.674957 198.243896 241.354553 283.359680 299.131226 275.988098 231.046265 187.404175 159.839966 185.302460 209.093033 217.005264 203.702560 178.417816 152.486420 119.031303 129.873428 140.973282 146.260376 143.583481 135.342819 124.470802,
 33.095798 33.822159 33.505051 31.806715 28.371765 23.519970 19.191175 40.562534 44.337601 47.585979 48.987816 45.438969 37.120430 28.953228 44.878307 52.721077 61.876114 67.859856 62.831398 49.878517 38.350735 44.192581 55.545799 69.534332 77.160538 69.534332 55.545799 44.192581 38.350735 49.878517 62.831398 67.859856 61.876114 52.721077 44.878307 28.953228 37.120430 45.438969 48.987816 47.585979 44.337601 40.562534 19.191175 23.519970 28.371765 31.806715 33.505051 33.822159 33.095798,
 2.252923 2.723616 3.066585 3.232625 3.208360 3.035713 2.804937 3.441987 4.054692 4.574059 4.838467 4.733505 4.307325 3.758495 5.045794 6.412849 7.765038 8.383801 7.855427 6.538429 5.143771 5.969127 8.038288 10.136578 11.074345 10.136578 8.038288 5.969127 5.143771 6.538429 7.855427 8.383801 7.765038 6.412849 5.045794 3.758495 4.307325 4.733505 4.838467 4.574059 4.054692 3.441987 2.804937 3.035713 3.208360 3.232625 3.066585 2.723616 2.252923,
 7.423291 9.919214 12.669452 14.534045 15.646091 15.992323 14.406314 12.005583 16.893997 21.955444 24.237602 23.651112 22.157131 19.343336 17.082870 24.724661 33.143997 36.509995 32.787506 26.985498 21.790775 20.726049 28.512676 37.959702 42.983154 37.959702 28.512676 20.726049 21.790775 26.985498 32.787506 36.509995 33.143997 24.724661 17.082870 19.343336 22.157131 23.651112 24.237602 21.955444 16.893997 12.005583 14.406314 15.992323 15.646091 14.534045 12.669452 9.919214 7.423291,
 16.125423 19.738224 28.673229 36.654320 38.290768 35.781780 33.346458 26.879631 36.983212 55.188614 68.577400 66.524971 54.599422 43.502365 40.428715 60.166698 89.529457 107.408356 97.483665 72.019310 50.814159 50.205231 75.397202 108.964409 126.236191 108.964409 75.397202 50.205231 50.814159 72.019310 97.483665 107.408356 89.529457 60.166698 40.428715 43.502365 54.599422 66.524971 68.577400 55.188614 36.983212 26.879631 33.346458 35.781780 38.290768 36.654320 28.673229 19.738224 16.125423,
 12.781536 14.258628 14.991343 14.469672 13.326927 12.322263 11.823975 18.760727 20.722952 22.457981 23.913143 23.462627 20.800653 17.661564 23.153107 26.705967 32.278606 37.021278 35.398335 28.535789 22.144608 24.059719 30.260931 39.051502 44.011772 39.051502 30.260931 24.059719 22.144608 28.535789 35.398335 37.021278 32.278606 26.705967 23.153107 17.661564 20.800653 23.462627 23.913143 22.457981 20.722952 18.760727 11.823975 12.322263 13.326927 14.469672 14.991343 14.258628 12.781536,
 0.395306 1.396504 2.425421 2.976527 2.727064 1.934961 1.136988 0.971630 2.169821 3.423373 4.103344 3.778697 2.740263 1.661377 1.731971 3.208386 4.830578 5.695056 5.168385 3.702604 2.248597 2.401332 4.115399 5.968129 6.844206 5.968129 4.115399 2.401332 2.248597 3.702604 5.168385 5.695056 4.830578 3.208386 1.731971 1.661377 2.740263 3.778697 4.103344 3.423373 2.169821 0.971630 1.136988 1.934961 2.727064 2.976527 2.425421 1.396504 0.395306,
 -0.191983 0.038780 -0.180795 0.284952 1.626139 2.529082 1.996213 -0.108955 1.716539 3.362018 3.537167 3.350665 3.733717 3.515224 0.783557 3.322134 7.375021 8.712718 6.298365 4.317160 3.642161 2.395095 4.261615 8.621288 11.652935 8.621288 4.261615 2.395095 3.642161 4.317160 6.298365 8.712718 7.375021 3.322134 0.783557 3.515224 3.733717 3.350665 3.537167 3.362018 1.716539 -0.108955 1.996213 2.529082 1.626139 0.284952 -0.180795 0.038780 -0.191983,
 7.303549 9.809761 8.583830 4.335664 -0.088878 -2.685001 -3.496597 9.050159 15.886808 20.240486 18.983311 13.413399 7.358549 3.213027 11.652676 22.563570 32.964283 35.963486 29.625896 19.081446 9.997381 12.954176 25.135378 38.169189 44.140736 38.169189 25.135378 12.954176 9.997381 19.081446 29.625896 35.963486 32.964283 22.563570 11.652676 3.213027 7.358549 13.413399 18.983311 20.240486 15.886808 9.050159 -3.496597 -2.685001 -0.088878 4.335664 8.583830 9.809761 7.303549,
 -0.180913 1.992831 2.512459 1.727954 1.021036 0.563043 0.218350 0.801028 3.579319 5.528728 6.199135 5.147011 2.576133 0.024932 1.055487 5.058833 9.597060 12.309029 10.347936 5.061844 0.371910 0.790522 5.938809 12.335361 15.699575 12.335361 5.938809 0.790522 0.371910 5.061844 10.347936 12.309029 9.597060 5.058833 1.055487 0.024932 2.576133 5.147011 6.199135 5.528728 3.579319 0.801028 0.218350 0.563043 1.021036 1.727954 2.512459 1.992831 -0.180913,

Pairwise cross-correlations of the modulus of all oriented sub-bands at the same scale (size QxQ)
 12.659984 17.562138 24.519886 17.083342,
 17.562138 215.940384 309.305511 63.047676,
 24.519886 309.305511 654.917419 202.574677,
 17.083342 63.047676 202.574677 132.460617,
 11.345266 11.402203 17.315922 11.225470,
 11.402203 104.511620 145.212067 29.020012,
 17.315922 145.212067 339.260925 111.564156,
 11.225470 29.020012 111.564156 77.160538,
 11.074345 10.418464 10.192621 9.739833,
 10.418464 42.983154 48.727123 16.548988,
 10.192621 48.727123 126.236198 49.877441,
 9.739833 16.548988 49.877441 44.011772,
 6.844205 2.719123 4.060748 2.350053,
 2.719123 11.652937 12.644844 1.556175,
 4.060748 12.644844 44.140736 17.388544,
 2.350053 1.556175 17.388544 15.699576,

Cross-correlations of the modulus of all oriented sub-bands with all oriented sub-bands at the coarser scale (size QxQ)
 8.191007 10.685634 14.930515 10.070271,
 15.952568 76.793320 99.301758 21.665215,
 27.058455 108.649712 193.989120 69.599380,
 14.659826 28.406155 75.969284 50.265759,
 7.246259 10.145697 8.691490 8.791919,
 10.333189 25.187710 29.130842 8.502733,
 16.607834 40.525928 76.539871 31.791100,
 8.736479 17.364843 39.045891 27.154293,
 4.824168 1.830665 4.325469 4.642666,
 7.710890 4.219537 5.338440 4.903390,
 8.003029 5.867972 18.908842 11.216358,
 6.091465 3.207516 11.776621 9.682919,

Cross-correlations of the real part of each oriented sub-band with both the real and imaginary part of all phase-doubled oriented sub-bands at the next coarser scale (Q matrices of size 1x2Q, which are computed and stored in a matrix of size Qx2Q)
 -0.874912 -2.789277 -2.492780 -2.579744 0.635705 0.000990 -0.399849 -0.418684,
 -2.098430 -36.533047 -31.484352 -6.629825 0.185597 -7.422329 -17.276657 -1.845488,
 -3.021902 -42.478786 -53.653702 -30.956787 -0.122620 -12.577253 -33.205559 -4.160430,
 -2.201699 -5.722500 -19.359713 -24.987944 0.189692 -2.641414 -8.692148 -2.007901,
 0.146250 -0.800188 -0.872637 -1.231874 0.549124 -0.245929 -0.258331 -1.068606,
 -0.207665 -16.591164 -30.093700 -5.550177 -0.073606 1.961014 2.643539 0.103400,
 -0.742129 -27.953276 -73.803253 -27.054743 0.013336 6.281438 4.011570 -1.455404,
 -0.581458 -6.460608 -28.346313 -18.987616 0.541940 1.918528 -0.333808 -3.638744,
 -0.898983 -0.823256 -0.405844 -0.424045 -0.238333 0.100256 0.086312 -0.798158,
 -0.307468 -4.284541 -9.116077 -2.940011 -0.332532 10.463442 21.694555 4.233371,
 -0.287151 -5.709163 -31.216515 -16.927319 0.229267 20.364170 54.220116 9.337679,
 -0.766127 -1.915602 -15.637873 -11.380333 0.566414 5.452814 18.304008 -0.035226,
