Low-band skewness and kurtosis
 -0.580413 2.218162,
 -0.446578 2.272151,
 -0.336562 2.042780,
 -0.120768 1.736473,
 -0.128735 1.549467,

High-band variance
 957.060547,

Skewness, kurtosis, variance, mean, maximum and minimum of the reconstructed texture
 -0.711957 2.026066 5743.236328 190.759521 255.000000 3.000000,

Auto-correlations of the low-frequency bands at each scale
 1063.316162 1051.017212 1044.141479 1043.103271 1046.908813 1055.771118 1067.320557 1046.583984 951.447693 881.406738 842.570801 834.551270 858.601135 908.793274 2938.719238 2920.208496 2895.331299 2852.724609 2782.632568 2700.038574 2621.519531 4259.700684 4411.041992 4526.509766 4572.374023 4526.509766 4411.041992 4259.700684 2621.519531 2700.038574 2782.632568 2852.724609 2895.331299 2920.208496 2938.719238 908.793274 858.601135 834.551270 842.570801 881.406738 951.447693 1046.583984 1067.320557 1055.771118 1046.908813 1043.103271 1044.141479 1051.017212 1063.316162,
 969.234436 972.033569 978.305847 988.508423 1000.163391 1011.086548 1020.077820 1052.219482 982.202698 930.916077 906.416016 909.118591 935.820496 978.517029 2106.944824 2090.671875 2069.647217 2034.119873 1977.054810 1913.487183 1859.755005 2795.335693 2907.151367 2999.125488 3037.207764 2999.125488 2907.151367 2795.335693 1859.755005 1913.487183 1977.054810 2034.119873 2069.647217 2090.671875 2106.944824 978.517029 935.820496 909.118591 906.416016 930.916077 982.202698 1052.219482 1020.077820 1011.086548 1000.163391 988.508423 978.305847 972.033569 969.234436,
 735.030518 732.365051 730.703613 731.638306 734.983887 738.742981 740.402344 880.010742 843.805786 817.975281 803.806030 800.460022 809.624146 830.249512 1572.529053 1572.203613 1572.911865 1562.127563 1531.362549 1495.290771 1470.405518 2016.885986 2079.596191 2137.687988 2163.460449 2137.687988 2079.596191 2016.885986 1470.405518 1495.290771 1531.362549 1562.127563 1572.911865 1572.203613 1572.529053 830.249512 809.624146 800.460022 803.806030 817.975281 843.805786 880.010742 740.402344 738.742981 734.983887 731.638306 730.703613 732.365051 735.030518,
 528.926453 528.609558 525.873901 526.310547 529.979248 530.652283 527.704895 830.250366 819.872498 813.687866 814.836121 822.899292 835.327087 848.690186 1213.998901 1211.920654 1215.327393 1213.250854 1197.380127 1181.196533 1175.438110 1486.960205 1512.170532 1544.592407 1561.799194 1544.592407 1512.170532 1486.960205 1175.438110 1181.196533 1197.380127 1213.250854 1215.327393 1211.920654 1213.998901 848.690186 835.327087 822.899292 814.836121 813.687866 819.872498 830.250366 527.704895 530.652283 529.979248 526.310547 525.873901 528.609558 528.926453,
 -918.290527 -919.753235 -925.932373 -932.982910 -934.726196 -930.533752 -924.798584 -0.846809 1.026402 -1.282530 -6.882452 -11.653638 -12.201106 -9.262720 923.204956 929.100586 934.824951 935.336670 928.472290 920.435425 917.245483 1316.497070 1326.104736 1339.620728 1346.561279 1339.620728 1326.104736 1316.497070 917.245483 920.435425 928.472290 935.336670 934.824951 929.100586 923.204956 -9.262720 -12.201106 -11.653638 -6.882452 -1.282530 1.026402 -0.846809 -924.798584 -930.533752 -934.726196 -932.982910 -925.932373 -919.753235 -918.290527,

Auto-correlations of the modulus of each oriented sub-band
 2.928045 4.082420 5.071402 5.467943 5.067231 4.067779 2.890425 3.160437 4.362603 5.398034 5.825025 5.423411 4.394443 3.173369 3.684698 5.163774 6.465775 7.015616 6.514077 5.231472 3.736752 4.072565 5.806901 7.345276 7.980848 7.345276 5.806901 4.072565 3.736752 5.231472 6.514077 7.015616 6.465775 5.163774 3.684698 3.173369 4.394443 5.423411 5.825025 5.398034 4.362603 3.160437 2.890425 4.067779 5.067231 5.467943 5.071402 4.082420 2.928045,
 28.723829 30.215071 31.659256 32.458164 32.533371 32.198437 31.749247 45.977192 50.489555 54.411808 55.690189 54.352329 51.812096 49.104626 64.455666 72.792801 80.726799 83.499763 79.805672 73.202469 66.771446 73.610878 82.953262 92.632469 97.221504 92.632469 82.953262 73.610878 66.771446 73.202469 79.805672 83.499763 80.726799 72.792801 64.455666 49.104626 51.812096 54.352329 55.690189 54.411808 50.489555 45.977192 31.749247 32.198437 32.533371 32.458164 31.659256 30.215071 28.723829,
 234.192215 236.719238 237.274857 234.931244 229.209518 221.537109 213.348221 359.048065 376.056732 386.732635 386.907410 374.888763 354.322296 330.635345 489.607178 529.574158 558.999573 567.473755 550.129456 513.590393 469.128357 541.108521 595.003418 637.823364 654.872559 637.823364 595.003418 541.108521 469.128357 513.590393 550.129456 567.473755 558.999573 529.574158 489.607178 330.635345 354.322296 374.888763 386.907410 386.732635 376.056732 359.048065 213.348221 221.537109 229.209518 234.931244 237.274857 236.719238 234.192215,
 49.563431 49.515575 48.933613 47.589523 45.539478 43.072826 40.553261 70.341286 72.224663 73.394119 73.141388 70.422287 65.260490 59.350883 90.114685 96.410950 102.196632 104.751442 101.021660 92.086395 82.298004 95.863647 106.127449 116.007004 120.512917 116.007004 106.127449 95.863647 82.298004 92.086395 101.021660 104.751442 102.196632 96.410950 90.114685 59.350883 65.260490 70.422287 73.141388 73.394119 72.224663 70.341286 40.553261 43.072826 45.539478 47.589523 48.933613 49.515575 49.563431,
 1.638170 2.336812 2.946595 3.169762 2.877372 2.224154 1.506476 1.935603 2.685804 3.319344 3.548368 3.260223 2.596735 1.841872 2.387855 3.384978 4.287528 4.665821 4.304795 3.407691 2.401851 2.749245 4.018655 5.227970 5.753798 5.227970 4.018655 2.749245 2.401851 3.407691 4.304795 4.665821 4.287528 3.384978 2.387855 1.841872 2.596735 3.260223 3.548368 3.319344 2.685804 1.935603 1.506476 2.224154 2.877372 3.169762 2.946595 2.336812 1.638170,
 6.014225 8.252213 9.962764 10.786379 11.041757 11.255902 11.595390 14.417826 18.950642 22.657734 23.633677 22.440525 20.960178 19.921019 24.762619 31.623198 38.693211 40.894127 37.285389 32.307297 28.691280 31.170504 37.601212 45.736542 50.001030 45.736542 37.601212 31.170504 28.691280 32.307297 37.285389 40.894127 38.693211 31.623198 24.762619 19.921019 20.960178 22.440525 23.633677 22.657734 18.950642 14.417826 11.595390 11.255902 11.041757 10.786379 9.962764 8.252213 6.014225,
 33.637474 45.061543 55.920609 62.754913 63.234070 59.345959 54.747307 88.299988 109.525505 129.165451 139.685089 136.580582 123.842796 108.227310 164.870132 198.631073 228.957733 243.588272 234.771759 209.564972 179.265762 209.290039 248.272308 282.149872 296.615387 282.149872 248.272308 209.290039 179.265762 209.564972 234.771759 243.588272 228.957733 198.631073 164.870132 108.227310 123.842796 136.580582 139.685089 129.165451 109.525505 88.299988 54.747307 59.345959 63.234070 62.754913 55.920609 45.061543 33.637474,
 17.859219 19.187698 20.323206 20.720882 20.037397 18.507607 16.943504 28.144863 30.750521 33.229668 34.682274 33.776932 30.501051 26.619225 40.508953 45.450043 50.791195 54.192940 52.400547 46.265640 39.632900 46.216755 53.368965 60.986465 64.683197 60.986465 53.368965 46.216755 39.632900 46.265640 52.400547 54.192940 50.791195 45.450043 40.508953 26.619225 30.501051 33.776932 34.682274 33.229668 30.750521 28.144863 16.943504 18.507607 20.037397 20.720882 20.323206 19.187698 17.859219,
 1.177989 1.489332 1.751058 1.814403 1.608530 1.219977 0.804894 1.407327 1.822885 2.171070 2.284395 2.062420 1.595915 1.082563 1.812073 2.539994 3.262910 3.605224 3.291179 2.511648 1.693829 2.079196 3.097781 4.146422 4.628916 4.146422 3.097781 2.079196 1.693829 2.511648 3.291179 3.605224 3.262910 2.539994 1.812073 1.082563 1.595915 2.062420 2.284395 2.171070 1.822885 1.407327 0.804894 1.219977 1.608530 1.814403 1.751058 1.489332 1.177989,
 -1.062064 -0.143079 1.207339 2.456113 3.410010 4.295008 5.138691 4.691236 6.533469 8.657543 9.698391 9.656309 9.891095 10.593491 12.402516 15.505092 19.362593 20.869276 18.872244 16.698994 15.933684 17.182873 19.937685 24.329954 27.001770 24.329954 19.937685 17.182873 15.933684 16.698994 18.872244 20.869276 19.362593 15.505092 12.402516 10.593491 9.891095 9.656309 9.698391 8.657543 6.533469 4.691236 5.138691 4.295008 3.410010 2.456113 1.207339 -0.143079 -1.062064,
 10.218998 14.869457 19.271889 22.278097 23.175648 23.391262 23.877209 65.786392 75.230148 81.993759 83.769485 79.463486 72.063812 64.611069 133.689880 152.839096 167.113480 170.966095 161.639755 144.157730 124.900917 160.902725 186.031921 207.227203 216.218506 207.227203 186.031921 160.902725 124.900917 144.157730 161.639755 170.966095 167.113480 152.839096 133.689880 64.611069 72.063812 79.463486 83.769485 81.993759 75.230148 65.786392 23.877209 23.391262 23.175648 22.278097 19.271889 14.869457 10.218998,
 4.604670 4.551965 4.431907 4.113238 3.508477 2.596853 1.647055 14.497810 14.890369 15.501307 15.694281 14.431396 12.015882 9.775066 25.427504 27.943722 31.171906 32.985279 30.779530 25.973522 21.607569 29.023788 33.747799 39.415207 42.353653 39.415207 33.747799 29.023788 21.607569 25.973522 30.779530 32.985279 31.171906 27.943722 25.427504 9.775066 12.015882 14.431396 15.694281 15.501307 14.890369 14.497810 1.647055 2.596853 3.508477 4.113238 4.431907 4.551965 4.604670,
 0.223793 0.355142 0.486403 0.502520 0.369444 0.177528 0.038555 0.307580 0.397328 0.501087 0.499396 0.351080 0.111202 -0.123826 0.692541 1.071677 1.514822 1.713911 1.493790 0.983615 0.457212 1.086941 1.778347 2.518108 2.854262 2.518108 1.778347 1.086941 0.457212 0.983615 1.493790 1.713911 1.514822 1.071677 0.692541 -0.123826 0.111202 0.351080 0.499396 0.501087 0.397328 0.307580 0.038555 0.177528 0.369444 0.502520 0.486403 0.355142 0.223793,
 -1.846827 -2.656145 -3.303864 -3.021590 -2.360292 -2.653648 -3.124081 1.142935 2.627600 2.152319 0.240723 -0.751653 -0.666830 -1.510264 2.731338 5.988378 9.293282 7.953010 3.876534 2.058108 1.636872 3.144110 4.905519 9.585270 12.923424 9.585270 4.905519 3.144110 1.636872 2.058108 3.876534 7.953010 9.293282 5.988378 2.731338 -1.510264 -0.666830 -0.751653 0.240723 2.152319 2.627600 1.142935 -3.124081 -2.653648 -2.360292 -3.021590 -3.303864 -2.656145 -1.846827,
 -20.265032 -8.840026 1.271631 7.497509 8.531010 4.606760 -2.653168 11.013590 25.352676 37.511150 43.348282 41.007259 32.266693 20.685480 48.212921 67.053055 82.772758 89.039825 83.070366 68.412827 51.086090 65.951530 86.758713 104.579620 111.884201 104.579620 86.758713 65.951530 51.086090 68.412827 83.070366 89.039825 82.772758 67.053055 48.212921 20.685480 32.266693 41.007259 43.348282 37.511150 25.352676 11.013590 -2.653168 4.606760 8.531010 7.497509 1.271631 -8.840026 -20.265032,
 -5.727037 -4.877376 -3.716055 -1.930617 -0.138425 -0.067533 -1.427846 0.154028 1.385841 3.585395 6.792631 8.748342 7.444346 4.747818 7.332675 9.510954 13.354357 17.593834 17.971857 14.099314 10.276513 11.674456 15.044346 20.198435 23.200876 20.198435 15.044346 11.674456 10.276513 14.099314 17.971857 17.593834 13.354357 9.510954 7.332675 4.747818 7.444346 8.748342 6.792631 3.585395 1.385841 0.154028 -1.427846 -0.067533 -0.138425 -1.930617 -3.716055 -4.877376 -5.727037,

Pairwise cross-correlations of the modulus of all oriented sub-bands at the same scale (size QxQ)
 7.980849 6.633562 6.373094 6.922408,
 6.633562 97.221527 218.195465 72.087234,
 6.373094 218.195465 654.872559 250.308838,
 6.922408 72.087234 250.308838 120.512932,
 5.753797 5.613805 5.971916 6.046794,
 5.613805 50.001038 94.496048 32.296108,
 5.971916 94.496048 296.615448 115.874077,
 6.046794 32.296108 115.874077 64.683205,
 4.628917 2.167413 -0.177125 2.551586,
 2.167413 27.001770 61.360149 20.196491,
 -0.177125 61.360149 216.218536 78.758606,
 2.551586 20.196491 78.758606 42.353661,
 2.854262 0.643628 0.035835 1.133646,
 0.643628 12.923425 29.023861 11.449602,
 0.035835 29.023861 111.884209 45.906670,
 1.133646 11.449602 45.906670 23.200876,

Cross-correlations of the modulus of all oriented sub-bands with all oriented sub-bands at the coarser scale (size QxQ)
 4.910833 6.104767 1.576105 5.433622,
 5.295791 22.901585 40.681572 17.230173,
 8.992323 37.140835 101.870827 48.767021,
 6.472028 14.306323 42.488560 27.936537,
 3.294312 1.644683 -0.796824 3.836010,
 4.057782 9.467849 11.962079 8.653059,
 6.519696 15.269979 46.964104 26.083994,
 5.371343 4.056946 11.269482 12.449620,
 2.421189 0.681505 -1.548855 0.968154,
 1.347387 5.656285 14.964117 5.525493,
 0.680592 15.153626 68.995407 25.042295,
 1.837607 7.133803 26.843544 13.101712,

Cross-correlations of the real part of each oriented sub-band with both the real and imaginary part of all phase-doubled oriented sub-bands at the next coarser scale (Q matrices of size 1x2Q, which are computed and stored in a matrix of size Qx2Q)
 -0.978767 -0.741628 -0.405256 -0.681914 0.420913 0.051659 0.065523 -0.140766,
 -0.613805 -22.210073 -48.256790 -17.364355 0.136286 2.072779 9.077338 1.598650,
 -0.350750 -49.771946 -138.844269 -59.466152 0.089389 6.026137 20.785791 2.928637,
 -0.624971 -15.807567 -53.788479 -27.611851 0.230550 1.961505 5.546930 0.129543,
 0.308745 -0.350692 -0.258786 -0.119380 -0.116761 -0.389283 -0.112138 -0.159088,
 0.141155 -18.397057 -28.097227 -5.817098 -0.137085 2.456803 14.308778 4.698900,
 0.001991 -32.891914 -56.967064 -13.933016 0.008069 10.095848 39.587959 12.961253,
 0.109110 -7.076138 -13.861222 -4.396466 0.142199 3.768770 13.715223 4.435695,
 0.757651 -0.376556 -0.168850 0.017747 -0.906170 -0.228462 -0.099549 -0.339809,
 0.345272 -3.679460 -1.671463 -0.150930 -0.534456 -6.850448 -26.299818 -10.634708,
 0.062947 -4.613748 -1.031013 -0.776848 -0.146724 -19.881044 -87.461540 -40.819431,
 0.412571 -0.752278 0.168257 -0.722558 -0.313777 -7.690361 -37.031326 -20.527344,
