Low-band skewness and kurtosis
 -0.722212 2.326240,
 -0.570025 2.247260,
 -0.473226 2.179070,
 -0.360662 1.908676,
 -0.258006 1.824181,

High-band variance
 822.690979,

Skewness, kurtosis, variance, mean, maximum and minimum of the reconstructed texture
 -0.798764 2.158529 6024.605957 192.052856 255.000000 2.000000,

Auto-correlations of the low-frequency bands at each scale
 1830.880005 1828.661743 1835.540894 1845.228394 1854.238403 1872.211304 1907.103882 2071.560547 1946.806641 1864.064331 1845.692993 1894.578003 2002.057861 2141.319824 3516.856689 3545.626221 3576.675293 3592.724609 3573.855469 3530.339600 3476.706299 4509.634277 4748.098633 4938.760254 5015.234375 4938.760254 4748.098633 4509.634277 3476.706299 3530.339600 3573.855469 3592.724609 3576.675293 3545.626221 3516.856689 2141.319824 2002.057861 1894.578003 1845.692993 1864.064331 1946.806641 2071.560547 1907.103882 1872.211304 1854.238403 1845.228394 1835.540894 1828.661743 1830.880005,
 1878.365601 1872.240723 1866.678467 1861.639160 1853.661133 1846.463623 1845.954956 1886.998047 1823.274902 1782.045288 1771.175903 1788.490601 1837.460449 1912.069824 2720.380127 2743.162842 2777.441895 2801.939453 2794.987793 2772.285400 2751.165771 3431.610596 3568.959229 3687.206543 3737.742676 3687.206543 3568.959229 3431.610596 2751.165771 2772.285400 2794.987793 2801.939453 2777.441895 2743.162842 2720.380127 1912.069824 1837.460449 1788.490601 1771.175903 1782.045288 1823.274902 1886.998047 1845.954956 1846.463623 1853.661133 1861.639160 1866.678467 1872.240723 1878.365601,
 1748.896851 1724.325806 1700.286133 1680.951904 1668.505371 1658.851440 1644.802124 1810.023438 1753.815552 1713.749268 1696.940796 1702.395752 1728.296509 1766.876709 2296.410645 2312.566895 2336.168213 2350.679443 2340.378662 2320.568359 2309.531738 2731.919189 2816.992920 2896.771973 2932.460693 2896.771973 2816.992920 2731.919189 2309.531738 2320.568359 2340.378662 2350.679443 2336.168213 2312.566895 2296.410645 1766.876709 1728.296509 1702.395752 1696.940796 1713.749268 1753.815552 1810.023438 1644.802124 1658.851440 1668.505371 1680.951904 1700.286133 1724.325806 1748.896851,
 568.456909 560.585938 555.461365 561.128784 579.992004 605.309814 627.652954 1414.262085 1386.525146 1356.040161 1334.003540 1327.093872 1335.062744 1352.430786 2077.006592 2078.641357 2076.512451 2065.038086 2040.615356 2013.636841 1995.861694 2332.482910 2374.330322 2416.227783 2435.229004 2416.227783 2374.330322 2332.482910 1995.861694 2013.636841 2040.615356 2065.038086 2076.512451 2078.641357 2077.006592 1352.430786 1335.062744 1327.093872 1334.003540 1356.040161 1386.525146 1414.262085 627.652954 605.309814 579.992004 561.128784 555.461365 560.585938 568.456909,
 -1426.632935 -1424.401367 -1426.518921 -1429.318848 -1430.779907 -1432.468750 -1433.735718 -231.993759 -238.475540 -242.690384 -239.939911 -231.996780 -225.638901 -224.481186 1425.629272 1424.048828 1427.069580 1432.087158 1433.955811 1432.704590 1431.012817 2249.569336 2258.926025 2272.797363 2279.978027 2272.797363 2258.926025 2249.569336 1431.012817 1432.704590 1433.955811 1432.087158 1427.069580 1424.048828 1425.629272 -224.481186 -225.638901 -231.996780 -239.939911 -242.690384 -238.475540 -231.993759 -1433.735718 -1432.468750 -1430.779907 -1429.318848 -1426.518921 -1424.401367 -1426.632935,

Auto-correlations of the modulus of each oriented sub-band
 3.421267 4.460176 5.366970 5.753775 5.430274 4.559807 3.511132 3.972143 5.129040 6.091733 6.476718 6.110800 5.182289 4.080329 4.896098 6.507236 7.822706 8.282563 7.684525 6.364926 4.864184 5.226285 7.208873 9.067963 9.867672 9.067963 7.208873 5.226285 4.864184 6.364926 7.684525 8.282563 7.822706 6.507236 4.896098 4.080329 5.182289 6.110800 6.476718 6.091733 5.129040 3.972143 3.511132 4.559807 5.430274 5.753775 5.366970 4.460176 3.421267,
 77.466057 79.868423 82.666656 84.967682 85.782547 85.544174 84.970161 89.936783 96.481659 103.544449 107.553406 106.395706 102.347931 97.977890 105.001991 116.689125 129.438034 135.613281 130.644547 120.237724 110.404533 113.907944 127.333466 142.283981 149.761475 142.283981 127.333466 113.907944 110.404533 120.237724 130.644547 135.613281 129.438034 116.689125 105.001991 97.977890 102.347931 106.395706 107.553406 103.544449 96.481659 89.936783 84.970161 85.544174 85.782547 84.967682 82.666656 79.868423 77.466057,
 333.079529 339.102356 344.705170 344.932068 336.348969 323.273987 311.315491 409.986023 434.396912 456.044800 461.911926 443.643066 410.937927 378.385315 489.768829 540.813354 587.740356 605.512573 577.965942 522.566284 465.653656 517.063110 583.868896 647.622437 676.331421 647.622437 583.868896 517.063110 465.653656 522.566284 577.965942 605.512573 587.740356 540.813354 489.768829 378.385315 410.937927 443.643066 461.911926 456.044800 434.396912 409.986023 311.315491 323.273987 336.348969 344.932068 344.705170 339.102356 333.079529,
 70.531746 69.491043 67.803429 65.132614 61.550423 57.738083 54.128265 89.398071 91.296173 92.415741 91.293259 86.526611 79.130325 71.588669 104.719612 111.593582 118.701073 121.676109 115.797249 103.997025 92.613914 106.579514 117.858757 130.315598 136.533203 130.315598 117.858757 106.579514 92.613914 103.997025 115.797249 121.676109 118.701073 111.593582 104.719612 71.588669 79.130325 86.526611 91.293259 92.415741 91.296173 89.398071 54.128265 57.738083 61.550423 65.132614 67.803429 69.491043 70.531746,
 3.761273 4.523894 5.185368 5.444636 5.149412 4.420920 3.561246 4.040492 4.972324 5.764405 6.075119 5.753476 4.935845 3.952958 4.429174 5.812438 7.121683 7.695138 7.210391 5.977514 4.598598 4.822591 6.533175 8.220445 8.966503 8.220445 6.533175 4.822591 4.598598 5.977514 7.210391 7.695138 7.121683 5.812438 4.429174 3.952958 4.935845 5.753476 6.075119 5.764405 4.972324 4.040492 3.561246 4.420920 5.149412 5.444636 5.185368 4.523894 3.761273,
 32.100315 33.733204 35.878216 38.130173 40.080585 41.380749 41.653675 41.901268 46.724205 51.392403 53.810913 53.881310 52.600784 50.266106 52.021755 60.585258 69.803154 73.413109 69.677284 63.326332 57.475803 58.328766 67.214989 77.941780 83.513039 77.941780 67.214989 58.328766 57.475803 63.326332 69.677284 73.413109 69.803154 60.585258 52.021755 50.266106 52.600784 53.881310 53.810913 51.392403 46.724205 41.901268 41.653675 41.380749 40.080585 38.130173 35.878216 33.733204 32.100315,
 133.232956 137.966309 139.584000 137.334869 131.965927 125.594353 119.962265 187.566574 204.864929 216.492004 216.889587 204.760101 185.044373 164.744217 238.186859 274.621094 304.626709 313.840759 295.817200 259.607178 220.412628 253.259109 300.751740 343.440430 361.561035 343.440430 300.751740 253.259109 220.412628 259.607178 295.817200 313.840759 304.626709 274.621094 238.186859 164.744217 185.044373 204.760101 216.889587 216.492004 204.864929 187.566574 119.962265 125.594353 131.965927 137.334869 139.584000 137.966309 133.232956,
 21.598259 20.480726 19.272524 17.802509 15.786173 13.435835 11.596355 31.986294 32.413429 33.064453 33.215816 30.845240 25.977770 21.456829 40.013348 43.657089 48.831783 52.356651 48.912189 40.443375 33.134869 40.689754 47.683353 57.007210 62.142677 57.007210 47.683353 40.689754 33.134869 40.443375 48.912189 52.356651 48.831783 43.657089 40.013348 21.456829 25.977770 30.845240 33.215816 33.064453 32.413429 31.986294 11.596355 13.435835 15.786173 17.802509 19.272524 20.480726 21.598259,
 1.934878 2.469247 2.975333 3.279132 3.242374 2.878053 2.341744 2.404522 2.941556 3.400964 3.576720 3.366880 2.875315 2.331940 3.006852 3.927655 4.757135 5.044868 4.588444 3.679353 2.791625 3.251392 4.565567 5.908669 6.510714 5.908669 4.565567 3.251392 2.791625 3.679353 4.588444 5.044868 4.757135 3.927655 3.006852 2.331940 2.875315 3.366880 3.576720 3.400964 2.941556 2.404522 2.341744 2.878053 3.242374 3.279132 2.975333 2.469247 1.934878,
 14.573233 17.558523 19.110981 18.495907 17.236839 16.626520 15.863121 22.290817 27.572617 31.624989 31.448994 28.417629 25.990864 23.793488 29.029711 36.260319 43.867783 45.777550 40.517471 34.413097 29.855814 31.930592 38.906506 47.822182 52.820366 47.822182 38.906506 31.930592 29.855814 34.413097 40.517471 45.777550 43.867783 36.260319 29.029711 23.793488 25.990864 28.417629 31.448994 31.624989 27.572617 22.290817 15.863121 16.626520 17.236839 18.495907 19.110981 17.558523 14.573233,
 29.531282 36.675716 42.861946 48.176495 52.544998 56.412556 59.705597 73.952080 88.552856 101.683868 109.274216 108.706177 102.657898 95.526405 118.864685 142.284531 163.847244 174.257309 167.720901 149.584488 129.678406 141.595078 168.501389 193.619492 204.569672 193.619492 168.501389 141.595078 129.678406 149.584488 167.720901 174.257309 163.847244 142.284531 118.864685 95.526405 102.657898 108.706177 109.274216 101.683868 88.552856 73.952080 59.705597 56.412556 52.544998 48.176495 42.861946 36.675716 29.531282,
 0.174203 2.085324 4.217775 6.014041 7.413352 7.905013 7.159925 5.788034 9.234783 13.085638 16.515709 17.827641 15.850058 12.390131 12.847445 17.904057 24.201559 29.187222 28.510386 22.666164 16.770298 17.336254 23.687452 31.464087 35.546257 31.464087 23.687452 17.336254 16.770298 22.666164 28.510386 29.187222 24.201559 17.904057 12.847445 12.390131 15.850058 17.827641 16.515709 13.085638 9.234783 5.788034 7.159925 7.905013 7.413352 6.014041 4.217775 2.085324 0.174203,
 0.149521 0.558818 0.946159 1.058226 0.838433 0.436748 0.042423 -0.017189 0.332907 0.652191 0.752900 0.585134 0.269678 -0.007832 0.180345 0.661268 1.302274 1.701214 1.536028 1.003162 0.529494 0.649040 1.382882 2.330294 2.801857 2.330294 1.382882 0.649040 0.529494 1.003162 1.536028 1.701214 1.302274 0.661268 0.180345 -0.007832 0.269678 0.585134 0.752900 0.652191 0.332907 -0.017189 0.042423 0.436748 0.838433 1.058226 0.946159 0.558818 0.149521,
 3.596244 3.608502 2.691457 1.798859 1.388568 0.640869 -1.001079 5.854228 6.953032 6.459034 4.768025 3.272189 2.178330 0.780503 6.460479 9.091285 10.847356 10.063824 7.211072 4.536034 2.413385 4.710098 7.741688 11.214814 13.143256 11.214814 7.741688 4.710098 2.413385 4.536034 7.211072 10.063824 10.847356 9.091285 6.460479 0.780503 2.178330 3.272189 4.768025 6.459034 6.953032 5.854228 -1.001079 0.640869 1.388568 1.798859 2.691457 3.608502 3.596244,
 -3.805548 -5.839817 -6.197847 -4.938800 -4.715196 -6.449939 -7.660174 3.432559 3.036825 5.902215 10.642601 11.190137 7.139935 2.983446 15.203458 20.241253 29.224894 37.046513 34.464722 25.094318 16.270258 21.844894 31.756023 44.414341 51.589985 44.414341 31.756023 21.844894 16.270258 25.094318 34.464722 37.046513 29.224894 20.241253 15.203458 2.983446 7.139935 11.190137 10.642601 5.902215 3.036825 3.432559 -7.660174 -6.449939 -4.715196 -4.938800 -6.197847 -5.839817 -3.805548,
 -1.939058 -1.793772 -1.676030 -1.393216 -0.546435 0.832926 2.076348 1.912645 2.167935 2.603832 3.350494 4.078050 4.123536 3.439655 6.028770 7.802415 9.914926 11.558325 11.178351 8.656584 5.636355 7.283660 10.687325 14.281686 16.012766 14.281686 10.687325 7.283660 5.636355 8.656584 11.178351 11.558325 9.914926 7.802415 6.028770 3.439655 4.123536 4.078050 3.350494 2.603832 2.167935 1.912645 2.076348 0.832926 -0.546435 -1.393216 -1.676030 -1.793772 -1.939058,

Pairwise cross-correlations of the modulus of all oriented sub-bands at the same scale (size QxQ)
 9.867670 13.956346 18.923025 12.850660,
 13.956346 149.761490 263.929413 78.414795,
 18.923025 263.929413 676.331482 249.779617,
 12.850660 78.414795 249.779617 136.533218,
 8.966503 10.670465 12.732655 6.676876,
 10.670465 83.513039 140.557434 35.930458,
 12.732655 140.557434 361.561066 121.236992,
 6.676876 35.930458 121.236992 62.142689,
 6.510714 8.363642 10.322253 5.185370,
 8.363642 52.820374 86.110947 22.829601,
 10.322253 86.110947 204.569656 64.133766,
 5.185370 22.829601 64.133766 35.546261,
 2.801857 3.044557 1.845646 2.683363,
 3.044557 13.143256 16.604031 7.665907,
 1.845646 16.604031 51.589985 18.180897,
 2.683363 7.665907 18.180897 16.012766,

Cross-correlations of the modulus of all oriented sub-bands with all oriented sub-bands at the coarser scale (size QxQ)
 6.823904 8.000082 7.112879 4.891369,
 15.964981 57.819283 86.660629 25.391251,
 26.978273 109.034187 212.152008 74.955894,
 12.962166 40.005302 86.952599 40.359909,
 5.530184 9.312222 11.186785 5.814978,
 9.841914 25.615589 43.722885 12.781687,
 13.125283 41.764275 100.706192 33.135807,
 5.091439 14.882773 38.197010 16.659533,
 2.640694 4.723112 4.532540 4.571941,
 3.168825 7.909029 10.138260 6.009769,
 3.405087 4.375906 12.962936 7.691031,
 2.139816 2.433538 4.056166 7.118258,

Cross-correlations of the real part of each oriented sub-band with both the real and imaginary part of all phase-doubled oriented sub-bands at the next coarser scale (Q matrices of size 1x2Q, which are computed and stored in a matrix of size Qx2Q)
 -0.854456 -1.067716 -0.742377 -1.126233 0.525626 -0.297509 -0.155553 0.158080,
 -0.954434 -18.663038 -23.567427 -6.609148 0.033335 -3.407374 -3.532668 -0.756010,
 -1.009003 -32.108635 -65.880402 -29.568525 -0.091106 -4.681146 -4.083536 0.863316,
 -0.714467 -8.498233 -28.008253 -18.661772 0.192759 -1.124646 0.051419 2.159880,
 0.546152 -0.428237 -0.271849 -0.449290 0.396299 -0.190589 0.170028 0.163643,
 -0.112531 -4.874570 -12.593771 -7.174963 0.020284 6.761648 17.743149 4.126821,
 -0.555472 -13.182990 -50.135704 -29.768108 -0.174298 14.818053 46.239944 14.015139,
 -0.123097 -5.541180 -24.416840 -16.523117 0.035412 4.127041 17.003376 6.215240,
 -0.445741 0.212738 -0.231164 -0.410304 0.156559 -0.670388 -0.373656 -1.119889,
 -0.174431 6.179858 17.099020 3.385661 -0.240889 -2.325663 6.821742 1.415771,
 -0.026239 14.272028 40.618008 3.655462 -0.073872 3.507701 22.771683 0.914022,
 -0.275243 4.324176 10.803281 -2.705438 0.245445 2.515029 8.176833 -3.853571,
