Low-band skewness and kurtosis
 -0.630720 2.157920,
 -0.525080 2.178111,
 -0.318639 1.929904,
 -0.125693 1.612855,
 -0.046905 1.640713,

High-band variance
 901.569580,

Skewness, kurtosis, variance, mean, maximum and minimum of the reconstructed texture
 -0.728709 2.024796 6045.648926 190.075745 255.000000 3.000000,

Auto-correlations of the low-frequency bands at each scale
 2332.383301 2158.782471 2069.903076 2065.794189 2100.634033 2130.047607 2133.043457 2977.674072 2685.693359 2369.488281 2136.906982 2043.385254 2078.226074 2176.664307 3958.090332 4028.627441 3945.469238 3706.568604 3371.818848 3068.012695 2879.671387 3964.361816 4402.956543 4795.117188 4959.809570 4795.117188 4402.956543 3964.361816 2879.671387 3068.012695 3371.818848 3706.568604 3945.469238 4028.627441 3958.090332 2176.664307 2078.226074 2043.385254 2136.906982 2369.488281 2685.693359 2977.674072 2133.043457 2130.047607 2100.634033 2065.794189 2069.903076 2158.782471 2332.383301,
 2117.633789 2031.215454 2013.747192 2051.551270 2099.038574 2124.037354 2117.554688 2519.713135 2310.226807 2095.361816 1943.606323 1890.803955 1936.690674 2031.107056 3142.370361 3194.180176 3135.641113 2953.488281 2696.170410 2480.089844 2369.482666 3093.604248 3405.350098 3695.355225 3820.688965 3695.355225 3405.350098 3093.604248 2369.482666 2480.089844 2696.170410 2953.488281 3135.641113 3194.180176 3142.370361 2031.107056 1936.690674 1890.803955 1943.606323 2095.361816 2310.226807 2519.713135 2117.554688 2124.037354 2099.038574 2051.551270 2013.747192 2031.215454 2117.633789,
 1776.070801 1743.109863 1743.717285 1768.601685 1787.165771 1782.435791 1753.375000 2157.577637 2076.362305 1988.826782 1923.341309 1893.732056 1907.196777 1940.208496 2579.555420 2637.018311 2632.081299 2539.934570 2382.435303 2247.029053 2183.129150 2554.388428 2739.180176 2924.770996 3008.887207 2924.770996 2739.180176 2554.388428 2183.129150 2247.029053 2382.435303 2539.934570 2632.081299 2637.018311 2579.555420 1940.208496 1907.196777 1893.732056 1923.341309 1988.826782 2076.362305 2157.577637 1753.375000 1782.435791 1787.165771 1768.601685 1743.717285 1743.109863 1776.070801,
 838.297852 833.008606 821.737122 795.742371 748.317810 692.786438 644.683105 1542.320190 1527.396606 1498.130127 1455.449341 1400.677979 1359.748901 1341.550659 2131.404541 2190.591309 2226.600342 2199.862793 2096.561279 1981.950195 1907.281738 2267.665283 2397.956055 2537.704102 2604.582764 2537.704102 2397.956055 2267.665283 1907.281738 1981.950195 2096.561279 2199.862793 2226.600342 2190.591309 2131.404541 1341.550659 1359.748901 1400.677979 1455.449341 1498.130127 1527.396606 1542.320190 644.683105 692.786438 748.317810 795.742371 821.737122 833.008606 838.297852,
 -1315.257202 -1352.082520 -1473.621582 -1601.180420 -1628.086182 -1547.952637 -1437.925903 9.156288 57.697609 21.573250 -93.477051 -202.859985 -226.028748 -167.840576 1438.767334 1553.977905 1637.238281 1607.477051 1470.940674 1343.969849 1307.944580 2019.692749 2135.594238 2295.556396 2376.291504 2295.556396 2135.594238 2019.692749 1307.944580 1343.969849 1470.940674 1607.477051 1637.238281 1553.977905 1438.767334 -167.840576 -226.028748 -202.859985 -93.477051 21.573250 57.697609 9.156288 -1437.925903 -1547.952637 -1628.086182 -1601.180420 -1473.621582 -1352.082520 -1315.257202,

Auto-correlations of the modulus of each oriented sub-band
 8.717323 9.936897 10.921484 11.157041 10.387327 8.897919 7.300499 9.364732 10.906612 12.143850 12.515557 11.775839 10.157261 8.278907 9.833652 12.032368 14.217275 15.559221 15.090323 12.831923 9.974372 10.419490 13.883004 17.493958 19.166433 17.493958 13.883004 10.419490 9.974372 12.831923 15.090323 15.559221 14.217275 12.032368 9.833652 8.278907 10.157261 11.775839 12.515557 12.143850 10.906612 9.364732 7.300499 8.897919 10.387327 11.157041 10.921484 9.936897 8.717323,
 44.527763 46.256824 49.143349 51.621502 52.578583 52.749752 52.897583 53.709343 58.069248 64.883621 68.745483 66.742798 63.346859 61.280823 63.307652 71.176880 84.035286 90.735260 83.446281 73.294449 67.725883 68.778297 77.271294 92.485779 102.202194 92.485779 77.271294 68.778297 67.725883 73.294449 83.446281 90.735260 84.035286 71.176880 63.307652 61.280823 63.346859 66.742798 68.745483 64.883621 58.069248 53.709343 52.897583 52.749752 52.578583 51.621502 49.143349 46.256824 44.527763,
 293.993500 298.982178 303.413971 305.161652 299.386627 287.274780 273.888885 335.370575 362.588623 390.456665 402.838165 385.302979 348.166077 311.808014 371.992126 428.374542 489.326935 517.950439 485.640472 418.145233 355.731750 381.688843 454.277466 534.623535 574.037231 534.623535 454.277466 381.688843 355.731750 418.145233 485.640472 517.950439 489.326935 428.374542 371.992126 311.808014 348.166077 385.302979 402.838165 390.456665 362.588623 335.370575 273.888885 287.274780 299.386627 305.161652 303.413971 298.982178 293.993500,
 166.644089 167.489227 165.574188 160.514053 152.835144 144.313171 136.529892 185.879700 195.861191 202.144958 200.777725 189.885010 173.271225 157.119598 200.596130 222.520477 241.661087 247.813080 234.180222 208.059479 182.164764 199.942596 229.142273 257.799988 270.822144 257.799988 229.142273 199.942596 182.164764 208.059479 234.180222 247.813080 241.661087 222.520477 200.596130 157.119598 173.271225 189.885010 200.777725 202.144958 195.861191 185.879700 136.529892 144.313171 152.835144 160.514053 165.574188 167.489227 166.644089,
 5.726924 7.167547 8.332256 8.759064 8.273060 7.114359 5.728051 6.318616 7.998363 9.383386 9.988663 9.515859 8.104809 6.287378 7.365840 9.836137 12.273630 13.646591 13.018595 10.630702 7.733733 8.366861 11.811952 15.233893 16.771341 15.233893 11.811952 8.366861 7.733733 10.630702 13.018595 13.646591 12.273630 9.836137 7.365840 6.287378 8.104809 9.515859 9.988663 9.383386 7.998363 6.318616 5.728051 7.114359 8.273060 8.759064 8.332256 7.167547 5.726924,
 19.760351 22.934383 26.017702 27.740822 27.847498 27.143734 26.268702 27.347013 32.825123 37.984192 39.742249 38.278183 35.948818 33.508366 34.410889 41.757328 50.269863 53.174900 48.582767 42.794621 38.332306 38.600288 45.260899 54.509132 59.943790 54.509132 45.260899 38.600288 38.332306 42.794621 48.582767 53.174900 50.269863 41.757328 34.410889 33.508366 35.948818 38.278183 39.742249 37.984192 32.825123 27.347013 26.268702 27.143734 27.847498 27.740822 26.017702 22.934383 19.760351,
 155.893982 173.858170 189.010971 192.361496 180.422745 162.469467 148.212341 188.544785 219.709381 250.564163 262.650848 244.925400 211.569061 182.753616 218.084198 265.191040 315.904053 339.075500 313.179077 260.611328 214.175476 228.937042 283.705231 345.066986 375.021484 345.066986 283.705231 228.937042 214.175476 260.611328 313.179077 339.075500 315.904053 265.191040 218.084198 182.753616 211.569061 244.925400 262.650848 250.564163 219.709381 188.544785 148.212341 162.469467 180.422745 192.361496 189.010971 173.858170 155.893982,
 94.962341 101.051315 103.895012 102.241898 96.479683 88.739151 81.799149 108.407021 119.702072 127.821365 128.880798 120.690063 106.596786 93.529839 119.139771 137.470810 154.943588 161.935745 151.243301 129.334854 108.962601 119.829117 142.701721 167.123871 178.610992 167.123871 142.701721 119.829117 108.962601 129.334854 151.243301 161.935745 154.943588 137.470810 119.139771 93.529839 106.596786 120.690063 128.880798 127.821365 119.702072 108.407021 81.799149 88.739151 96.479683 102.241898 103.895012 101.051315 94.962341,
 3.604200 5.379298 6.885544 7.408542 6.755311 5.395704 3.957871 4.248741 6.182166 7.849151 8.537702 7.916747 6.359760 4.613585 5.039145 7.710979 10.371429 11.756532 10.961391 8.462857 5.613738 5.824247 9.339026 12.806673 14.344413 12.806673 9.339026 5.824247 5.613738 8.462857 10.961391 11.756532 10.371429 7.710979 5.039145 4.613585 6.359760 7.916747 8.537702 7.849151 6.182166 4.248741 3.957871 5.395704 6.755311 7.408542 6.885544 5.379298 3.604200,
 3.978644 5.633619 6.228267 6.022175 6.363003 6.967177 7.356881 6.088938 9.295452 11.744025 11.518093 10.358453 10.096792 10.022245 8.641108 12.787767 17.740158 18.883297 15.555482 12.762964 11.416580 10.774549 13.999731 19.360458 22.850567 19.360458 13.999731 10.774549 11.416580 12.762964 15.555482 18.883297 17.740158 12.787767 8.641108 10.022245 10.096792 10.358453 11.518093 11.744025 9.295452 6.088938 7.356881 6.967177 6.363003 6.022175 6.228267 5.633619 3.978644,
 47.511898 61.680328 72.672981 77.947838 76.017723 67.812439 55.863155 59.088108 82.532043 102.662384 111.227386 103.733810 85.000977 63.722813 69.713142 103.817169 135.479446 149.034225 135.195358 103.917038 71.173515 74.697884 113.314781 150.704697 167.381790 150.704697 113.314781 74.697884 71.173515 103.917038 135.195358 149.034225 135.479446 103.817169 69.713142 63.722813 85.000977 103.733810 111.227386 102.662384 82.532043 59.088108 55.863155 67.812439 76.017723 77.947838 72.672981 61.680328 47.511898,
 37.618965 45.158573 49.774891 49.897274 45.875126 38.929333 30.449518 47.226242 58.899315 66.711433 68.568169 63.409187 52.384735 39.347610 55.004490 71.770370 85.637985 91.480728 84.637405 68.063080 49.569408 56.215775 76.347610 94.845947 103.129166 94.845947 76.347610 56.215775 49.569408 68.063080 84.637405 91.480728 85.637985 71.770370 55.004490 39.347610 52.384735 63.409187 68.568169 66.711433 58.899315 47.226242 30.449518 38.929333 45.875126 49.897274 49.774891 45.158573 37.618965,
 0.175979 3.155525 5.774073 6.811316 5.681464 2.894461 -0.325473 0.996915 4.442934 7.367593 8.471430 7.150585 3.995461 0.347192 1.855897 6.128115 9.887983 11.473432 10.012308 6.219185 1.808954 2.617521 7.547441 11.900999 13.693346 11.900999 7.547441 2.617521 1.808954 6.219185 10.012308 11.473432 9.887983 6.128115 1.855897 0.347192 3.995461 7.150585 8.471430 7.367593 4.442934 0.996915 -0.325473 2.894461 5.681464 6.811316 5.774073 3.155525 0.175979,
 2.014823 4.090560 5.696544 5.900408 5.595822 5.102523 3.414081 3.685491 6.516155 8.897428 8.722672 7.207553 6.080103 4.700319 5.532141 8.998413 12.830034 13.315556 10.244019 7.377311 5.425552 6.010428 9.069889 13.515306 16.188976 13.515306 9.069889 6.010428 5.425552 7.377311 10.244019 13.315556 12.830034 8.998413 5.532141 4.700319 6.080103 7.207553 8.722672 8.897428 6.516155 3.685491 3.414081 5.102523 5.595822 5.900408 5.696544 4.090560 2.014823,
 14.998341 25.441296 34.295921 34.663914 26.303608 18.037949 11.579063 23.238152 39.757648 54.967312 58.393394 46.157017 30.183073 16.984951 27.224684 48.651497 70.459351 78.935501 64.711243 42.120270 22.661123 26.707272 49.425682 74.452621 87.480583 74.452621 49.425682 26.707272 22.661123 42.120270 64.711243 78.935501 70.459351 48.651497 27.224684 16.984951 30.183073 46.157017 58.393394 54.967312 39.757648 23.238152 11.579063 18.037949 26.303608 34.663914 34.295921 25.441296 14.998341,
 -1.776605 2.765233 6.133881 7.836156 8.159953 7.989902 7.906945 1.959414 7.584128 11.717482 13.656801 13.436731 11.921064 9.808689 5.005910 12.574481 19.772331 23.933893 22.604267 17.018034 10.243033 7.961039 16.981113 26.029884 30.275509 26.029884 16.981113 7.961039 10.243033 17.018034 22.604267 23.933893 19.772331 12.574481 5.005910 9.808689 11.921064 13.436731 13.656801 11.717482 7.584128 1.959414 7.906945 7.989902 8.159953 7.836156 6.133881 2.765233 -1.776605,

Pairwise cross-correlations of the modulus of all oriented sub-bands at the same scale (size QxQ)
 19.166437 15.355637 31.375658 34.468037,
 15.355637 102.202194 174.842682 66.804657,
 31.375658 174.842682 574.037231 308.587372,
 34.468037 66.804657 308.587372 270.822205,
 16.771343 10.592835 18.796452 21.627941,
 10.592835 59.943794 102.360794 39.056118,
 18.796452 102.360794 375.021515 201.069656,
 21.627941 39.056118 201.069656 178.611008,
 14.344414 7.238127 12.485413 14.036611,
 7.238127 22.850571 40.431000 18.373955,
 12.485413 40.431000 167.381775 103.635696,
 14.036611 18.373955 103.635696 103.129173,
 13.693346 3.865967 -2.334348 5.171299,
 3.865967 16.188976 25.833876 14.069855,
 -2.334348 25.833876 87.480598 32.525192,
 5.171299 14.069855 32.525192 30.275511,

Cross-correlations of the modulus of all oriented sub-bands with all oriented sub-bands at the coarser scale (size QxQ)
 12.880467 9.797207 17.747379 21.476969,
 13.286036 44.407066 78.991867 40.836586,
 27.984034 79.597801 219.226822 138.328140,
 25.232899 34.070953 129.649841 114.730965,
 10.847864 7.151099 13.338951 13.312262,
 7.268752 16.980043 29.151722 12.193653,
 13.133650 29.133118 94.184875 64.778305,
 12.682331 14.856853 69.587494 64.225037,
 10.383059 5.772277 0.500941 7.487338,
 4.944487 5.685162 -1.228346 1.057258,
 9.883711 9.792370 6.127676 5.592818,
 10.765399 7.684430 3.157418 14.739913,

Cross-correlations of the real part of each oriented sub-band with both the real and imaginary part of all phase-doubled oriented sub-bands at the next coarser scale (Q matrices of size 1x2Q, which are computed and stored in a matrix of size Qx2Q)
 -1.536063 -0.849541 -1.231188 -4.082308 1.411098 0.244230 0.213555 -0.498664,
 -0.520299 -13.730875 -6.951951 0.078506 0.310563 1.733075 3.354612 0.662019,
 -2.846809 -17.450138 -3.244114 -11.697227 -0.271343 3.205596 14.887761 3.782970,
 -4.720297 -2.738652 -1.450442 -20.326069 0.527502 1.112559 8.617219 1.433021,
 -0.457680 -0.496117 -0.564985 -2.429176 1.040675 -0.232510 0.278606 -0.404957,
 0.145026 -9.988767 -4.407479 0.435731 0.507210 4.559969 9.916752 1.005522,
 -1.293119 -12.559369 4.616385 -0.502214 0.272777 9.738403 21.989727 3.794515,
 -2.352589 -1.240429 5.286323 -6.528834 0.474078 2.219521 6.857594 1.835671,
 -1.149633 -1.027344 0.665136 -1.436776 0.283685 0.547716 1.023790 1.619558,
 -0.417307 -3.812656 -5.893318 -0.987209 0.388474 6.790034 1.907011 0.424403,
 -0.269229 -3.570149 -11.687682 8.781912 -0.369850 9.072660 5.348123 10.873178,
 -1.157637 -0.813905 1.703657 8.657832 -0.585842 1.668707 6.305152 13.492903,
