Low-band skewness and kurtosis
 -0.656013 2.189770,
 -0.450938 2.094183,
 -0.302117 1.883537,
 -0.191059 1.887606,
 -0.101321 1.725589,

High-band variance
 885.133789,

Skewness, kurtosis, variance, mean, maximum and minimum of the reconstructed texture
 -0.793106 2.122154 5949.771484 192.564697 255.000000 2.000000,

Auto-correlations of the low-frequency bands at each scale
 1139.394409 1116.179443 1097.666382 1085.434570 1078.663696 1080.306885 1091.204468 1106.154907 1035.605957 990.252136 980.978394 1009.426453 1075.235352 1166.584839 2911.435547 2975.363281 3041.881592 3093.120117 3114.402100 3118.642090 3117.342285 4515.067383 4673.523926 4799.551758 4850.766113 4799.551758 4673.523926 4515.067383 3117.342285 3118.642090 3114.402100 3093.120117 3041.881592 2975.363281 2911.435547 1166.584839 1075.235352 1009.426453 980.978394 990.252136 1035.605957 1106.154907 1091.204468 1080.306885 1078.663696 1085.434570 1097.666382 1116.179443 1139.394409,
 1500.582275 1496.379272 1490.796509 1482.965820 1472.367310 1463.786987 1460.352539 1136.608154 1094.499634 1068.411743 1065.382202 1085.845581 1129.981812 1190.555420 2052.036377 2088.847168 2131.820557 2165.928223 2176.911377 2174.000977 2167.817139 3050.009766 3161.040527 3252.799316 3291.007568 3252.799316 3161.040527 3050.009766 2167.817139 2174.000977 2176.911377 2165.928223 2131.820557 2088.847168 2052.036377 1190.555420 1129.981812 1085.845581 1065.382202 1068.411743 1094.499634 1136.608154 1460.352539 1463.786987 1472.367310 1482.965820 1490.796509 1496.379272 1500.582275,
 1322.250366 1313.314453 1302.831055 1293.320923 1284.789551 1281.204102 1287.023560 1349.208130 1310.299438 1285.906860 1276.270630 1277.239868 1292.710571 1323.616333 1750.592407 1774.832642 1809.013184 1834.055908 1833.348877 1818.931519 1805.850220 2142.833008 2217.160156 2285.124756 2315.139893 2285.124756 2217.160156 2142.833008 1805.850220 1818.931519 1833.348877 1834.055908 1809.013184 1774.832642 1750.592407 1323.616333 1292.710571 1277.239868 1276.270630 1285.906860 1310.299438 1349.208130 1287.023560 1281.204102 1284.789551 1293.320923 1302.831055 1313.314453 1322.250366,
 547.078186 546.081909 543.415649 536.109192 531.167114 534.362183 539.211121 1048.467163 1039.750610 1039.774780 1044.031250 1051.680298 1068.416870 1089.460571 1551.678833 1564.067383 1585.215088 1598.453247 1590.145264 1576.146240 1570.032593 1795.095947 1832.794678 1876.503784 1898.634521 1876.503784 1832.794678 1795.095947 1570.032593 1576.146240 1590.145264 1598.453247 1585.215088 1564.067383 1551.678833 1089.460571 1068.416870 1051.680298 1044.031250 1039.774780 1039.750610 1048.467163 539.211121 534.362183 531.167114 536.109192 543.415649 546.081909 547.078186,
 -1147.798462 -1151.865479 -1157.737793 -1160.300537 -1154.035889 -1143.801025 -1140.418823 -40.419266 -49.136238 -53.431339 -52.820774 -48.071125 -39.106583 -32.079018 1140.913330 1141.002197 1153.118408 1163.543945 1158.821289 1149.691162 1147.137939 1669.187866 1680.774292 1705.772583 1720.565186 1705.772583 1680.774292 1669.187866 1147.137939 1149.691162 1158.821289 1163.543945 1153.118408 1141.002197 1140.913330 -32.079018 -39.106583 -48.071125 -52.820774 -53.431339 -49.136238 -40.419266 -1140.418823 -1143.801025 -1154.035889 -1160.300537 -1157.737793 -1151.865479 -1147.798462,

Auto-correlations of the modulus of each oriented sub-band
 3.155076 4.396180 5.460922 5.921343 5.564764 4.577520 3.382008 3.502147 4.808751 5.917181 6.374621 5.970533 4.913428 3.641193 4.258246 5.901512 7.304770 7.868832 7.305198 5.907863 4.270923 4.672417 6.636843 8.400526 9.134747 8.400526 6.636843 4.672417 4.270923 5.907863 7.305198 7.868832 7.304770 5.901512 4.258246 3.641193 4.913428 5.970533 6.374621 5.917181 4.808751 3.502147 3.382008 4.577520 5.564764 5.921343 5.460922 4.396180 3.155076,
 58.791683 61.157005 63.260860 64.580780 64.911362 64.356842 63.204449 75.258644 81.124214 86.422859 88.965927 88.213005 85.462761 82.025780 96.363846 106.215660 115.657539 119.753357 116.479805 109.239647 101.642044 108.520309 119.345200 130.161423 135.188370 130.161423 119.345200 108.520309 101.642044 109.239647 116.479805 119.753357 115.657539 106.215660 96.363846 82.025780 85.462761 88.213005 88.965927 86.422859 81.124214 75.258644 63.204449 64.356842 64.911362 64.580780 63.260860 61.157005 58.791683,
 300.017975 308.597595 316.269135 320.454407 319.612640 315.203308 308.744537 415.200165 439.735199 460.348358 469.925293 464.729706 448.918243 428.427887 555.562195 600.405029 637.692322 653.606445 640.581848 606.747559 565.066223 626.019409 680.275024 725.477356 744.188232 725.477356 680.275024 626.019409 565.066223 606.747559 640.581848 653.606445 637.692322 600.405029 555.562195 428.427887 448.918243 464.729706 469.925293 460.348358 439.735199 415.200165 308.744537 315.203308 319.612640 320.454407 316.269135 308.597595 300.017975,
 48.584743 49.730118 50.674427 50.694756 49.399654 47.504105 45.968342 65.410461 69.358543 73.313965 74.995285 72.486191 67.219597 62.411968 83.484978 91.405724 100.130501 104.611679 100.169731 90.142067 81.110115 90.728912 101.281372 113.342667 119.352417 113.342667 101.281372 90.728912 81.110115 90.142067 100.169731 104.611679 100.130501 91.405724 83.484978 62.411968 67.219597 72.486191 74.995285 73.313965 69.358543 65.410461 45.968342 47.504105 49.399654 50.694756 50.674427 49.730118 48.584743,
 1.935236 2.763301 3.462515 3.734627 3.453619 2.769359 1.980311 2.148440 3.013126 3.745399 4.032729 3.740275 3.025882 2.204598 2.555619 3.626629 4.579796 4.956192 4.542795 3.595910 2.567512 2.849359 4.118051 5.324844 5.848621 5.324844 4.118051 2.849359 2.567512 3.595910 4.542795 4.956192 4.579796 3.626629 2.555619 2.204598 3.025882 3.740275 4.032729 3.745399 3.013126 2.148440 1.980311 2.769359 3.453619 3.734627 3.462515 2.763301 1.935236,
 30.164389 33.349926 36.363308 37.975056 37.545925 35.666569 33.362995 42.035358 48.250122 53.707623 55.493744 53.072933 48.368835 43.434032 54.394997 63.669067 72.611717 75.604568 70.773293 62.416916 54.431084 59.634304 69.679230 80.311340 85.416855 80.311340 69.679230 59.634304 54.431084 62.416916 70.773293 75.604568 72.611717 63.669067 54.394997 43.434032 48.368835 53.072933 55.493744 53.707623 48.250122 42.035358 33.362995 35.666569 37.545925 37.975056 36.363308 33.349926 30.164389,
 182.003113 193.130035 200.421188 201.926178 198.383194 193.034149 187.300110 257.423187 280.988403 298.098297 302.966766 294.271088 277.271362 257.285492 335.969086 375.156311 405.689056 416.290955 401.916046 370.473450 332.861847 369.217255 415.895508 454.335846 470.209290 454.335846 415.895508 369.217255 332.861847 370.473450 401.916046 416.290955 405.689056 375.156311 335.969086 257.285492 277.271362 294.271088 302.966766 298.098297 280.988403 257.423187 187.300110 193.034149 198.383194 201.926178 200.421188 193.130035 182.003113,
 29.550558 30.004202 30.296482 30.524038 30.728893 30.842607 30.889471 39.325893 41.671227 43.973122 45.927635 46.296883 44.643684 42.419743 49.462013 54.308941 59.980324 64.236954 63.104446 57.553715 52.052551 54.875523 61.452057 69.282822 73.413017 69.282822 61.452057 54.875523 52.052551 57.553715 63.104446 64.236954 59.980324 54.308941 49.462013 42.419743 44.643684 46.296883 45.927635 43.973122 41.671227 39.325893 30.889471 30.842607 30.728893 30.524038 30.296482 30.004202 29.550558,
 0.749330 1.070935 1.352994 1.464610 1.369895 1.149137 0.952873 1.421320 1.932154 2.370199 2.554045 2.384624 1.935170 1.440078 2.162188 3.079823 3.908122 4.251319 3.871043 2.985744 2.049753 2.444754 3.626683 4.791712 5.314299 4.791712 3.626683 2.444754 2.049753 2.985744 3.871043 4.251319 3.908122 3.079823 2.162188 1.440078 1.935170 2.384624 2.554045 2.370199 1.932154 1.421320 0.952873 1.149137 1.369895 1.464610 1.352994 1.070935 0.749330,
 16.292171 18.303434 19.574764 19.413723 17.810684 15.503160 13.187934 22.650860 26.371899 28.656954 28.245535 25.839674 22.789658 19.538670 27.150486 32.815769 37.716675 38.278557 34.413879 29.572750 25.177128 28.044750 33.745148 40.143631 43.397629 40.143631 33.745148 28.044750 25.177128 29.572750 34.413879 38.278557 37.716675 32.815769 27.150486 19.538670 22.789658 25.839674 28.245535 28.656954 26.371899 22.650860 13.187934 15.503160 17.810684 19.413723 19.574764 18.303434 16.292171,
 54.427689 65.221062 72.317413 73.945236 69.040955 58.783741 46.075958 83.336044 99.861763 112.610260 117.774544 112.473267 98.201057 80.270752 109.586464 133.941330 154.485229 163.461975 155.684753 134.918655 110.109138 121.625702 149.933868 174.504593 184.902908 174.504593 149.933868 121.625702 110.109138 134.918655 155.684753 163.461975 154.485229 133.941330 109.586464 80.270752 98.201057 112.473267 117.774544 112.610260 99.861763 83.336044 46.075958 58.783741 69.040955 73.945236 72.317413 65.221062 54.427689,
 8.059037 8.478292 8.256216 8.145741 8.622433 9.318094 9.482608 13.011497 13.698492 14.519843 15.906383 16.730812 15.570238 13.205929 16.616182 18.731897 22.270851 25.660797 25.141678 20.624769 16.155336 17.672983 21.780693 27.599880 30.800058 27.599880 21.780693 17.672983 16.155336 20.624769 25.141678 25.660797 22.270851 18.731897 16.616182 13.205929 15.570238 16.730812 15.906383 14.519843 13.698492 13.011497 9.482608 9.318094 8.622433 8.145741 8.256216 8.478292 8.059037,
 0.579196 1.438436 2.044989 2.212467 1.942586 1.336462 0.563209 0.557336 1.416289 2.120363 2.380547 2.126678 1.496380 0.734403 0.773402 1.966302 3.077061 3.528478 3.072250 2.024638 0.929670 1.067463 2.499451 3.907731 4.524598 3.907731 2.499451 1.067463 0.929670 2.024638 3.072250 3.528478 3.077061 1.966302 0.773402 0.734403 1.496380 2.126678 2.380547 2.120363 1.416289 0.557336 0.563209 1.336462 1.942586 2.212467 2.044989 1.438436 0.579196,
 0.675092 2.302242 3.267606 2.619344 1.616575 1.425552 1.575226 2.569638 5.007906 7.325945 7.123291 5.107939 3.718043 3.511235 4.380837 7.622087 11.659039 12.778477 10.011887 6.774190 5.133515 5.414209 8.476465 13.102438 15.667483 13.102438 8.476465 5.414209 5.133515 6.774190 10.011887 12.778477 11.659039 7.622087 4.380837 3.511235 3.718043 5.107939 7.123291 7.325945 5.007906 2.569638 1.575226 1.425552 1.616575 2.619344 3.267606 2.302242 0.675092,
 -6.026352 -2.441032 0.033911 0.279104 0.543435 2.671470 5.789082 8.138492 14.532021 19.600559 19.878109 16.565083 13.554234 12.015931 21.575953 32.890511 43.385834 46.644096 40.770737 31.264717 22.593664 27.530247 40.904720 54.338280 60.597397 54.338280 40.904720 27.530247 22.593664 31.264717 40.770737 46.644096 43.385834 32.890511 21.575953 12.015931 13.554234 16.565083 19.878109 19.600559 14.532021 8.138492 5.789082 2.671470 0.543435 0.279104 0.033911 -2.441032 -6.026352,
 -0.399478 0.172396 0.133742 -0.472022 -0.570201 0.320607 1.439735 1.445781 1.396857 1.462852 2.230301 3.219185 3.682982 3.613571 3.658599 3.874206 5.852160 8.541115 8.781742 6.743677 5.088986 5.040817 6.511193 10.058091 12.336155 10.058091 6.511193 5.040817 5.088986 6.743677 8.781742 8.541115 5.852160 3.874206 3.658599 3.613571 3.682982 3.219185 2.230301 1.462852 1.396857 1.445781 1.439735 0.320607 -0.570201 -0.472022 0.133742 0.172396 -0.399478,

Pairwise cross-correlations of the modulus of all oriented sub-bands at the same scale (size QxQ)
 9.134748 9.195674 8.758018 8.634121,
 9.195674 135.188370 279.474640 85.656746,
 8.758018 279.474640 744.188293 259.438324,
 8.634121 85.656746 259.438324 119.352417,
 5.848622 6.457496 7.125101 5.259290,
 6.457496 85.416855 174.243683 55.039597,
 7.125101 174.243683 470.209290 163.603043,
 5.259290 55.039597 163.603043 73.413033,
 5.314299 4.000934 5.415084 3.056869,
 4.000934 43.397636 73.418030 20.248680,
 5.415084 73.418030 184.902924 61.784946,
 3.056869 20.248680 61.784946 30.800060,
 4.524598 4.524316 3.934807 3.481695,
 4.524316 15.667484 23.381306 7.200347,
 3.934807 23.381306 60.597397 18.225628,
 3.481695 7.200347 18.225628 12.336155,

Cross-correlations of the modulus of all oriented sub-bands with all oriented sub-bands at the coarser scale (size QxQ)
 5.594728 5.453521 0.746518 3.528908,
 9.420375 41.652016 76.937607 29.254105,
 16.038435 85.957527 199.858810 78.520424,
 8.691582 30.608635 72.611145 35.139820,
 3.557419 2.547998 1.245360 2.632789,
 5.646658 24.753941 34.232090 12.773454,
 9.964587 53.813190 91.926666 35.361767,
 4.840240 19.675922 34.106846 16.686401,
 3.240494 4.427749 4.987307 2.937822,
 1.726080 4.544948 5.632686 3.795353,
 1.802975 14.127247 28.412426 8.702112,
 2.221403 8.559773 15.115196 6.346817,

Cross-correlations of the real part of each oriented sub-band with both the real and imaginary part of all phase-doubled oriented sub-bands at the next coarser scale (Q matrices of size 1x2Q, which are computed and stored in a matrix of size Qx2Q)
 -1.391824 -0.559466 -0.251708 -0.627724 1.068227 0.268827 0.178685 -0.385405,
 -0.887077 -13.694405 -32.636951 -14.825966 0.445000 -0.713117 -1.761555 -1.508934,
 -0.489170 -35.301262 -104.846268 -49.592533 -0.056116 -1.522766 -5.973439 -6.481026,
 -0.870966 -12.738867 -42.429188 -22.400757 0.353041 0.099510 -2.011622 -4.190402,
 0.521404 -0.525097 -0.204036 -0.275055 0.621191 0.043554 0.030196 0.222220,
 0.082136 -11.402509 8.045631 7.299729 0.366518 -0.700736 -1.069295 2.044364,
 -0.224616 -11.415629 49.169994 20.327007 0.025970 0.876025 16.513678 12.316898,
 0.139916 0.602878 24.599274 5.646650 0.080652 1.431883 12.888243 7.724243,
 0.027674 0.201780 -0.078826 -0.065001 -0.256202 0.402074 -0.112210 -0.669958,
 -0.096767 1.841844 5.242881 0.878604 -0.017061 -0.962438 -0.972066 1.464473,
 -0.119555 3.095600 10.556314 1.047835 0.091410 -3.161496 -1.579924 4.502892,
 0.097576 0.639804 1.960015 -0.566313 -0.012256 -0.502727 -0.470606 0.256286,
