Low-band skewness and kurtosis
 -0.497540 2.125263,
 -0.346231 2.153190,
 -0.289084 1.993827,
 -0.172161 1.706702,
 -0.161555 1.703153,

High-band variance
 982.967896,

Skewness, kurtosis, variance, mean, maximum and minimum of the reconstructed texture
 -0.616635 1.919807 5644.151855 187.513306 255.000000 1.000000,

Auto-correlations of the low-frequency bands at each scale
 1356.143433 1300.918335 1299.085693 1329.920044 1371.827881 1415.322144 1454.511353 1895.750854 1601.494629 1352.477539 1210.233765 1192.941650 1282.887939 1432.681763 3253.059570 3226.583740 3128.208984 2961.036621 2730.627930 2492.756104 2304.924805 3563.168457 3972.300537 4308.308105 4444.593750 4308.308105 3972.300537 3563.168457 2304.924805 2492.756104 2730.627930 2961.036621 3128.208984 3226.583740 3253.059570 1432.681763 1282.887939 1192.941650 1210.233765 1352.477539 1601.494629 1895.750854 1454.511353 1415.322144 1371.827881 1329.920044 1299.085693 1300.918335 1356.143433,
 1326.447510 1302.633911 1320.940552 1355.743408 1378.341431 1381.910522 1368.123535 1648.216309 1454.064575 1292.874268 1195.290405 1168.916016 1215.012817 1306.895264 2382.941406 2378.579102 2323.807373 2211.270264 2050.598877 1900.941772 1805.854004 2531.003418 2791.908691 3014.663086 3107.412109 3014.663086 2791.908691 2531.003418 1805.854004 1900.941772 2050.598877 2211.270264 2323.807373 2378.579102 2382.941406 1306.895264 1215.012817 1168.916016 1195.290405 1292.874268 1454.064575 1648.216309 1368.123535 1381.910522 1378.341431 1355.743408 1320.940552 1302.633911 1326.447510,
 1183.319580 1166.268188 1170.591064 1187.835938 1203.706055 1221.577759 1246.987061 1489.170166 1398.379517 1320.259521 1262.345825 1220.690674 1206.312622 1219.403809 1910.378052 1906.987915 1885.575439 1825.003662 1712.866699 1593.703247 1505.104370 1953.456299 2087.914307 2215.466309 2273.540039 2215.466309 2087.914307 1953.456299 1505.104370 1593.703247 1712.866699 1825.003662 1885.575439 1906.987915 1910.378052 1219.403809 1206.312622 1220.690674 1262.345825 1320.259521 1398.379517 1489.170166 1246.987061 1221.577759 1203.706055 1187.835938 1170.591064 1166.268188 1183.319580,
 593.493408 602.951721 608.140015 600.716736 576.612549 545.605042 517.356201 1100.969360 1096.283569 1094.990112 1088.630249 1070.213257 1054.624390 1049.262573 1533.981689 1562.518677 1580.553345 1562.689575 1496.409058 1421.354858 1372.887939 1604.042603 1694.360107 1788.131592 1832.220337 1788.131592 1694.360107 1604.042603 1372.887939 1421.354858 1496.409058 1562.689575 1580.553345 1562.518677 1533.981689 1049.262573 1054.624390 1070.213257 1088.630249 1094.990112 1096.283569 1100.969360 517.356201 545.605042 576.612549 600.716736 608.140015 602.951721 593.493408,
 -1000.587891 -1014.688904 -1083.871826 -1157.392944 -1164.723877 -1114.258301 -1060.152588 1.819897 27.323959 13.486588 -43.054245 -98.190224 -107.874771 -77.149033 1054.203979 1109.104980 1165.502808 1162.326294 1087.946899 1016.852051 1001.682556 1489.948853 1544.852417 1640.729858 1693.559570 1640.729858 1544.852417 1489.948853 1001.682556 1016.852051 1087.946899 1162.326294 1165.502808 1109.104980 1054.203979 -77.149033 -107.874771 -98.190224 -43.054245 13.486588 27.323959 1.819897 -1060.152588 -1114.258301 -1164.723877 -1157.392944 -1083.871826 -1014.688904 -1000.587891,

Auto-correlations of the modulus of each oriented sub-band
 5.558108 6.692362 7.693845 8.100958 7.666919 6.578350 5.273668 6.243110 7.630384 8.787761 9.171662 8.583436 7.293784 5.815291 7.259458 9.138881 10.789733 11.589598 11.030669 9.236932 7.002481 7.585539 10.309746 13.072587 14.322392 13.072587 10.309746 7.585539 7.002481 9.236932 11.030669 11.589598 10.789733 9.138881 7.259458 5.815291 7.293784 8.583436 9.171662 8.787761 7.630384 6.243110 5.273668 6.578350 7.666919 8.100958 7.693845 6.692362 5.558108,
 30.997999 33.452663 37.918182 41.996742 43.177742 43.490528 45.140205 43.966331 49.915230 59.389420 65.668114 63.923462 60.145805 59.024132 59.366241 69.365829 85.270485 94.392960 86.854790 75.303299 69.184174 69.574013 79.979263 97.758804 108.903137 97.758804 79.979263 69.574013 69.184174 75.303299 86.854790 94.392960 85.270485 69.365829 59.366241 59.024132 60.145805 63.923462 65.668114 59.389420 49.915230 43.966331 45.140205 43.490528 43.177742 41.996742 37.918182 33.452663 30.997999,
 185.069321 187.430267 190.993927 191.208191 182.143158 166.811676 153.096207 255.574249 279.103241 304.809326 314.681488 292.621704 250.289261 210.920685 315.859131 372.164459 432.546143 459.513062 423.585388 350.684906 282.681641 328.330383 405.786682 489.447815 529.704834 489.447815 405.786682 328.330383 282.681641 350.684906 423.585388 459.513062 432.546143 372.164459 315.859131 210.920685 250.289261 292.621704 314.681488 304.809326 279.103241 255.574249 153.096207 166.811676 182.143158 191.208191 190.993927 187.430267 185.069321,
 90.956635 88.756538 84.415619 78.119614 70.629318 63.174126 56.751354 120.115952 123.980713 124.397270 119.698311 109.007835 94.545517 80.386932 139.947250 153.950806 164.774414 166.518509 154.595459 133.605835 112.091080 137.035629 159.136505 179.710251 188.942505 179.710251 159.136505 137.035629 112.091080 133.605835 154.595459 166.518509 164.774414 153.950806 139.947250 80.386932 94.545517 109.007835 119.698311 124.397270 123.980713 120.115952 56.751354 63.174126 70.629318 78.119614 84.415619 88.756538 90.956635,
 3.849587 5.012753 5.980479 6.376997 6.037775 5.071815 3.813971 4.379692 5.755169 6.965475 7.534955 7.199971 6.041412 4.515774 5.143257 7.142099 9.091002 10.104240 9.511823 7.610214 5.418768 5.703360 8.276745 10.880926 12.065572 10.880926 8.276745 5.703360 5.418768 7.610214 9.511823 10.104240 9.091002 7.142099 5.143257 4.515774 6.041412 7.199971 7.534955 6.965475 5.755169 4.379692 3.813971 5.071815 6.037775 6.376997 5.980479 5.012753 3.849587,
 11.130996 14.525868 18.214062 21.514593 24.035786 25.835468 26.775513 18.758945 24.929638 31.086758 34.482162 34.976231 34.546024 33.376293 28.100245 36.738110 46.106224 50.198898 46.822342 41.640995 37.028282 35.232643 43.271133 52.955719 58.349262 52.955719 43.271133 35.232643 37.028282 41.640995 46.822342 50.198898 46.106224 36.738110 28.100245 33.376293 34.546024 34.976231 34.482162 31.086758 24.929638 18.758945 26.775513 25.835468 24.035786 21.514593 18.214062 14.525868 11.130996,
 57.909153 67.374939 77.418831 83.797470 83.028297 76.681519 67.287643 100.629196 125.730270 150.233337 161.119934 149.445984 123.221756 94.916153 136.320389 181.782333 227.031281 246.879303 223.982239 175.686661 127.575188 146.679718 202.943253 260.495605 287.513855 260.495605 202.943253 146.679718 127.575188 175.686661 223.982239 246.879303 227.031281 181.782333 136.320389 94.916153 123.221756 149.445984 161.119934 150.233337 125.730270 100.629196 67.287643 76.681519 83.028297 83.797470 77.418831 67.374939 57.909153,
 53.528576 52.469093 49.339867 44.776680 39.179581 32.669167 25.942188 70.022934 72.596573 72.656219 69.783707 62.935307 52.567719 41.641235 79.697563 89.251343 96.791489 98.790253 91.308411 76.746826 61.374794 76.606094 92.135857 106.710999 113.336403 106.710999 92.135857 76.606094 61.374794 76.746826 91.308411 98.790253 96.791489 89.251343 79.697563 41.641235 52.567719 62.935307 69.783707 72.656219 72.596573 70.022934 25.942188 32.669167 39.179581 44.776680 49.339867 52.469093 53.528576,
 3.316810 5.133622 6.452668 6.702011 5.804454 4.206109 2.546047 3.636954 5.608902 7.108224 7.517884 6.670369 4.962673 3.054881 4.401121 6.892848 9.078046 9.969192 9.040591 6.771095 4.186385 4.983921 8.029736 10.841714 12.038084 10.841714 8.029736 4.983921 4.186385 6.771095 9.040591 9.969192 9.078046 6.892848 4.401121 3.054881 4.962673 6.670369 7.517884 7.108224 5.608902 3.636954 2.546047 4.206109 5.804454 6.702011 6.452668 5.133622 3.316810,
 -0.930072 -0.502438 0.411228 1.102906 1.360991 1.444664 0.935485 3.024175 5.317306 7.500006 7.738255 6.813448 6.248652 5.528999 6.621691 10.699379 15.832626 16.816902 13.244961 10.101875 8.500723 8.686357 12.081246 18.217022 22.104506 18.217022 12.081246 8.686357 8.500723 10.101875 13.244961 16.816902 15.832626 10.699379 6.621691 5.528999 6.248652 6.813448 7.738255 7.500006 5.317306 3.024175 0.935485 1.444664 1.360991 1.102906 0.411228 -0.502438 -0.930072,
 -6.235386 -1.755907 5.049344 12.002501 16.755383 17.113613 13.190269 14.786981 28.794735 44.038815 54.116684 54.739254 46.493778 33.128582 45.292801 72.367432 99.318871 113.516235 106.676338 84.203796 57.115578 64.428741 98.437637 130.581238 144.881042 130.581238 98.437637 64.428741 57.115578 84.203796 106.676338 113.516235 99.318871 72.367432 45.292801 33.128582 46.493778 54.739254 54.116684 44.038815 28.794735 14.786981 13.190269 17.113613 16.755383 12.002501 5.049344 -1.755907 -6.235386,
 7.722238 8.784194 9.332860 9.186148 8.286126 6.998847 6.047833 16.979118 20.239178 22.109076 21.868168 19.045954 14.597375 10.690351 25.142586 32.303242 38.182106 40.185608 35.885597 27.261541 19.104130 25.860683 35.753719 45.643654 50.328247 45.643654 35.753719 25.860683 19.104130 27.261541 35.885597 40.185608 38.182106 32.303242 25.142586 10.690351 14.597375 19.045954 21.868168 22.109076 20.239178 16.979118 6.047833 6.998847 8.286126 9.186148 9.332860 8.784194 7.722238,
 0.180823 1.870761 3.371158 3.983920 3.337752 1.760135 -0.042469 0.567392 2.570627 4.457365 5.311910 4.559505 2.585529 0.376572 1.311349 3.886370 6.379541 7.481341 6.410888 3.811644 1.085585 1.733280 4.756264 7.728280 9.037601 7.728280 4.756264 1.733280 1.085585 3.811644 6.410888 7.481341 6.379541 3.886370 1.311349 0.376572 2.585529 4.559505 5.311910 4.457365 2.570627 0.567392 -0.042469 1.760135 3.337752 3.983920 3.371158 1.870761 0.180823,
 -0.769996 -0.231015 0.128118 0.302775 0.258844 0.199340 0.250280 -0.845641 0.938600 2.245643 1.947701 0.970620 0.321728 0.053516 -0.574947 2.015960 5.296126 5.629924 3.049693 0.892247 -0.014927 -0.220824 1.759688 5.643634 8.120514 5.643634 1.759688 -0.220824 -0.014927 0.892247 3.049693 5.629924 5.296126 2.015960 -0.574947 0.053516 0.321728 0.970620 1.947701 2.245643 0.938600 -0.845641 0.250280 0.199340 0.258844 0.302775 0.128118 -0.231015 -0.769996,
 -8.232379 -6.845714 -5.515918 -5.117416 -5.681060 -5.355820 -5.030877 5.862441 9.380774 12.032304 11.219913 6.596379 2.821119 0.810986 19.357708 26.534302 33.177128 34.212021 26.962505 18.228325 11.944516 21.492916 30.409983 40.625942 46.065784 40.625942 30.409983 21.492916 11.944516 18.228325 26.962505 34.212021 33.177128 26.534302 19.357708 0.810986 2.821119 6.596379 11.219913 12.032304 9.380774 5.862441 -5.030877 -5.355820 -5.681060 -5.117416 -5.515918 -6.845714 -8.232379,
 -6.461375 -6.399965 -6.365709 -6.417044 -6.076935 -5.396698 -5.147079 2.693948 3.511503 3.761580 4.194228 5.065628 4.901443 3.420750 13.051855 15.076754 16.950491 19.113537 19.438257 16.704382 13.298452 17.748707 21.233681 25.184692 27.365913 25.184692 21.233681 17.748707 13.298452 16.704382 19.438257 19.113537 16.950491 15.076754 13.051855 3.420750 4.901443 5.065628 4.194228 3.761580 3.511503 2.693948 -5.147079 -5.396698 -6.076935 -6.417044 -6.365709 -6.399965 -6.461375,

Pairwise cross-correlations of the modulus of all oriented sub-bands at the same scale (size QxQ)
 14.322393 11.586057 14.567725 16.881634,
 11.586057 108.903137 156.833191 39.081085,
 14.567725 156.833191 529.704773 240.213165,
 16.881634 39.081085 240.213165 188.942520,
 12.065572 5.874242 5.375571 10.330383,
 5.874242 58.349266 79.099777 8.557582,
 5.375571 79.099777 287.513916 122.777710,
 10.330383 8.557582 122.777710 113.336411,
 12.038086 3.829865 -3.084042 2.473563,
 3.829865 22.104507 32.275082 10.311006,
 -3.084042 32.275082 144.881073 64.723015,
 2.473563 10.311006 64.723015 50.328251,
 9.037601 2.303994 -4.372599 -0.999099,
 2.303994 8.120516 7.063012 4.065554,
 -4.372599 7.063012 46.065788 28.146877,
 -0.999099 4.065554 28.146877 27.365917,

Cross-correlations of the modulus of all oriented sub-bands with all oriented sub-bands at the coarser scale (size QxQ)
 8.998899 4.114930 1.535651 9.016369,
 9.643666 33.705048 29.647224 2.588220,
 15.824328 35.453335 86.446526 44.407459,
 12.504213 -1.547941 33.796593 48.260719,
 8.553938 4.875550 -0.237389 3.302360,
 5.361349 8.599055 -2.684413 -4.214561,
 7.272870 2.925021 13.104787 7.502135,
 6.852240 -0.259552 11.314671 17.215425,
 7.801737 3.686230 -3.399637 0.559140,
 0.537702 4.887821 -0.386593 0.325496,
 -8.761370 -0.390118 16.026266 13.692200,
 -2.716263 -0.536529 11.086301 15.081959,

Cross-correlations of the real part of each oriented sub-band with both the real and imaginary part of all phase-doubled oriented sub-bands at the next coarser scale (Q matrices of size 1x2Q, which are computed and stored in a matrix of size Qx2Q)
 -0.738760 -1.920070 -2.647409 -2.629606 1.015069 0.011400 -0.079317 -0.590141,
 -1.215231 -31.179827 -29.075470 -7.501160 0.467590 -1.531311 0.908422 0.782252,
 -2.577591 -44.472805 -78.330444 -46.859333 0.092957 -1.505367 4.663493 1.076514,
 -2.322409 -9.342528 -41.010445 -37.705364 0.444786 0.291366 1.990380 -1.675093,
 -0.031897 -0.524337 -0.743576 -1.647577 -0.051143 -0.333651 -0.598461 0.277010,
 -0.082334 -7.766200 -10.163646 -4.595647 -0.090081 1.529610 -6.793448 -3.741993,
 -1.151692 -12.712467 -46.641983 -29.945534 -0.031296 -1.056772 -32.206936 -19.222977,
 -1.203805 -3.735774 -28.012680 -22.731915 -0.258390 -2.284515 -19.038195 -10.964098,
 0.446651 -0.977788 -0.604837 -0.543682 -0.662464 -0.590005 0.406656 1.643915,
 -0.026440 -9.170918 -6.748530 -2.134274 -0.451927 -2.708605 -4.380424 -1.259917,
 -0.353745 -9.314735 -21.289047 -15.233620 -0.581228 -6.201891 -17.584209 -2.392728,
 -0.044270 -1.278435 -11.951336 -11.629656 -0.766268 -2.696158 -7.350228 3.520269,
