Low-band skewness and kurtosis
 -0.468360 2.111573,
 -0.342176 2.255281,
 -0.259949 2.296088,
 0.028446 1.963013,
 0.244184 1.761187,

High-band variance
 1064.851685,

Skewness, kurtosis, variance, mean, maximum and minimum of the reconstructed texture
 -0.605628 1.901343 5744.446289 186.345581 255.000000 2.000000,

Auto-correlations of the low-frequency bands at each scale
 1375.615845 1179.775879 1063.651367 1049.973145 1115.736084 1219.723389 1333.029419 1901.221802 1580.010376 1255.571777 1073.708130 1110.760986 1333.325317 1623.263062 2789.541260 2956.013916 3023.766113 2959.253662 2785.268555 2596.866943 2456.275146 3149.270508 3728.416016 4245.447266 4461.117676 4245.447266 3728.416016 3149.270508 2456.275146 2596.866943 2785.268555 2959.253662 3023.766113 2956.013916 2789.541260 1623.263062 1333.325317 1110.760986 1073.708130 1255.571777 1580.010376 1901.221802 1333.029419 1219.723389 1115.736084 1049.973145 1063.651367 1179.775879 1375.615845,
 1181.508301 1094.979492 1044.346313 1036.179199 1054.610229 1088.013184 1136.593750 1486.638306 1303.145874 1119.158203 1024.741455 1059.394043 1197.135620 1365.021606 2035.640259 2111.482910 2146.233887 2118.403809 2032.205200 1939.374023 1870.293823 2270.021240 2592.622559 2895.051025 3025.107422 2895.051025 2592.622559 2270.021240 1870.293823 1939.374023 2032.205200 2118.403809 2146.233887 2111.482910 2035.640259 1365.021606 1197.135620 1059.394043 1024.741455 1119.158203 1303.145874 1486.638306 1136.593750 1088.013184 1054.610229 1036.179199 1044.346313 1094.979492 1181.508301,
 1067.731079 1028.366943 1005.444580 1000.444031 1003.837524 1003.027527 995.378296 1198.115112 1106.577271 1014.559509 967.437256 985.773621 1058.768677 1151.521362 1567.480835 1622.024780 1645.864624 1630.132812 1581.772827 1537.124878 1518.021606 1773.232666 1950.767334 2114.629395 2184.888916 2114.629395 1950.767334 1773.232666 1518.021606 1537.124878 1581.772827 1630.132812 1645.864624 1622.024780 1567.480835 1151.521362 1058.768677 985.773621 967.437256 1014.559509 1106.577271 1198.115112 995.378296 1003.027527 1003.837524 1000.444031 1005.444580 1028.366943 1067.731079,
 510.899017 516.220215 529.204834 540.072266 540.079468 530.258057 514.359192 1001.392822 969.549805 928.019226 894.915649 883.214661 894.761230 911.222168 1343.116211 1370.893921 1380.958252 1360.162598 1313.647949 1271.309448 1246.163086 1443.783813 1529.918213 1618.495850 1658.746216 1618.495850 1529.918213 1443.783813 1246.163086 1271.309448 1313.647949 1360.162598 1380.958252 1370.893921 1343.116211 911.222168 894.761230 883.214661 894.915649 928.019226 969.549805 1001.392822 514.359192 530.258057 540.079468 540.072266 529.204834 516.220215 510.899017,
 -901.093018 -917.974609 -964.573853 -1013.817566 -1028.064087 -998.124512 -950.944946 12.123844 20.740763 1.608887 -41.044338 -76.443771 -76.234047 -46.967892 941.935547 986.148071 1023.090820 1019.307190 973.787354 925.783813 905.862183 1322.464355 1379.891113 1452.643433 1487.520630 1452.643433 1379.891113 1322.464355 905.862183 925.783813 973.787354 1019.307190 1023.090820 986.148071 941.935547 -46.967892 -76.234047 -76.443771 -41.044338 1.608887 20.740763 12.123844 -950.944946 -998.124512 -1028.064087 -1013.817566 -964.573853 -917.974609 -901.093018,

Auto-correlations of the modulus of each oriented sub-band
 7.446144 8.445232 9.265439 9.429367 8.833169 7.748650 6.566518 8.159722 9.386908 10.239193 10.441387 9.899578 8.702696 7.270627 8.976413 11.096980 13.079892 14.111359 13.482413 11.437491 8.982272 9.551717 13.059856 16.983440 18.878159 16.983440 13.059856 9.551717 8.982272 11.437491 13.482413 14.111359 13.079892 11.096980 8.976413 7.270627 8.702696 9.899578 10.441387 10.239193 9.386908 8.159722 6.566518 7.748650 8.833169 9.429367 9.265439 8.445232 7.446144,
 57.403992 62.427429 69.022362 75.276962 79.594490 82.339020 83.790833 73.823273 85.551598 99.851578 109.993408 111.902512 109.237312 105.013977 95.701958 114.804062 137.733383 150.888992 145.141190 130.862045 117.336189 113.450233 133.904495 158.180771 171.083954 158.180771 133.904495 113.450233 117.336189 130.862045 145.141190 150.888992 137.733383 114.804062 95.701958 105.013977 109.237312 111.902512 109.993408 99.851578 85.551598 73.823273 83.790833 82.339020 79.594490 75.276962 69.022362 62.427429 57.403992,
 129.589706 140.417816 155.363266 167.096909 168.450027 159.823975 146.328323 171.759979 208.806122 256.515015 284.712006 269.638306 227.520966 187.495178 213.628815 283.362976 373.127289 421.676758 381.162262 294.091675 221.998169 233.465027 319.815979 430.210144 487.781525 430.210144 319.815979 233.465027 221.998169 294.091675 381.162262 421.676758 373.127289 283.362976 213.628815 187.495178 227.520966 269.638306 284.712006 256.515015 208.806122 171.759979 146.328323 159.823975 168.450027 167.096909 155.363266 140.417816 129.589706,
 126.860703 127.713783 125.765236 119.912178 110.629997 100.828697 92.946915 151.756409 161.809540 168.261780 165.677826 151.259430 131.201569 113.401672 167.173798 190.160187 211.497787 218.190857 200.346420 169.359558 140.853912 162.962326 194.417755 227.510773 243.633118 227.510773 194.417755 162.962326 140.853912 169.359558 200.346420 218.190857 211.497787 190.160187 167.173798 113.401672 131.201569 151.259430 165.677826 168.261780 161.809540 151.756409 92.946915 100.828697 110.629997 119.912178 125.765236 127.713783 126.860703,
 3.762369 4.312824 4.906301 5.218254 5.014695 4.322114 3.435183 4.541827 5.283577 5.852651 5.989753 5.628254 4.809076 3.782062 5.053804 6.408590 7.760334 8.372633 7.755688 6.243473 4.666813 5.552811 7.759335 10.271907 11.486389 10.271907 7.759335 5.552811 4.666813 6.243473 7.755688 8.372633 7.760334 6.408590 5.053804 3.782062 4.809076 5.628254 5.989753 5.852651 5.283577 4.541827 3.435183 4.322114 5.014695 5.218254 4.906301 4.312824 3.762369,
 21.669586 26.749775 32.212135 37.091686 40.118271 40.779858 39.563599 31.169853 41.462143 52.188454 58.840191 59.475304 55.772385 50.106743 43.389076 59.194317 76.150658 84.566528 79.660484 67.968834 55.995178 53.359520 70.035225 88.355835 97.440308 88.355835 70.035225 53.359520 55.995178 67.968834 79.660484 84.566528 76.150658 59.194317 43.389076 50.106743 55.772385 59.475304 58.840191 52.188454 41.462143 31.169853 39.563599 40.779858 40.118271 37.091686 32.212135 26.749775 21.669586,
 53.108429 65.955238 81.596306 90.427551 86.325417 73.959999 58.861641 74.573227 104.783577 140.992126 158.893967 142.883728 108.520042 75.734833 94.449776 146.428680 209.400253 240.632339 209.176895 146.713287 92.999001 101.678696 164.774307 241.411255 280.827515 241.411255 164.774307 101.678696 92.999001 146.713287 209.176895 240.632339 209.400253 146.428680 94.449776 75.734833 108.520042 142.883728 158.893967 140.992126 104.783577 74.573227 58.861641 73.959999 86.325417 90.427551 81.596306 65.955238 53.108429,
 59.437569 62.483219 63.977795 61.558090 54.584843 45.349125 36.682396 74.700584 84.050522 90.427002 89.318230 78.576813 62.633442 48.247005 83.615135 101.622879 117.837624 122.759201 109.577721 86.222855 64.881950 79.641907 103.182594 127.822289 139.617691 127.822289 103.182594 79.641907 64.881950 86.222855 109.577721 122.759201 117.837624 101.622879 83.615135 48.247005 62.633442 78.576813 89.318230 90.427002 84.050522 74.700584 36.682396 45.349125 54.584843 61.558090 63.977795 62.483219 59.437569,
 1.476450 1.701315 1.893745 1.940892 1.797029 1.493297 1.165834 1.525238 1.760105 1.841360 1.841582 1.805686 1.650365 1.346322 1.435034 1.922964 2.625167 3.175408 3.095644 2.430817 1.673947 1.777682 2.812295 4.265319 5.039158 4.265319 2.812295 1.777682 1.673947 2.430817 3.095644 3.175408 2.625167 1.922964 1.435034 1.346322 1.650365 1.805686 1.841582 1.841360 1.760105 1.525238 1.165834 1.493297 1.797029 1.940892 1.893745 1.701315 1.476450,
 9.908909 10.667030 11.947488 13.567900 14.627334 14.772974 14.281296 12.480873 16.745939 21.941704 25.288334 25.389446 23.701609 21.093586 17.267040 24.857502 34.286922 39.333916 36.387913 30.225574 24.457893 22.469101 30.663422 40.860748 46.370171 40.860748 30.663422 22.469101 24.457893 30.225574 36.387913 39.333916 34.286922 24.857502 17.267040 21.093586 23.701609 25.389446 25.288334 21.941704 16.745939 12.480873 14.281296 14.772974 14.627334 13.567900 11.947488 10.667030 9.908909,
 41.535782 50.632114 57.251266 57.696754 52.300919 46.831631 45.445992 50.492565 72.109413 95.018250 102.314461 87.651505 66.950920 54.997211 58.490425 91.696846 132.965698 150.886505 126.466125 86.864830 60.352707 61.936485 97.852554 147.153214 173.601639 147.153214 97.852554 61.936485 60.352707 86.864830 126.466125 150.886505 132.965698 91.696846 58.490425 54.997211 66.950920 87.651505 102.314461 95.018250 72.109413 50.492565 45.445992 46.831631 52.300919 57.696754 57.251266 50.632114 41.535782,
 14.445885 17.553955 19.784346 21.186152 21.252253 19.488216 16.956295 22.247026 27.899731 32.835758 35.545860 33.942486 28.650555 22.977499 29.397335 38.514267 47.867954 52.967918 48.900394 38.806847 29.275654 32.414440 43.638199 55.971615 62.145226 55.971615 43.638199 32.414440 29.275654 38.806847 48.900394 52.967918 47.867954 38.514267 29.397335 22.977499 28.650555 33.942486 35.545860 32.835758 27.899731 22.247026 16.956295 19.488216 21.252253 21.186152 19.784346 17.553955 14.445885,
 0.876023 1.150436 1.219146 1.128154 0.884294 0.488715 0.015800 0.479062 0.920889 1.202303 1.288981 1.141383 0.740544 0.150179 0.625534 1.410449 2.091874 2.338211 1.968894 1.158857 0.261809 0.588075 1.751841 2.946039 3.489124 2.946039 1.751841 0.588075 0.261809 1.158857 1.968894 2.338211 2.091874 1.410449 0.625534 0.150179 0.740544 1.141383 1.288981 1.202303 0.920889 0.479062 0.015800 0.488715 0.884294 1.128154 1.219146 1.150436 0.876023,
 -1.503369 0.668737 3.272194 5.077550 5.214708 3.720631 1.936781 1.748897 5.157102 8.694391 10.293104 9.446175 6.919816 4.157824 5.335361 10.202465 15.179769 16.952267 14.507134 10.075489 5.923693 6.812810 12.120645 17.881550 20.634773 17.881550 12.120645 6.812810 5.923693 10.075489 14.507134 16.952267 15.179769 10.202465 5.335361 4.157824 6.919816 9.446175 10.293104 8.694391 5.157102 1.748897 1.936781 3.720631 5.214708 5.077550 3.272194 0.668737 -1.503369,
 -10.132252 -4.741623 7.092346 21.772285 28.075779 24.068699 18.668728 -1.809562 9.928659 31.019396 52.060043 56.728195 44.877190 30.749374 10.277033 29.998569 58.995594 81.450592 77.460510 54.334690 31.917356 23.319492 47.956238 78.319016 94.159462 78.319016 47.956238 23.319492 31.917356 54.334690 77.460510 81.450592 58.995594 29.998569 10.277033 30.749374 44.877190 56.728195 52.060043 31.019396 9.928659 -1.809562 18.668728 24.068699 28.075779 21.772285 7.092346 -4.741623 -10.132252,
 5.128628 6.650591 7.055449 6.431058 4.313499 1.705242 0.317564 7.081427 9.614723 12.526296 14.199089 12.583762 8.563936 4.910293 8.540228 12.918129 18.780731 22.434534 20.213684 13.801132 8.033798 9.123555 15.061350 22.561176 26.282883 22.561176 15.061350 9.123555 8.033798 13.801132 20.213684 22.434534 18.780731 12.918129 8.540228 4.910293 8.563936 12.583762 14.199089 12.526296 9.614723 7.081427 0.317564 1.705242 4.313499 6.431058 7.055449 6.650591 5.128628,

Pairwise cross-correlations of the modulus of all oriented sub-bands at the same scale (size QxQ)
 18.878157 16.896194 23.735161 31.614876,
 16.896194 171.083923 175.826843 18.164694,
 23.735161 175.826843 487.781677 214.407349,
 31.614876 18.164694 214.407349 243.633133,
 11.486390 8.932203 11.599335 15.440154,
 8.932203 97.440315 97.965836 9.313534,
 11.599335 97.965836 280.827545 123.219917,
 15.440154 9.313534 123.219917 139.617691,
 5.039159 4.170099 7.025156 6.673326,
 4.170099 46.370171 59.871544 11.970163,
 7.025156 59.871544 173.601654 61.799431,
 6.673326 11.970163 61.799431 62.145226,
 3.489125 0.199040 -1.449153 2.134019,
 0.199040 20.634773 35.261208 11.692318,
 -1.449153 35.261208 94.159470 36.183083,
 2.134019 11.692318 36.183083 26.282883,

Cross-correlations of the modulus of all oriented sub-bands with all oriented sub-bands at the coarser scale (size QxQ)
 9.272275 9.139848 8.978075 14.231154,
 13.068217 53.861118 35.914917 -2.935315,
 23.150448 38.454315 69.825935 49.785519,
 21.552641 -5.180012 34.833252 75.296501,
 4.261149 4.423426 7.156397 9.043356,
 6.587076 24.607777 33.934662 14.345453,
 11.613473 20.235100 40.306416 28.940056,
 9.119846 1.748318 8.054544 27.168093,
 1.870418 1.756267 1.521627 2.202405,
 0.762065 13.064833 16.228447 5.318084,
 -0.214304 22.117338 43.015285 16.942986,
 1.802857 8.157387 17.509411 11.113287,

Cross-correlations of the real part of each oriented sub-band with both the real and imaginary part of all phase-doubled oriented sub-bands at the next coarser scale (Q matrices of size 1x2Q, which are computed and stored in a matrix of size Qx2Q)
 -1.440713 -2.996948 -3.368342 -4.679285 0.464811 -0.069957 -0.176979 0.444167,
 -2.130121 -37.238430 -33.557396 -7.882658 0.449044 0.740544 7.212773 0.052924,
 -5.052670 -46.844902 -88.524948 -58.311489 -0.221570 2.637092 13.068980 -2.839669,
 -5.458879 -8.935534 -46.253746 -52.032635 -0.724385 0.807301 1.778954 -1.857302,
 -0.541636 0.019979 0.116925 -1.885573 0.520875 1.031333 0.379148 0.060328,
 -0.353539 -6.191574 -4.767248 -0.818549 0.492475 10.796465 9.078158 0.179689,
 -0.881063 -11.310699 -6.662966 -4.325153 -0.235850 10.253500 7.846700 -2.346251,
 -1.542688 -2.104257 0.703192 -7.211386 -0.343917 0.620685 -2.258965 -1.964951,
 -0.553889 -0.060994 -0.125645 -0.826407 0.323369 0.268775 0.388665 1.440192,
 -0.314819 -3.780621 -3.353742 0.430616 0.100610 3.729214 6.492686 -0.093683,
 -0.394999 -7.880175 -5.295999 -1.531037 -0.496536 3.997334 17.191504 5.534210,
 -0.700205 -1.873283 -0.058060 -3.780132 -0.650338 0.274713 8.447042 8.723684,
