Low-band skewness and kurtosis
 -0.551115 2.116461,
 -0.411409 2.143465,
 -0.288483 2.010691,
 -0.068607 1.720470,
 -0.023763 1.705738,

High-band variance
 976.804810,

Skewness, kurtosis, variance, mean, maximum and minimum of the reconstructed texture
 -0.676786 1.961052 5909.684082 188.708679 255.000000 3.000000,

Auto-correlations of the low-frequency bands at each scale
 1633.205688 1557.599487 1505.177124 1489.003662 1506.426880 1550.823608 1617.678833 1866.018188 1661.581055 1496.662842 1435.514282 1504.045654 1679.029053 1895.715210 3048.292969 3142.907959 3218.312500 3236.729004 3178.757812 3083.417236 2985.636230 3823.280273 4231.684570 4580.968750 4725.299805 4580.968750 4231.684570 3823.280273 2985.636230 3083.417236 3178.757812 3236.729004 3218.312500 3142.907959 3048.292969 1895.715210 1679.029053 1504.045654 1435.514282 1496.662842 1661.581055 1866.018188 1617.678833 1550.823608 1506.426880 1489.003662 1505.177124 1557.599487 1633.205688,
 1529.226074 1524.221558 1524.967163 1534.407715 1552.484497 1579.185913 1613.695068 1699.789062 1568.515869 1454.988525 1399.953491 1424.690430 1524.535156 1662.403809 2350.081543 2388.104736 2427.712402 2437.983887 2397.488281 2334.329834 2272.654785 2781.113770 3038.717773 3266.460205 3363.107422 3266.460205 3038.717773 2781.113770 2272.654785 2334.329834 2397.488281 2437.983887 2427.712402 2388.104736 2350.081543 1662.403809 1524.535156 1424.690430 1399.953491 1454.988525 1568.515869 1699.789062 1613.695068 1579.185913 1552.484497 1534.407715 1524.967163 1524.221558 1529.226074,
 1403.507568 1395.519897 1393.449463 1400.795776 1414.099609 1429.276733 1446.787354 1489.529785 1441.687622 1414.257568 1417.911255 1451.468506 1509.975952 1575.483398 1903.740967 1941.806274 1988.385010 2014.631714 1997.407227 1959.377808 1920.664307 2199.834717 2338.633545 2468.705322 2526.815674 2468.705322 2338.633545 2199.834717 1920.664307 1959.377808 1997.407227 2014.631714 1988.385010 1941.806274 1903.740967 1575.483398 1509.975952 1451.468506 1417.911255 1414.257568 1441.687622 1489.529785 1446.787354 1429.276733 1414.099609 1400.795776 1393.449463 1395.519897 1403.507568,
 683.449951 655.851013 614.609192 567.001648 525.679260 496.413513 487.171875 1226.941162 1192.770630 1153.631104 1121.959106 1102.464600 1101.681519 1121.165771 1646.599976 1671.654053 1710.706665 1741.042236 1733.026733 1696.831055 1653.895386 1845.022583 1941.646240 2037.565186 2081.415527 2037.565186 1941.646240 1845.022583 1653.895386 1696.831055 1733.026733 1741.042236 1710.706665 1671.654053 1646.599976 1121.165771 1101.681519 1102.464600 1121.959106 1153.631104 1192.770630 1226.941162 487.171875 496.413513 525.679260 567.001648 614.609192 655.851013 683.449951,
 -1197.596069 -1211.151978 -1232.055786 -1247.501465 -1239.482300 -1212.196655 -1191.561157 81.928375 39.316082 -30.658897 -92.168213 -102.587242 -49.118282 28.955038 1232.860352 1269.849609 1280.698242 1249.084961 1190.805176 1152.068848 1156.331543 1643.717773 1730.559326 1831.138428 1877.502075 1831.138428 1730.559326 1643.717773 1156.331543 1152.068848 1190.805176 1249.084961 1280.698242 1269.849609 1232.860352 28.955038 -49.118282 -102.587242 -92.168213 -30.658897 39.316082 81.928375 -1191.561157 -1212.196655 -1239.482300 -1247.501465 -1232.055786 -1211.151978 -1197.596069,

Auto-correlations of the modulus of each oriented sub-band
 6.434960 7.247163 7.910792 8.072371 7.556937 6.539634 5.368152 7.227585 8.292356 9.141025 9.426164 8.911523 7.700106 6.260138 8.287363 10.312285 12.014818 12.669856 11.937914 10.116914 7.879408 8.715063 11.712047 14.734041 16.105667 14.734041 11.712047 8.715063 7.879408 10.116914 11.937914 12.669856 12.014818 10.312285 8.287363 6.260138 7.700106 8.911523 9.426164 9.141025 8.292356 7.227585 5.368152 6.539634 7.556937 8.072371 7.910792 7.247163 6.434960,
 59.462349 64.618027 69.655441 72.826477 74.116348 75.294022 77.098900 75.934357 86.534813 98.190964 104.428780 103.118835 99.076332 95.814301 95.270477 112.191696 132.191116 142.008545 134.526108 120.455551 109.095016 108.873840 126.695145 148.938171 160.745728 148.938171 126.695145 108.873840 109.095016 120.455551 134.526108 142.008545 132.191116 112.191696 95.270477 95.814301 99.076332 103.118835 104.428780 98.190964 86.534813 75.934357 77.098900 75.294022 74.116348 72.826477 69.655441 64.618027 59.462349,
 257.994598 266.411957 271.168243 267.273743 252.621063 233.366379 217.672501 315.742523 348.441772 379.707977 389.124634 363.898102 319.350708 279.188751 366.622955 431.514862 499.731415 529.005371 490.597748 414.642731 345.279510 381.182526 463.302795 552.944702 596.101440 552.944702 463.302795 381.182526 345.279510 414.642731 490.597748 529.005371 499.731415 431.514862 366.622955 279.188751 319.350708 363.898102 389.124634 379.707977 348.441772 315.742523 217.672501 233.366379 252.621063 267.273743 271.168243 266.411957 257.994598,
 101.307709 100.562195 98.997375 95.236252 88.603943 81.008392 74.534683 119.560715 124.542015 129.058533 128.698700 119.700943 105.924522 93.542709 131.630478 145.423981 160.778198 167.602692 156.181061 134.648285 115.516159 130.517365 150.893036 174.623413 186.870300 174.623413 150.893036 130.517365 115.516159 134.648285 156.181061 167.602692 160.778198 145.423981 131.630478 93.542709 105.924522 119.700943 128.698700 129.058533 124.542015 119.560715 74.534683 81.008392 88.603943 95.236252 98.997375 100.562195 101.307709,
 3.739084 4.302192 4.877103 5.106344 4.819834 4.190169 3.552460 4.174153 4.963283 5.631572 5.817412 5.385069 4.529986 3.693302 5.043049 6.578689 8.085670 8.699599 7.912753 6.212143 4.582774 5.390757 7.628209 10.098812 11.276514 10.098812 7.628209 5.390757 4.582774 6.212143 7.912753 8.699599 8.085670 6.578689 5.043049 3.693302 4.529986 5.385069 5.817412 5.631572 4.963283 4.174153 3.552460 4.190169 4.819834 5.106344 4.877103 4.302192 3.739084,
 28.940432 32.130852 35.633438 38.298134 40.154747 42.045280 43.946396 41.377647 48.966900 56.462666 59.771725 58.814159 56.733387 54.635262 53.673416 66.024033 79.291122 84.605972 78.839447 69.456924 61.319519 61.163322 73.990707 89.047630 96.943428 89.047630 73.990707 61.163322 61.319519 69.456924 78.839447 84.605972 79.291122 66.024033 53.673416 54.635262 56.733387 58.814159 59.771725 56.462666 48.966900 41.377647 43.946396 42.045280 40.154747 38.298134 35.633438 32.130852 28.940432,
 99.020882 107.448296 118.864700 127.400421 128.114609 121.919136 112.702141 132.798492 159.249191 188.826889 205.987137 199.348190 175.242905 147.274200 171.269424 220.319382 271.918854 297.942444 278.941864 230.454239 179.737564 191.563629 252.248322 314.122955 342.646729 314.122955 252.248322 191.563629 179.737564 230.454239 278.941864 297.942444 271.918854 220.319382 171.269424 147.274200 175.242905 199.348190 205.987137 188.826889 159.249191 132.798492 112.702141 121.919136 128.114609 127.400421 118.864700 107.448296 99.020882,
 49.162064 50.501911 50.818424 50.317139 48.783497 46.156940 43.633224 62.920563 67.342422 71.397514 73.364410 70.033775 62.478649 55.836380 73.541031 82.515816 93.138107 99.345848 93.089371 79.325401 68.051773 75.472717 87.845230 103.551308 112.069519 103.551308 87.845230 75.472717 68.051773 79.325401 93.089371 99.345848 93.138107 82.515816 73.541031 55.836380 62.478649 70.033775 73.364410 71.397514 67.342422 62.920563 43.633224 46.156940 48.783497 50.317139 50.818424 50.501911 49.162064,
 2.285725 3.227998 3.989884 4.202873 3.752672 2.874578 2.012331 2.837908 3.689822 4.423021 4.652633 4.188354 3.210209 2.183436 3.637682 5.014015 6.369488 6.943831 6.290392 4.770482 3.162766 3.997767 6.006120 8.049349 8.975050 8.049349 6.006120 3.997767 3.162766 4.770482 6.290392 6.943831 6.369488 5.014015 3.637682 2.183436 3.210209 4.188354 4.652633 4.423021 3.689822 2.837908 2.012331 2.874578 3.752672 4.202873 3.989884 3.227998 2.285725,
 8.204376 9.455110 9.491617 8.817221 8.158106 7.773595 7.814445 13.077193 17.192144 20.128515 19.634830 17.051828 14.695824 13.191564 18.160482 25.573555 33.274197 35.075653 29.824570 23.147087 18.140234 20.351162 28.282288 38.139946 43.389889 38.139946 28.282288 20.351162 18.140234 23.147087 29.824570 35.075653 33.274197 25.573555 18.160482 13.191564 14.695824 17.051828 19.634830 20.128515 17.192144 13.077193 7.814445 7.773595 8.158106 8.817221 9.491617 9.455110 8.204376,
 43.455494 59.749329 72.087051 77.655739 76.391937 70.454132 60.420544 62.022865 86.149147 107.279274 115.202400 106.494545 89.951591 73.690285 78.758720 111.354721 144.510635 157.888702 140.987106 109.942734 83.244652 86.345596 120.707130 159.636414 178.625153 159.636414 120.707130 86.345596 83.244652 109.942734 140.987106 157.888702 144.510635 111.354721 78.758720 73.690285 89.951591 106.494545 115.202400 107.279274 86.149147 62.022865 60.420544 70.454132 76.391937 77.655739 72.087051 59.749329 43.455494,
 16.091324 17.783131 20.251667 22.912874 23.729256 21.600620 18.135063 21.799255 24.433054 28.502811 32.172192 31.889057 26.925406 20.993107 25.251202 30.406036 38.413086 44.366524 41.857094 32.493660 23.771160 25.495367 33.780006 45.018223 50.847107 45.018223 33.780006 25.495367 23.771160 32.493660 41.857094 44.366524 38.413086 30.406036 25.251202 20.993107 26.925406 31.889057 32.172192 28.502811 24.433054 21.799255 18.135063 21.600620 23.729256 22.912874 20.251667 17.783131 16.091324,
 0.252694 1.414693 2.549135 3.115318 2.803820 1.902133 0.951063 0.962765 2.093899 3.108391 3.515601 3.056062 2.025774 0.980151 1.997581 3.484708 4.877293 5.406207 4.671068 3.170690 1.694772 2.429083 4.274029 6.130874 6.978782 6.130874 4.274029 2.429083 1.694772 3.170690 4.671068 5.406207 4.877293 3.484708 1.997581 0.980151 2.025774 3.056062 3.515601 3.108391 2.093899 0.962765 0.951063 1.902133 2.803820 3.115318 2.549135 1.414693 0.252694,
 -3.987336 -2.826295 -0.876798 2.054597 5.610160 8.390073 9.757003 0.536102 3.619362 7.168395 10.178300 12.616739 13.892324 13.199833 6.583529 11.725113 17.474552 20.526989 19.838997 17.315351 13.745605 11.444536 16.999611 22.990660 26.110567 22.990660 16.999611 11.444536 13.745605 17.315351 19.838997 20.526989 17.474552 11.725113 6.583529 13.199833 13.892324 12.616739 10.178300 7.168395 3.619362 0.536102 9.757003 8.390073 5.610160 2.054597 -0.876798 -2.826295 -3.987336,
 -6.249865 -4.882114 -1.453984 4.034749 8.454067 8.429985 5.066364 -2.386134 2.311268 11.643494 20.289467 21.875385 15.919210 8.409274 1.623037 11.130441 27.639774 38.886806 34.367096 19.907532 8.345470 5.553615 18.184105 37.613918 47.985046 37.613918 18.184105 5.553615 8.345470 19.907532 34.367096 38.886806 27.639774 11.130441 1.623037 8.409274 15.919210 21.875385 20.289467 11.643494 2.311268 -2.386134 5.066364 8.429985 8.454067 4.034749 -1.453984 -4.882114 -6.249865,
 1.581772 2.318214 1.874798 1.096212 0.898904 0.938624 0.494860 1.496557 2.278241 2.458086 2.976831 3.366590 2.436431 0.710511 0.796293 2.599742 5.330416 7.901401 7.312565 3.682505 0.395378 0.236797 3.457382 8.313399 11.139488 8.313399 3.457382 0.236797 0.395378 3.682505 7.312565 7.901401 5.330416 2.599742 0.796293 0.710511 2.436431 3.366590 2.976831 2.458086 2.278241 1.496557 0.494860 0.938624 0.898904 1.096212 1.874798 2.318214 1.581772,

Pairwise cross-correlations of the modulus of all oriented sub-bands at the same scale (size QxQ)
 16.105667 15.032308 23.469688 22.497726,
 15.032308 160.745728 221.014130 49.428082,
 23.469688 221.014130 596.101501 241.618073,
 22.497726 49.428082 241.618073 186.870316,
 11.276514 8.558620 15.066879 13.688176,
 8.558620 96.943443 125.464455 18.426666,
 15.066879 125.464455 342.646790 133.940796,
 13.688176 18.426666 133.940796 112.069519,
 8.975050 7.568270 13.376478 11.695152,
 7.568270 43.389893 64.780289 19.609863,
 13.376478 64.780289 178.625183 69.990768,
 11.695152 19.609863 69.990768 50.847099,
 6.978782 0.221383 -1.719497 2.760226,
 0.221383 26.110567 22.781065 -0.308748,
 -1.719497 22.781065 47.985043 4.779435,
 2.760226 -0.308748 4.779435 11.139488,

Cross-correlations of the modulus of all oriented sub-bands with all oriented sub-bands at the coarser scale (size QxQ)
 8.733491 6.566845 10.530886 12.759531,
 11.275519 56.627216 73.504410 21.714729,
 22.925684 67.428177 155.570267 86.186371,
 17.215300 8.798457 66.453659 68.435326,
 6.334007 5.890756 11.996387 11.390140,
 7.034507 21.950701 28.543753 8.852222,
 15.685999 42.908119 74.565590 36.774628,
 12.349657 16.986359 38.097095 33.275375,
 5.017804 2.411167 0.389200 3.164973,
 5.325865 5.556599 10.646423 4.079921,
 12.171079 10.172679 35.618416 12.461279,
 7.679470 5.247154 11.761304 7.806777,

Cross-correlations of the real part of each oriented sub-band with both the real and imaginary part of all phase-doubled oriented sub-bands at the next coarser scale (Q matrices of size 1x2Q, which are computed and stored in a matrix of size Qx2Q)
 -1.002900 -1.938160 -1.905995 -2.995062 1.089476 0.529721 -0.233849 -0.334768,
 -1.580035 -28.859898 -32.199615 -8.339822 0.258681 -1.761985 -6.755547 -2.264479,
 -2.834188 -38.745533 -76.165367 -44.624481 0.128468 -5.261915 -16.808481 -5.707525,
 -2.882743 -6.874037 -32.796158 -34.450016 0.899768 -1.412325 -6.796242 -2.630101,
 0.068632 -0.877622 -0.002588 -0.333358 1.040596 0.076207 -0.148333 0.560272,
 -0.382099 -4.127473 8.539864 0.464224 0.143649 1.232460 -3.391192 -2.213105,
 -1.030217 4.209343 26.270950 -4.682615 -0.199709 0.120565 -20.938948 -7.524488,
 -0.892534 3.052740 10.238748 -4.796639 0.314596 -0.936964 -12.485178 -1.444226,
 -0.393455 -0.116236 0.013647 -0.328987 0.674463 -0.622845 -0.212141 -0.068749,
 -0.253827 -2.051082 -2.846813 -0.547719 0.354384 -3.892379 -6.122694 -1.572051,
 -0.033713 -3.719476 -10.245445 -4.600643 0.055160 -3.328022 -23.263607 -8.392065,
 -0.231518 -0.946916 -3.675573 -4.092594 0.391883 -0.561586 -12.280528 -4.612121,
