Low-band skewness and kurtosis
 -0.635120 2.360935,
 -0.640480 2.570060,
 -0.831481 2.731996,
 -0.656263 2.165753,
 -0.522963 1.774190,

High-band variance
 963.841797,

Skewness, kurtosis, variance, mean, maximum and minimum of the reconstructed texture
 -0.737166 2.109810 5726.439453 190.573975 255.000000 3.000000,

Auto-correlations of the low-frequency bands at each scale
 1452.801025 1449.085083 1447.398071 1448.091553 1448.945435 1450.859009 1453.345947 1502.438843 1433.156250 1388.374878 1373.664795 1387.451538 1430.584473 1496.851440 3005.703857 3027.868896 3050.616943 3061.237793 3048.047119 3023.247314 2999.014893 4250.791016 4391.266602 4498.638184 4541.536621 4498.638184 4391.266602 4250.791016 2999.014893 3023.247314 3048.047119 3061.237793 3050.616943 3027.868896 3005.703857 1496.851440 1430.584473 1387.451538 1373.664795 1388.374878 1433.156250 1502.438843 1453.345947 1450.859009 1448.945435 1448.091553 1447.398071 1449.085083 1452.801025,
 1227.457031 1219.942627 1213.659668 1209.994385 1209.134521 1212.029785 1218.212402 1253.992432 1195.764404 1154.292114 1135.676392 1140.232300 1166.385498 1207.107666 2278.326904 2290.731201 2307.510742 2315.162598 2301.575684 2275.169189 2246.815674 3082.042236 3182.751709 3265.373535 3299.549805 3265.373535 3182.751709 3082.042236 2246.815674 2275.169189 2301.575684 2315.162598 2307.510742 2290.731201 2278.326904 1207.107666 1166.385498 1140.232300 1135.676392 1154.292114 1195.764404 1253.992432 1218.212402 1212.029785 1209.134521 1209.994385 1213.659668 1219.942627 1227.457031,
 925.420105 942.478516 956.102722 970.172913 986.883118 1003.028320 1014.944763 1151.495850 1134.402588 1125.970581 1128.794556 1142.139038 1166.665527 1200.636475 1814.815308 1815.847900 1823.669678 1825.405518 1808.982422 1784.411865 1763.642700 2253.420654 2317.116211 2373.573486 2398.464111 2373.573486 2317.116211 2253.420654 1763.642700 1784.411865 1808.982422 1825.405518 1823.669678 1815.847900 1814.815308 1200.636475 1166.665527 1142.139038 1128.794556 1125.970581 1134.402588 1151.495850 1014.944763 1003.028320 986.883118 970.172913 956.102722 942.478516 925.420105,
 597.866150 583.452393 567.399719 558.211121 559.419495 569.027832 584.645447 839.070007 809.463318 788.895691 789.508118 812.169128 846.846741 880.433533 1368.140381 1376.245728 1395.542480 1416.204346 1425.168457 1422.851929 1414.603271 1831.408936 1875.306030 1919.721802 1940.000610 1919.721802 1875.306030 1831.408936 1414.603271 1422.851929 1425.168457 1416.204346 1395.542480 1376.245728 1368.140381 880.433533 846.846741 812.169128 789.508118 788.895691 809.463318 839.070007 584.645447 569.027832 559.419495 558.211121 567.399719 583.452393 597.866150,
 -1028.674072 -1028.232544 -1029.547974 -1032.325073 -1034.505737 -1034.360474 -1032.432373 -136.207916 -141.969131 -146.512207 -146.725922 -142.313141 -136.286545 -132.451172 1023.922363 1021.815552 1026.115234 1034.169312 1039.651855 1039.598755 1035.470703 1587.806030 1597.958252 1610.664185 1616.730103 1610.664185 1597.958252 1587.806030 1035.470703 1039.598755 1039.651855 1034.169312 1026.115234 1021.815552 1023.922363 -132.451172 -136.286545 -142.313141 -146.725922 -146.512207 -141.969131 -136.207916 -1032.432373 -1034.360474 -1034.505737 -1032.325073 -1029.547974 -1028.232544 -1028.674072,

Auto-correlations of the modulus of each oriented sub-band
 2.795093 4.088268 5.184935 5.630380 5.208762 4.130587 2.855074 2.951565 4.283944 5.416184 5.877433 5.445117 4.341785 3.039658 3.407413 4.976977 6.333175 6.886144 6.350028 5.016994 3.474301 3.776272 5.568139 7.148231 7.797824 7.148231 5.568139 3.776272 3.474301 5.016994 6.350028 6.886144 6.333175 4.976977 3.407413 3.039658 4.341785 5.445117 5.877433 5.416184 4.283944 2.951565 2.855074 4.130587 5.208762 5.630380 5.184935 4.088268 2.795093,
 14.259708 16.709162 18.846842 20.003979 20.071730 19.541693 19.134663 30.855391 36.350624 41.053654 43.009075 42.095745 39.698029 37.167210 50.546173 59.434517 67.456970 70.620773 67.718674 61.674934 55.360413 61.539715 71.020012 80.079575 84.181946 80.079575 71.020012 61.539715 55.360413 61.674934 67.718674 70.620773 67.456970 59.434517 50.546173 37.167210 39.698029 42.095745 43.009075 41.053654 36.350624 30.855391 19.134663 19.541693 20.071730 20.003979 18.846842 16.709162 14.259708,
 93.608917 99.932350 105.708527 108.437378 105.941132 99.598366 92.816101 196.673462 218.535889 236.838043 244.927505 238.571777 221.390015 200.517151 317.538544 360.089966 395.042511 409.817139 397.044159 363.715942 322.468964 376.679657 429.513000 472.775787 490.437500 472.775787 429.513000 376.679657 322.468964 363.715942 397.044159 409.817139 395.042511 360.089966 317.538544 200.517151 221.390015 238.571777 244.927505 236.838043 218.535889 196.673462 92.816101 99.598366 105.941132 108.437378 105.708527 99.932350 93.608917,
 19.573805 19.396114 19.189835 18.656635 17.339062 15.191024 12.798490 37.347698 39.203461 41.006802 41.716408 39.853390 35.365662 30.124943 54.864395 60.397057 66.061188 69.003563 66.057053 58.383133 50.086197 60.911667 69.583046 78.282501 82.331062 78.282501 69.583046 60.911667 50.086197 58.383133 66.057053 69.003563 66.061188 60.397057 54.864395 30.124943 35.365662 39.853390 41.716408 41.006802 39.203461 37.347698 12.798490 15.191024 17.339062 18.656635 19.189835 19.396114 19.573805,
 1.347547 2.116311 2.791858 3.051405 2.751778 2.058431 1.306113 1.545377 2.319403 2.985414 3.227964 2.919072 2.227917 1.475830 1.941809 2.940341 3.831493 4.155576 3.733384 2.834963 1.902852 2.214242 3.404552 4.555966 5.056166 4.555966 3.404552 2.214242 1.902852 2.834963 3.733384 4.155576 3.831493 2.940341 1.941809 1.475830 2.227917 2.919072 3.227964 2.985414 2.319403 1.545377 1.306113 2.058431 2.751778 3.051405 2.791858 2.116311 1.347547,
 12.610414 13.886395 15.067060 15.681611 15.479548 14.719242 13.686761 21.083181 24.795101 28.039515 29.151905 28.015669 25.864803 23.531912 30.849274 37.150867 43.418175 45.679039 42.757591 37.764027 33.178055 36.422268 43.077271 50.470131 54.096367 50.470131 43.077271 36.422268 33.178055 37.764027 42.757591 45.679039 43.418175 37.150867 30.849274 23.531912 25.864803 28.015669 29.151905 28.039515 24.795101 21.083181 13.686761 14.719242 15.479548 15.681611 15.067060 13.886395 12.610414,
 53.727516 55.654697 57.982712 58.007477 53.199768 44.998974 35.581841 108.826309 121.886475 133.663010 138.431183 131.564163 115.752197 96.165466 174.313416 202.617538 226.914673 237.378235 226.758636 200.530777 168.309937 204.135498 241.578979 273.014191 286.272949 273.014191 241.578979 204.135498 168.309937 200.530777 226.758636 237.378235 226.914673 202.617538 174.313416 96.165466 115.752197 131.564163 138.431183 133.663010 121.886475 108.826309 35.581841 44.998974 53.199768 58.007477 57.982712 55.654697 53.727516,
 9.655577 9.900395 10.108471 9.562457 7.647152 4.930676 2.644864 19.110544 20.430323 21.852514 22.270746 20.014196 15.603205 11.363714 29.034504 32.622883 37.065159 39.607235 36.559475 29.711800 23.450977 31.445221 37.501808 44.823318 48.657257 44.823318 37.501808 31.445221 23.450977 29.711800 36.559475 39.607235 37.065159 32.622883 29.034504 11.363714 15.603205 20.014196 22.270746 21.852514 20.430323 19.110544 2.644864 4.930676 7.647152 9.562457 10.108471 9.900395 9.655577,
 0.389819 0.855131 1.335066 1.611125 1.555708 1.254630 0.906761 0.572223 1.086705 1.614634 1.929945 1.898714 1.591128 1.195313 1.152748 1.915175 2.729497 3.162274 2.960228 2.311875 1.592890 1.721929 2.759277 3.831516 4.318969 3.831516 2.759277 1.721929 1.592890 2.311875 2.960228 3.162274 2.729497 1.915175 1.152748 1.195313 1.591128 1.898714 1.929945 1.614634 1.086705 0.572223 0.906761 1.254630 1.555708 1.611125 1.335066 0.855131 0.389819,
 3.935052 4.510755 4.675777 4.217304 3.215059 2.255513 1.790944 6.979414 9.225728 11.345344 11.866865 10.718484 9.366637 8.222937 12.589047 16.865625 21.719379 23.629116 21.009556 17.404764 14.336013 16.285501 21.014668 26.899784 30.247967 26.899784 21.014668 16.285501 14.336013 17.404764 21.009556 23.629116 21.719379 16.865625 12.589047 8.222937 9.366637 10.718484 11.866865 11.345344 9.225728 6.979414 1.790944 2.255513 3.215059 4.217304 4.675777 4.510755 3.935052,
 53.064991 46.407417 39.559704 32.263889 24.259975 16.516760 10.127369 85.889755 86.854538 86.490257 82.519463 73.531105 61.233173 47.952194 130.318863 145.300476 156.284653 157.861694 146.955093 127.109161 103.616562 142.621490 168.758362 189.879669 198.535095 189.879669 168.758362 142.621490 103.616562 127.109161 146.955093 157.861694 156.284653 145.300476 130.318863 47.952194 61.233173 73.531105 82.519463 86.490257 86.854538 85.889755 10.127369 16.516760 24.259975 32.263889 39.559704 46.407417 53.064991,
 11.412292 9.910077 8.482252 7.237409 6.189819 5.404344 4.744419 16.308893 15.640108 15.438907 15.679500 15.162351 13.159559 10.235285 23.031273 24.564627 27.344448 29.821510 28.552006 23.615099 18.510696 24.645243 28.999811 34.725391 37.830696 34.725391 28.999811 24.645243 18.510696 23.615099 28.552006 29.821510 27.344448 24.564627 23.031273 10.235285 13.159559 15.162351 15.679500 15.438907 15.640108 16.308893 4.744419 5.404344 6.189819 7.237409 8.482252 9.910077 11.412292,
 0.243184 0.310768 0.376784 0.341317 0.215226 0.102156 0.080626 0.518621 0.606472 0.729224 0.788324 0.732238 0.608155 0.496508 0.681275 0.832884 0.955357 0.928567 0.772508 0.634048 0.591725 0.718779 1.044375 1.494499 1.723106 1.494499 1.044375 0.718779 0.591725 0.634048 0.772508 0.928567 0.955357 0.832884 0.681275 0.496508 0.608155 0.732238 0.788324 0.729224 0.606472 0.518621 0.080626 0.102156 0.215226 0.341317 0.376784 0.310768 0.243184,
 9.977095 9.121673 5.697087 1.930691 -0.390404 -1.195740 -0.960764 13.800106 16.680391 16.342113 12.477674 7.729667 4.234211 2.123079 13.877024 19.510052 23.755741 22.750664 17.017746 10.933807 6.607239 11.027285 16.887175 23.783077 27.254025 23.783077 16.887175 11.027285 6.607239 10.933807 17.017746 22.750664 23.755741 19.510052 13.877024 2.123079 4.234211 7.729667 12.477674 16.342113 16.680391 13.800106 -0.960764 -1.195740 -0.390404 1.930691 5.697087 9.121673 9.977095,
 45.322121 42.173508 36.341759 27.282686 14.131826 -0.764198 -12.465864 66.247421 72.899078 75.290825 69.996559 54.873768 33.793797 14.215828 72.631042 90.086967 103.051521 104.532150 90.582756 66.432320 41.496052 63.119480 87.660309 109.125961 118.075531 109.125961 87.660309 63.119480 41.496052 66.432320 90.582756 104.532150 103.051521 90.086967 72.631042 14.215828 33.793797 54.873768 69.996559 75.290825 72.899078 66.247421 -12.465864 -0.764198 14.131826 27.282686 36.341759 42.173508 45.322121,
 3.571278 2.644310 1.837947 2.120300 2.355884 1.467263 0.401531 5.637437 5.697333 6.502903 8.346295 8.532267 6.169282 3.818335 7.206811 8.462217 11.201317 14.203655 13.202303 9.152351 6.201868 7.445128 9.826756 14.082563 16.773296 14.082563 9.826756 7.445128 6.201868 9.152351 13.202303 14.203655 11.201317 8.462217 7.206811 3.818335 6.169282 8.532267 8.346295 6.502903 5.697333 5.637437 0.401531 1.467263 2.355884 2.120300 1.837947 2.644310 3.571278,

Pairwise cross-correlations of the modulus of all oriented sub-bands at the same scale (size QxQ)
 7.797823 5.579903 1.497159 4.706330,
 5.579903 84.181946 172.403183 51.228992,
 1.497159 172.403183 490.437469 171.308273,
 4.706330 51.228992 171.308273 82.331070,
 5.056166 4.692410 3.696840 3.689053,
 4.692410 54.096367 100.803085 28.835564,
 3.696840 100.803085 286.272980 95.065186,
 3.689053 28.835564 95.065186 48.657261,
 4.318970 2.852022 6.130998 3.751830,
 2.852022 30.247969 62.338814 19.113049,
 6.130998 62.338814 198.535126 72.667526,
 3.751830 19.113049 72.667526 37.830704,
 1.723106 3.859143 6.935910 2.804933,
 3.859143 27.254026 43.650856 14.711744,
 6.935910 43.650856 118.075546 36.706181,
 2.804933 14.711744 36.706181 16.773298,

Cross-correlations of the modulus of all oriented sub-bands with all oriented sub-bands at the coarser scale (size QxQ)
 4.596428 4.791702 -0.417814 3.782200,
 4.190610 15.661422 18.719896 5.844303,
 4.411312 21.380342 50.270489 18.291958,
 4.098937 7.547096 20.062576 14.077891,
 3.020193 3.016414 4.434330 3.611486,
 2.768107 7.877370 20.950218 9.278194,
 3.572031 11.236221 48.881599 20.498569,
 2.643786 2.182626 12.681793 8.951312,
 1.625573 4.310057 4.190223 3.047302,
 2.006501 3.490968 11.632727 5.243562,
 5.653664 14.901915 49.599091 18.175014,
 2.926937 10.534483 21.375488 9.590643,

Cross-correlations of the real part of each oriented sub-band with both the real and imaginary part of all phase-doubled oriented sub-bands at the next coarser scale (Q matrices of size 1x2Q, which are computed and stored in a matrix of size Qx2Q)
 -0.786905 -0.663060 -0.553384 -0.365660 0.833439 0.186834 0.306005 -0.083970,
 -0.549731 -25.645727 -49.415321 -14.760317 0.337629 8.651378 16.206959 4.722521,
 -0.222827 -52.433201 -129.978531 -51.959175 0.018078 16.034405 36.841160 12.940259,
 -0.445866 -14.565625 -47.643295 -24.656500 0.342680 3.645298 11.752661 4.962929,
 0.056939 -0.631768 -0.156431 -0.132397 0.183440 0.012112 -0.070194 -0.090460,
 -0.153809 5.305358 20.640364 5.456410 0.096307 5.691189 14.307161 5.141063,
 -0.198977 19.470646 54.212826 12.587751 0.002871 15.466389 43.888615 15.836002,
 -0.037271 6.951535 17.238453 2.858666 -0.000444 5.695187 16.835138 5.667324,
 0.392471 -0.633338 -0.151624 0.207388 0.707110 0.483897 -0.033190 -0.028135,
 -0.154467 -4.749388 -14.745104 -4.968724 0.419457 1.886369 -10.038126 -3.915927,
 -0.112595 -11.304912 -53.639687 -17.000362 0.090201 0.859837 -37.040016 -13.826026,
 0.302787 -5.084921 -24.162323 -6.603438 0.304890 -0.310828 -16.518114 -5.922865,
