Low-band skewness and kurtosis
 -0.723447 2.294625,
 -0.639105 2.251137,
 -0.537869 1.968931,
 -0.482609 1.930966,
 -0.429922 1.764600,

High-band variance
 861.839111,

Skewness, kurtosis, variance, mean, maximum and minimum of the reconstructed texture
 -0.816707 2.158023 6264.726074 191.739624 255.000000 2.000000,

Auto-correlations of the low-frequency bands at each scale
 2522.693115 2429.503662 2373.011719 2370.820068 2414.259766 2492.587158 2596.440674 2843.697998 2644.979980 2447.771729 2343.067871 2374.240479 2520.923340 2705.991943 3814.943359 3908.687256 3959.349609 3925.262207 3795.759766 3627.685791 3468.529785 4259.512695 4679.443848 5058.205078 5217.784180 5058.205078 4679.443848 4259.512695 3468.529785 3627.685791 3795.759766 3925.262207 3959.349609 3908.687256 3814.943359 2705.991943 2520.923340 2374.240479 2343.067871 2447.771729 2644.979980 2843.697998 2596.440674 2492.587158 2414.259766 2370.820068 2373.011719 2429.503662 2522.693115,
 2525.426025 2457.174072 2408.618408 2391.006348 2394.025146 2407.687256 2430.792236 2675.561768 2545.825195 2415.041992 2346.926514 2367.908691 2464.727539 2586.397705 3101.582764 3174.378662 3228.737549 3227.686768 3156.341553 3064.747803 2993.189697 3347.906982 3617.285156 3879.444092 3994.881836 3879.444092 3617.285156 3347.906982 2993.189697 3064.747803 3156.341553 3227.686768 3228.737549 3174.378662 3101.582764 2586.397705 2464.727539 2367.908691 2346.926514 2415.041992 2545.825195 2675.561768 2430.792236 2407.687256 2394.025146 2391.006348 2408.618408 2457.174072 2525.426025,
 2060.640381 1996.439209 1944.631348 1929.511719 1952.671875 1999.027344 2058.165771 2460.691406 2381.602051 2284.461670 2222.327393 2217.794189 2261.143066 2323.384766 2785.292969 2834.792480 2866.239502 2856.721436 2794.737549 2716.610840 2656.757324 2890.315918 3045.705566 3207.115234 3280.613770 3207.115234 3045.705566 2890.315918 2656.757324 2716.610840 2794.737549 2856.721436 2866.239502 2834.792480 2785.292969 2323.384766 2261.143066 2217.794189 2222.327393 2284.461670 2381.602051 2460.691406 2058.165771 1999.027344 1952.671875 1929.511719 1944.631348 1996.439209 2060.640381,
 887.957336 847.560791 818.747925 815.420654 830.617920 848.952881 863.101501 1756.003784 1729.958862 1690.906860 1674.576172 1695.895386 1740.614380 1783.244263 2399.225830 2450.468994 2479.266357 2476.508057 2451.008545 2429.241455 2424.324463 2664.644775 2751.937744 2844.234863 2886.069336 2844.234863 2751.937744 2664.644775 2424.324463 2429.241455 2451.008545 2476.508057 2479.266357 2450.468994 2399.225830 1783.244263 1740.614380 1695.895386 1674.576172 1690.906860 1729.958862 1756.003784 863.101501 848.952881 830.617920 815.420654 818.747925 847.560791 887.957336,
 -1745.065918 -1740.119507 -1754.123779 -1777.800293 -1792.840576 -1791.458618 -1778.963135 -80.625038 -112.491898 -153.488831 -180.948242 -177.188416 -142.934464 -99.971687 1750.507568 1756.500854 1772.640625 1785.151855 1783.790039 1773.951782 1764.055176 2574.607422 2626.590820 2686.658203 2714.009277 2686.658203 2626.590820 2574.607422 1764.055176 1773.951782 1783.790039 1785.151855 1772.640625 1756.500854 1750.507568 -99.971687 -142.934464 -177.188416 -180.948242 -153.488831 -112.491898 -80.625038 -1778.963135 -1791.458618 -1792.840576 -1777.800293 -1754.123779 -1740.119507 -1745.065918,

Auto-correlations of the modulus of each oriented sub-band
 7.717573 8.961348 9.914260 10.121647 9.442904 8.138020 6.665207 8.577300 10.149118 11.351241 11.723412 11.064548 9.585146 7.814605 9.812910 12.269015 14.374983 15.290962 14.464239 12.196061 9.487448 10.353822 13.794648 17.242447 18.801140 17.242447 13.794648 10.353822 9.487448 12.196061 14.464239 15.290962 14.374983 12.269015 9.812910 7.814605 9.585146 11.064548 11.723412 11.351241 10.149118 8.577300 6.665207 8.138020 9.442904 10.121647 9.914260 8.961348 7.717573,
 59.381634 66.761932 75.437462 83.525070 89.788948 94.131271 97.278152 76.113693 89.395546 103.923309 113.838638 116.582031 114.747032 111.542786 96.374458 115.774872 136.954681 148.194962 143.369202 130.598465 118.092979 112.647545 132.317902 154.170410 165.075790 154.170410 132.317902 112.647545 118.092979 130.598465 143.369202 148.194962 136.954681 115.774872 96.374458 111.542786 114.747032 116.582031 113.838638 103.923309 89.395546 76.113693 97.278152 94.131271 89.788948 83.525070 75.437462 66.761932 59.381634,
 286.531891 294.764130 305.302002 311.682037 309.011536 298.844269 286.343597 339.197998 367.627106 400.471619 417.875031 405.145203 372.630585 339.305664 391.016968 446.587830 509.650391 541.578735 513.623596 450.852966 391.647095 413.823914 484.120392 562.692261 601.117554 562.692261 484.120392 413.823914 391.647095 450.852966 513.623596 541.578735 509.650391 446.587830 391.016968 339.305664 372.630585 405.145203 417.875031 400.471619 367.627106 339.197998 286.343597 298.844269 309.011536 311.682037 305.302002 294.764130 286.531891,
 129.951340 126.468445 121.214104 114.623535 107.038872 99.083801 91.508896 149.598495 153.809860 155.521317 152.483170 142.244797 127.091080 112.248123 160.928680 176.166138 190.335999 195.205780 182.874817 159.779510 137.478210 156.688217 179.918152 204.121857 215.869095 204.121857 179.918152 156.688217 137.478210 159.779510 182.874817 195.205780 190.335999 176.166138 160.928680 112.248123 127.091080 142.244797 152.483170 155.521317 153.809860 149.598495 91.508896 99.083801 107.038872 114.623535 121.214104 126.468445 129.951340,
 6.151974 7.234283 8.018437 8.124262 7.462578 6.316124 5.152903 6.449774 7.802557 8.861694 9.185110 8.597569 7.325134 5.921077 6.891531 9.114000 11.275061 12.287788 11.488043 9.396742 7.133880 7.666204 10.764031 13.939329 15.384642 13.939329 10.764031 7.666204 7.133880 9.396742 11.488043 12.287788 11.275061 9.114000 6.891531 5.921077 7.325134 8.597569 9.185110 8.861694 7.802557 6.449774 5.152903 6.316124 7.462578 8.124262 8.018437 7.234283 6.151974,
 31.199856 35.729481 40.409424 43.824142 46.381790 49.144276 52.116749 42.139595 51.198608 60.360550 64.831924 64.636505 63.402039 62.479881 55.210041 68.393005 82.867271 89.023178 83.604912 74.748260 67.642532 64.978165 77.597626 92.948662 101.061913 92.948662 77.597626 64.978165 67.642532 74.748260 83.604912 89.023178 82.867271 68.393005 55.210041 62.479881 63.402039 64.636505 64.831924 60.360550 51.198608 42.139595 52.116749 49.144276 46.381790 43.824142 40.409424 35.729481 31.199856,
 125.045364 135.412018 141.339127 140.401596 132.711716 124.400993 121.413208 154.893188 179.413010 200.291885 204.451111 186.061935 158.998001 139.534302 179.542847 221.792770 265.234344 281.608490 253.470261 204.820663 165.257233 183.660889 233.595917 290.817139 319.229065 290.817139 233.595917 183.660889 165.257233 204.820663 253.470261 281.608490 265.234344 221.792770 179.542847 139.534302 158.998001 186.061935 204.451111 200.291885 179.413010 154.893188 121.413208 124.400993 132.711716 140.401596 141.339127 135.412018 125.045364,
 59.885735 63.232071 63.956951 62.045486 57.377796 50.517914 43.149467 70.186340 78.720016 84.516846 85.625351 79.424774 67.254227 54.511700 77.456566 92.600586 106.733978 113.526054 105.253891 86.563568 68.108284 77.183189 96.914230 117.467651 127.584892 117.467651 96.914230 77.183189 68.108284 86.563568 105.253891 113.526054 106.733978 92.600586 77.456566 54.511700 67.254227 79.424774 85.625351 84.516846 78.720016 70.186340 43.149467 50.517914 57.377796 62.045486 63.956951 63.232071 59.885735,
 3.173201 4.171120 5.092293 5.553619 5.255609 4.305701 3.122900 2.943772 3.966147 4.912533 5.382863 5.093005 4.172791 3.066599 3.157814 4.803374 6.550886 7.492346 6.959411 5.324445 3.480176 3.840598 6.288782 8.873873 10.085077 8.873873 6.288782 3.840598 3.480176 5.324445 6.959411 7.492346 6.550886 4.803374 3.157814 3.066599 4.172791 5.093005 5.382863 4.912533 3.966147 2.943772 3.122900 4.305701 5.255609 5.553619 5.092293 4.171120 3.173201,
 11.722597 13.179233 13.807399 13.744108 12.950622 12.291047 12.394806 15.532366 20.446161 24.552851 25.635088 23.522375 20.233168 17.345823 18.737669 27.764050 37.583431 41.122955 35.765614 27.356491 20.521505 20.742157 30.420326 42.667534 49.184235 42.667534 30.420326 20.742157 20.521505 27.356491 35.765614 41.122955 37.583431 27.764050 18.737669 17.345823 20.233168 23.522375 25.635088 24.552851 20.446161 15.532366 12.394806 12.291047 12.950622 13.744108 13.807399 13.179233 11.722597,
 38.715813 35.238613 36.576931 40.901085 41.689625 37.180416 33.372093 47.291817 51.243282 63.453407 74.019012 71.606773 59.042278 48.982613 55.975674 70.703606 96.629326 113.339874 103.054939 77.605003 59.144283 61.366482 82.864258 115.522018 132.984406 115.522018 82.864258 61.366482 59.144283 77.605003 103.054939 113.339874 96.629326 70.703606 55.975674 48.982613 59.042278 71.606773 74.019012 63.453407 51.243282 47.291817 33.372093 37.180416 41.689625 40.901085 36.576931 35.238613 38.715813,
 34.543678 35.516380 33.495789 28.471354 22.523069 17.449371 13.747681 39.687248 44.795326 47.412460 45.040604 37.935455 28.931955 21.366880 41.170311 50.994648 60.033916 62.688026 55.089588 41.947239 30.446831 38.040497 50.603172 64.387634 71.257698 64.387634 50.603172 38.040497 30.446831 41.947239 55.089588 62.688026 60.033916 50.994648 41.170311 21.366880 28.931955 37.935455 45.040604 47.412460 44.795326 39.687248 13.747681 17.449371 22.523069 28.471354 33.495789 35.516380 34.543678,
 0.736282 0.911285 0.961714 0.879197 0.645195 0.316212 -0.014147 0.605437 0.788526 0.842749 0.724394 0.481853 0.148510 -0.193868 0.093592 0.494555 1.046211 1.369027 1.202455 0.705285 0.185341 0.412024 1.284422 2.425222 3.020421 2.425222 1.284422 0.412024 0.185341 0.705285 1.202455 1.369027 1.046211 0.494555 0.093592 -0.193868 0.148510 0.481853 0.724394 0.842749 0.788526 0.605437 -0.014147 0.316212 0.645195 0.879197 0.961714 0.911285 0.736282,
 1.825693 1.328157 0.296588 -0.701848 -0.599680 0.350110 1.222415 2.311708 2.395504 3.009991 3.065194 3.042119 3.383432 3.086621 3.474605 5.124220 8.218280 9.770285 8.377988 6.353454 4.409418 4.493903 7.069655 11.084974 13.560077 11.084974 7.069655 4.493903 4.409418 6.353454 8.377988 9.770285 8.218280 5.124220 3.474605 3.086621 3.383432 3.042119 3.065194 3.009991 2.395504 2.311708 1.222415 0.350110 -0.599680 -0.701848 0.296588 1.328157 1.825693,
 9.097612 15.226094 16.369257 11.567415 4.650434 -1.421302 -5.061237 17.707270 26.583023 33.919609 32.173801 20.668680 7.916435 0.299032 21.508556 33.480919 49.576809 55.408077 40.563587 20.964088 9.403113 18.046867 31.405428 52.989960 66.275833 52.989960 31.405428 18.046867 9.403113 20.964088 40.563587 55.408077 49.576809 33.480919 21.508556 0.299032 7.916435 20.668680 32.173801 33.919609 26.583023 17.707270 -5.061237 -1.421302 4.650434 11.567415 16.369257 15.226094 9.097612,
 1.590740 3.522637 4.905179 5.276863 4.305800 1.513970 -2.831347 4.973824 10.436543 14.760546 16.619017 14.764761 8.715383 0.707860 8.301284 17.574139 25.451948 29.240118 26.072229 16.693913 5.678411 8.905703 20.431913 30.703781 35.175316 30.703781 20.431913 8.905703 5.678411 16.693913 26.072229 29.240118 25.451948 17.574139 8.301284 0.707860 8.715383 14.764761 16.619017 14.760546 10.436543 4.973824 -2.831347 1.513970 4.305800 5.276863 4.905179 3.522637 1.590740,

Pairwise cross-correlations of the modulus of all oriented sub-bands at the same scale (size QxQ)
 18.801142 18.750946 25.200636 26.306025,
 18.750946 165.075790 213.680237 50.605232,
 25.200636 213.680237 601.117615 262.567902,
 26.306025 50.605232 262.567902 215.869095,
 15.384643 15.828214 23.038584 18.998491,
 15.828214 101.061920 113.586594 20.630156,
 23.038584 113.586594 319.229095 140.380066,
 18.998491 20.630156 140.380066 127.584915,
 10.085077 10.641836 14.671480 12.266449,
 10.641836 49.184235 52.002464 14.899084,
 14.671480 52.002464 132.984406 63.251514,
 12.266449 14.899084 63.251514 71.257706,
 3.020421 1.100701 2.743172 5.579187,
 1.100701 13.560076 16.042562 2.959926,
 2.743172 16.042562 66.275833 25.816605,
 5.579187 2.959926 25.816605 35.175320,

Cross-correlations of the modulus of all oriented sub-bands with all oriented sub-bands at the coarser scale (size QxQ)
 11.636860 12.866857 17.075279 17.214502,
 17.421810 78.279137 91.555878 21.609509,
 29.120905 99.451050 212.797058 97.829109,
 21.304962 24.604473 105.154022 89.997093,
 8.053089 11.336938 12.252316 11.109840,
 10.763335 33.885559 42.329365 11.849604,
 18.656153 42.719547 87.853806 39.334110,
 12.380998 15.794909 46.577888 44.193306,
 3.259694 4.007241 4.562964 7.198969,
 2.560385 11.685511 7.467682 6.003217,
 5.304678 16.580212 42.452454 24.027750,
 6.029979 7.139164 33.364426 35.205482,

Cross-correlations of the real part of each oriented sub-band with both the real and imaginary part of all phase-doubled oriented sub-bands at the next coarser scale (Q matrices of size 1x2Q, which are computed and stored in a matrix of size Qx2Q)
 -2.663256 -4.301943 -3.321595 -5.098610 0.792851 0.507466 0.335393 0.849916,
 -3.299029 -40.058971 -31.706009 -3.960829 0.398218 0.515395 0.835594 1.327872,
 -4.271615 -41.794132 -58.461803 -26.478407 -0.544503 0.101962 11.192086 8.975523,
 -4.883305 -5.785459 -23.630550 -28.961580 -0.328271 0.113137 9.010838 7.777491,
 -0.613911 -2.524527 -1.650347 -2.538279 -0.306763 -0.141631 0.800752 1.807818,
 -1.509893 -20.949556 -14.326210 -2.150383 -0.184363 -1.305710 6.560053 1.348666,
 -2.825138 -18.458895 -35.823654 -22.556461 -0.777009 2.818444 21.787403 9.359662,
 -2.740002 -1.559795 -19.084469 -23.170500 -1.377363 2.247747 11.812545 9.929114,
 -1.966248 -2.124440 -1.731346 -4.107187 -0.282485 -1.263186 0.135314 1.915421,
 -1.389138 -9.319126 0.061420 -0.659786 -0.243091 -9.044322 0.999804 0.497419,
 -2.409319 -2.891182 -4.746364 -15.880953 -0.315210 -5.305087 5.696239 10.293309,
 -3.617275 1.367676 -10.086136 -22.981840 -0.900771 0.836364 4.382873 13.588169,
