Low-band skewness and kurtosis
 -0.590031 2.256527,
 -0.540449 2.377388,
 -0.479724 2.102454,
 -0.350579 1.716168,
 -0.304790 1.635654,

High-band variance
 972.291443,

Skewness, kurtosis, variance, mean, maximum and minimum of the reconstructed texture
 -0.698806 2.021332 5793.752441 189.631226 255.000000 1.000000,

Auto-correlations of the low-frequency bands at each scale
 1664.586914 1657.403442 1656.136597 1660.100586 1668.826050 1689.642456 1728.296387 1660.638184 1524.731201 1433.272827 1407.499878 1451.655151 1559.986328 1706.930420 2999.689209 3037.169922 3082.193359 3109.817139 3096.397461 3054.048828 2997.477783 4041.246826 4310.330566 4523.159180 4608.183594 4523.159180 4310.330566 4041.246826 2997.477783 3054.048828 3096.397461 3109.817139 3082.193359 3037.169922 2999.689209 1706.930420 1559.986328 1451.655151 1407.499878 1433.272827 1524.731201 1660.638184 1728.296387 1689.642456 1668.826050 1660.100586 1656.136597 1657.403442 1664.586914,
 1658.324219 1677.370239 1699.095459 1721.012329 1739.284668 1756.720093 1777.211182 1712.924072 1653.451416 1623.987061 1636.210083 1688.126221 1777.141846 1888.480469 2361.441406 2385.246338 2423.156006 2452.974121 2450.302490 2429.368408 2406.887695 2861.243408 3024.500000 3164.079102 3223.316650 3164.079102 3024.500000 2861.243408 2406.887695 2429.368408 2450.302490 2452.974121 2423.156006 2385.246338 2361.441406 1888.480469 1777.141846 1688.126221 1636.210083 1623.987061 1653.451416 1712.924072 1777.211182 1756.720093 1739.284668 1721.012329 1699.095459 1677.370239 1658.324219,
 1461.218384 1436.594360 1412.829834 1398.389160 1398.279053 1411.036255 1432.539185 1552.534302 1518.800781 1501.957886 1514.916626 1558.439575 1626.103027 1703.877319 1968.614746 2007.235718 2060.625000 2110.894287 2136.098145 2143.579102 2144.093750 2343.886719 2436.975342 2522.670898 2560.974121 2522.670898 2436.975342 2343.886719 2144.093750 2143.579102 2136.098145 2110.894287 2060.625000 2007.235718 1968.614746 1703.877319 1626.103027 1558.439575 1514.916626 1501.957886 1518.800781 1552.534302 1432.539185 1411.036255 1398.279053 1398.389160 1412.829834 1436.594360 1461.218384,
 662.934448 670.812561 673.059814 672.628052 669.988525 663.259583 652.234253 1317.738037 1297.044922 1278.700562 1269.700073 1269.795288 1276.922119 1287.624512 1771.417725 1775.573608 1794.616089 1819.017212 1834.457886 1842.593628 1848.981201 2036.395630 2073.489502 2112.694092 2131.244873 2112.694092 2073.489502 2036.395630 1848.981201 1842.593628 1834.457886 1819.017212 1794.616089 1775.573608 1771.417725 1287.624512 1276.922119 1269.795288 1269.700073 1278.700562 1297.044922 1317.738037 652.234253 663.259583 669.988525 672.628052 673.059814 670.812561 662.934448,
 -1335.114746 -1337.308228 -1339.401367 -1338.474365 -1333.431885 -1329.134644 -1329.186035 -84.581573 -93.481049 -100.193581 -100.403709 -94.444756 -85.879822 -79.089142 1327.971191 1329.251099 1335.561279 1341.538574 1340.775391 1336.119019 1332.826172 1967.945557 1980.497803 1997.725708 2006.456665 1997.725708 1980.497803 1967.945557 1332.826172 1336.119019 1340.775391 1341.538574 1335.561279 1329.251099 1327.971191 -79.089142 -85.879822 -94.444756 -100.403709 -100.193581 -93.481049 -84.581573 -1329.186035 -1329.134644 -1333.431885 -1338.474365 -1339.401367 -1337.308228 -1335.114746,

Auto-correlations of the modulus of each oriented sub-band
 3.119159 4.510860 5.731379 6.264368 5.872921 4.797673 3.533699 3.666892 5.154279 6.450892 7.036944 6.640853 5.492562 4.121711 4.702880 6.622753 8.236768 8.885017 8.290187 6.775862 4.985768 5.341440 7.559204 9.619638 10.500273 9.619638 7.559204 5.341440 4.985768 6.775862 8.290187 8.885017 8.236768 6.622753 4.702880 4.121711 5.492562 6.640853 7.036944 6.450892 5.154279 3.666892 3.533699 4.797673 5.872921 6.264368 5.731379 4.510860 3.119159,
 37.914867 43.065331 49.132195 54.403107 57.902779 60.193581 62.232548 57.430016 67.678261 78.813095 85.937393 87.035599 84.795555 82.242378 80.661118 95.689117 112.052498 120.542984 116.472389 106.127838 96.492676 96.507759 111.732941 128.663574 136.935440 128.663574 111.732941 96.507759 96.492676 106.127838 116.472389 120.542984 112.052498 95.689117 80.661118 82.242378 84.795555 87.035599 85.937393 78.813095 67.678261 57.430016 62.232548 60.193581 57.902779 54.403107 49.132195 43.065331 37.914867,
 173.790970 177.255630 182.987762 186.955566 184.878937 176.627121 164.803085 261.785797 287.046234 312.965118 324.548218 311.404388 279.295258 241.839615 352.176361 409.136536 464.338593 487.984283 461.176605 399.712463 333.013641 383.588257 460.553040 534.172424 566.709412 534.172424 460.553040 383.588257 333.013641 399.712463 461.176605 487.984283 464.338593 409.136536 352.176361 241.839615 279.295258 311.404388 324.548218 312.965118 287.046234 261.785797 164.803085 176.627121 184.878937 186.955566 182.987762 177.255630 173.790970,
 31.255352 29.614624 27.952644 25.896879 22.832008 19.230686 16.137936 52.694767 53.554844 54.650589 53.822845 48.349503 39.651295 31.651630 70.418625 77.372574 85.553230 89.024132 81.456841 67.160477 54.338367 71.402077 84.132965 99.020630 106.655334 99.020630 84.132965 71.402077 54.338367 67.160477 81.456841 89.024132 85.553230 77.372574 70.418625 31.651630 39.651295 48.349503 53.822845 54.650589 53.554844 52.694767 16.137936 19.230686 22.832008 25.896879 27.952644 29.614624 31.255352,
 2.328201 3.052448 3.710449 4.007978 3.813302 3.236010 2.517196 2.825845 3.830328 4.698362 5.037714 4.721471 3.950072 3.059722 3.597216 5.208880 6.679430 7.257164 6.627466 5.231140 3.769170 4.111019 6.086635 8.042610 8.914668 8.042610 6.086635 4.111019 3.769170 5.231140 6.627466 7.257164 6.679430 5.208880 3.597216 3.059722 3.950072 4.721471 5.037714 4.698362 3.830328 2.825845 2.517196 3.236010 3.813302 4.007978 3.710449 3.052448 2.328201,
 9.451909 10.992956 12.349334 13.021234 13.839498 15.817167 18.978889 19.152874 24.683620 29.471376 31.129803 30.565916 30.313763 31.084957 32.021549 41.489258 50.859669 54.150505 50.252728 44.626312 40.381069 40.861801 49.930420 60.466026 65.911316 60.466026 49.930420 40.861801 40.381069 44.626312 50.252728 54.150505 50.859669 41.489258 32.021549 31.084957 30.313763 30.565916 31.129803 29.471376 24.683620 19.152874 18.978889 15.817167 13.839498 13.021234 12.349334 10.992956 9.451909,
 35.756199 41.800171 45.422173 43.530876 36.241913 29.158257 28.582043 69.664566 91.166840 108.526825 111.211182 96.538818 75.266785 60.543793 108.772736 148.902298 185.791718 198.410538 177.050171 138.125931 103.273102 125.429550 172.707367 220.430649 242.252518 220.430649 172.707367 125.429550 103.273102 138.125931 177.050171 198.410538 185.791718 148.902298 108.772736 60.543793 75.266785 96.538818 111.211182 108.526825 91.166840 69.664566 28.582043 29.158257 36.241913 43.530876 45.422173 41.800171 35.756199,
 11.743390 12.270824 12.303059 11.523165 9.944269 7.700958 5.279714 19.514330 21.644423 23.312750 24.041723 22.482088 18.046778 12.970991 26.425190 31.215939 36.760220 40.704288 38.055073 29.824551 22.100750 27.727509 35.208279 44.485130 49.506195 44.485130 35.208279 27.727509 22.100750 29.824551 38.055073 40.704288 36.760220 31.215939 26.425190 12.970991 18.046778 22.482088 24.041723 23.312750 21.644423 19.514330 5.279714 7.700958 9.944269 11.523165 12.303059 12.270824 11.743390,
 1.895639 2.307905 2.517640 2.400480 1.970746 1.349429 0.725375 2.105251 2.782702 3.232147 3.195445 2.660937 1.830808 0.993550 2.127145 3.257870 4.298883 4.655781 4.075197 2.908428 1.718030 2.231335 3.775891 5.350586 6.065366 5.350586 3.775891 2.231335 1.718030 2.908428 4.075197 4.655781 4.298883 3.257870 2.127145 0.993550 1.830808 2.660937 3.195445 3.232147 2.782702 2.105251 0.725375 1.349429 1.970746 2.400480 2.517640 2.307905 1.895639,
 6.266559 8.720882 10.916195 12.344344 13.112722 13.362804 13.812793 12.508193 16.957470 21.453650 23.653770 23.477446 22.104836 20.396099 20.402943 27.302876 34.922699 38.498383 36.117188 31.076672 25.934505 26.036715 33.588795 41.942493 46.126274 41.942493 33.588795 26.036715 25.934505 31.076672 36.117188 38.498383 34.922699 27.302876 20.402943 20.396099 22.104836 23.477446 23.653770 21.453650 16.957470 12.508193 13.812793 13.362804 13.112722 12.344344 10.916195 8.720882 6.266559,
 41.565071 42.144524 41.086334 37.551395 30.420723 23.020121 18.896532 64.904709 71.816216 76.796387 75.716064 65.049255 49.623474 35.603752 83.424316 104.053177 122.336685 127.937782 113.495544 87.884476 62.147282 82.397537 112.559235 141.576599 155.063995 141.576599 112.559235 82.397537 62.147282 87.884476 113.495544 127.937782 122.336685 104.053177 83.424316 35.603752 49.623474 65.049255 75.716064 76.796387 71.816216 64.904709 18.896532 23.020121 30.420723 37.551395 41.086334 42.144524 41.565071,
 4.548857 5.472361 5.663168 4.987669 3.336472 1.316486 0.007147 7.367265 8.724688 10.188964 11.077730 9.576375 6.113715 3.301867 9.910883 12.481370 16.597092 19.737991 17.439857 11.657084 7.457485 10.204681 14.210421 20.610973 24.372677 20.610973 14.210421 10.204681 7.457485 11.657084 17.439857 19.737991 16.597092 12.481370 9.910883 3.301867 6.113715 9.576375 11.077730 10.188964 8.724688 7.367265 0.007147 1.316486 3.336472 4.987669 5.663168 5.472361 4.548857,
 0.033356 0.315733 0.599013 0.669351 0.435445 0.048662 -0.223233 0.338827 0.728192 1.080349 1.153829 0.861645 0.383618 0.007364 0.827243 1.471807 2.073761 2.240643 1.840444 1.144345 0.537792 1.111333 1.958413 2.856609 3.262288 2.856609 1.958413 1.111333 0.537792 1.144345 1.840444 2.240643 2.073761 1.471807 0.827243 0.007364 0.383618 0.861645 1.153829 1.080349 0.728192 0.338827 -0.223233 0.048662 0.435445 0.669351 0.599013 0.315733 0.033356,
 1.745523 2.208813 2.484648 2.388897 2.010135 1.731336 1.664859 6.078178 7.551945 8.606913 8.568841 7.600588 6.333348 5.329603 10.303780 13.240686 15.953915 16.555130 14.700378 11.913671 9.403532 11.665525 15.147637 18.906506 20.729538 18.906506 15.147637 11.665525 9.403532 11.913671 14.700378 16.555130 15.953915 13.240686 10.303780 5.329603 6.333348 7.600588 8.568841 8.606913 7.551945 6.078178 1.664859 1.731336 2.010135 2.388897 2.484648 2.208813 1.745523,
 -2.604945 3.801834 8.111873 8.559889 5.520034 3.181285 3.855777 1.436589 11.102291 19.124964 21.784456 17.829828 12.375595 9.369686 8.772673 21.122316 32.909210 38.036568 32.651405 22.795412 14.498907 14.739217 26.946178 39.763927 46.049660 39.763927 26.946178 14.739217 14.498907 22.795412 32.651405 38.036568 32.909210 21.122316 8.772673 9.369686 12.375595 17.829828 21.784456 19.124964 11.102291 1.436589 3.855777 3.181285 5.520034 8.559889 8.111873 3.801834 -2.604945,
 -0.935132 -0.318578 0.014368 -0.370224 -1.165983 -1.595296 -1.246790 -0.865862 0.392904 1.395009 1.577287 0.956826 -0.091741 -0.701058 -0.142521 1.858646 3.905253 5.051897 4.157079 1.825054 -0.092961 0.179888 2.615279 5.541238 7.076865 5.541238 2.615279 0.179888 -0.092961 1.825054 4.157079 5.051897 3.905253 1.858646 -0.142521 -0.701058 -0.091741 0.956826 1.577287 1.395009 0.392904 -0.865862 -1.246790 -1.595296 -1.165983 -0.370224 0.014368 -0.318578 -0.935132,

Pairwise cross-correlations of the modulus of all oriented sub-bands at the same scale (size QxQ)
 10.500273 10.836443 9.665211 6.865433,
 10.836443 136.935440 218.559479 49.695698,
 9.665211 218.559479 566.709473 190.071564,
 6.865433 49.695698 190.071564 106.655334,
 8.914668 6.092761 3.043823 3.520133,
 6.092761 65.911308 87.759560 15.375386,
 3.043823 87.759560 242.252533 75.901566,
 3.520133 15.375386 75.901566 49.506195,
 6.065366 4.630272 2.204773 3.785038,
 4.630272 46.126282 62.926167 14.119107,
 2.204773 62.926167 155.064026 41.310268,
 3.785038 14.119107 41.310268 24.372679,
 3.262288 4.230784 0.734827 1.333360,
 4.230784 20.729538 19.132374 5.273169,
 0.734827 19.132374 46.049660 11.855955,
 1.333360 5.273169 11.855955 7.076865,

Cross-correlations of the modulus of all oriented sub-bands with all oriented sub-bands at the coarser scale (size QxQ)
 6.777758 5.681531 0.551220 3.369704,
 10.430996 45.502811 41.401329 3.325431,
 13.983168 54.378654 95.541115 30.075317,
 6.372148 9.008797 29.713036 23.187328,
 4.888186 5.086612 3.640631 4.582686,
 3.816330 16.832283 14.472416 4.808055,
 1.467189 12.954211 21.694796 9.772112,
 1.187118 -1.450399 -2.977752 4.049290,
 2.823625 5.888771 1.478276 1.982910,
 1.751053 14.625253 17.776623 2.563959,
 1.681179 21.399557 43.482277 5.290522,
 1.583762 7.671055 10.942707 2.207075,

Cross-correlations of the real part of each oriented sub-band with both the real and imaginary part of all phase-doubled oriented sub-bands at the next coarser scale (Q matrices of size 1x2Q, which are computed and stored in a matrix of size Qx2Q)
 -1.051783 -2.128572 -1.793883 -1.558380 1.725477 0.318496 -0.029830 -0.576918,
 -1.455204 -26.509811 -19.417269 -8.493471 0.633509 -2.363834 -5.453494 -2.112044,
 -1.615194 -31.249960 -63.964970 -52.606182 0.008199 -4.499346 -15.641750 -5.055416,
 -1.121002 -6.065738 -38.083721 -36.351246 0.711475 -0.913845 -6.481966 -2.231107,
 -0.055837 -1.761190 -0.549894 -0.123696 1.026303 0.089650 0.056825 -0.166986,
 -0.764593 -15.728855 -5.441413 -0.492495 0.224192 -5.199469 -10.056524 -2.709891,
 -0.779138 -14.000912 -1.891799 -2.905425 0.026245 -10.261834 -25.287451 -7.940578,
 -0.282244 -0.630073 1.282210 -1.877895 0.567994 -2.574067 -8.392832 -3.286412,
 0.295311 -0.221600 -0.099068 0.157096 1.065453 0.665561 0.389783 -0.497925,
 0.116265 3.312296 10.229859 3.234010 0.779278 7.785339 5.612629 -1.806072,
 -0.110867 7.984886 19.989346 6.624702 0.193715 8.165335 -1.610782 -9.567461,
 0.038749 2.017495 3.756695 1.998364 0.483450 0.443880 -5.203942 -6.256980,
