Low-band skewness and kurtosis
 -0.474862 2.044670,
 -0.271734 1.984494,
 -0.048996 1.812658,
 0.226264 1.804296,
 0.531512 1.778028,

High-band variance
 1023.565002,

Skewness, kurtosis, variance, mean, maximum and minimum of the reconstructed texture
 -0.619768 1.883844 5587.386230 188.851135 255.000000 6.000000,

Auto-correlations of the low-frequency bands at each scale
 1275.978149 1243.643311 1213.071289 1187.219482 1166.310059 1153.171875 1149.039429 928.444031 878.971313 859.093567 878.665833 938.443298 1037.269897 1164.937500 2403.004639 2506.902588 2617.265137 2715.807617 2787.213379 2841.120850 2887.984131 4002.465332 4168.095703 4296.142578 4347.045898 4296.142578 4168.095703 4002.465332 2887.984131 2841.120850 2787.213379 2715.807617 2617.265137 2506.902588 2403.004639 1164.937500 1037.269897 938.443298 878.665833 859.093567 878.971313 928.444031 1149.039429 1153.171875 1166.310059 1187.219482 1213.071289 1243.643311 1275.978149,
 1308.391479 1319.989746 1321.369995 1315.097168 1305.905884 1298.142090 1291.538208 1247.164795 1213.187988 1191.388184 1187.714355 1205.411621 1246.592773 1304.396729 1852.012085 1900.018555 1964.200317 2024.621948 2063.636230 2090.029297 2113.712891 2632.505127 2728.406738 2811.746094 2847.651855 2811.746094 2728.406738 2632.505127 2113.712891 2090.029297 2063.636230 2024.621948 1964.200317 1900.018555 1852.012085 1304.396729 1246.592773 1205.411621 1187.714355 1191.388184 1213.187988 1247.164795 1291.538208 1298.142090 1305.905884 1315.097168 1321.369995 1319.989746 1308.391479,
 1131.802612 1133.338867 1135.649902 1139.333008 1141.588867 1141.642578 1141.903931 1105.109497 1106.440308 1118.141968 1136.823120 1156.830444 1181.388550 1213.195190 1539.896973 1582.626709 1635.686157 1680.983887 1702.754517 1713.933105 1728.938477 2042.222046 2089.893066 2138.461914 2161.617676 2138.461914 2089.893066 2042.222046 1728.938477 1713.933105 1702.754517 1680.983887 1635.686157 1582.626709 1539.896973 1213.195190 1181.388550 1156.830444 1136.823120 1118.141968 1106.440308 1105.109497 1141.903931 1141.642578 1141.588867 1139.333008 1135.649902 1133.338867 1131.802612,
 424.432648 416.852814 403.734467 388.165375 371.313995 355.082428 342.505585 874.347961 849.741455 836.451050 834.473938 839.295532 853.482178 878.249817 1313.747070 1343.475342 1387.950073 1432.253906 1459.257446 1474.243896 1484.089111 1658.824829 1709.353394 1754.246582 1774.558105 1754.246582 1709.353394 1658.824829 1484.089111 1474.243896 1459.257446 1432.253906 1387.950073 1343.475342 1313.747070 878.249817 853.482178 839.295532 834.473938 836.451050 849.741455 874.347961 342.505585 355.082428 371.313995 388.165375 403.734467 416.852814 424.432648,
 -964.092102 -971.300354 -984.893921 -990.594543 -982.706909 -972.906189 -968.639832 -121.952988 -136.674057 -146.820099 -143.243332 -131.405243 -121.225418 -115.640701 958.164978 958.026245 972.599792 991.155701 995.084778 985.521362 974.483215 1501.006348 1520.920654 1550.416260 1565.940186 1550.416260 1520.920654 1501.006348 974.483215 985.521362 995.084778 991.155701 972.599792 958.026245 958.164978 -115.640701 -121.225418 -131.405243 -143.243332 -146.820099 -136.674057 -121.952988 -968.639832 -972.906189 -982.706909 -990.594543 -984.893921 -971.300354 -964.092102,

Auto-correlations of the modulus of each oriented sub-band
 2.856579 4.003361 4.969277 5.361390 4.997065 4.064186 2.960386 3.112133 4.329241 5.350185 5.754555 5.354850 4.365928 3.212832 3.680131 5.176624 6.457924 6.964972 6.437542 5.170978 3.730554 4.117033 5.854033 7.395452 8.031729 7.395452 5.854033 4.117033 3.730554 5.170978 6.437542 6.964972 6.457924 5.176624 3.680131 3.212832 4.365928 5.354850 5.754555 5.350185 4.329241 3.112133 2.960386 4.064186 4.997065 5.361390 4.969277 4.003361 2.856579,
 68.672661 70.963829 73.206009 74.739944 75.452744 75.541527 75.060936 86.265968 91.889420 96.808990 99.191910 98.847076 96.777634 93.711937 108.274948 118.182602 126.845467 130.456970 127.801476 121.404068 113.730804 120.864120 132.043884 141.947586 146.281296 141.947586 132.043884 120.864120 113.730804 121.404068 127.801476 130.456970 126.845467 118.182602 108.274948 93.711937 96.777634 98.847076 99.191910 96.808990 91.889420 86.265968 75.060936 75.541527 75.452744 74.739944 73.206009 70.963829 68.672661,
 321.650940 329.463226 336.499359 339.740967 337.677277 332.692902 327.700806 424.892426 449.577698 469.242737 476.334473 467.502991 448.145630 426.327850 544.768738 593.245728 632.409363 647.014893 629.806580 590.364258 544.275574 600.739380 660.776062 711.217163 731.974121 711.217163 660.776062 600.739380 544.275574 590.364258 629.806580 647.014893 632.409363 593.245728 544.768738 426.327850 448.145630 467.502991 476.334473 469.242737 449.577698 424.892426 327.700806 332.692902 337.677277 339.740967 336.499359 329.463226 321.650940,
 42.989590 44.461700 45.909557 46.402832 45.392689 43.375504 41.498257 55.599617 59.732151 63.808590 65.559418 63.196957 57.587154 51.988663 68.265182 76.472946 85.361496 89.809303 85.500565 75.034988 65.066269 72.515678 83.735680 96.216934 102.171341 96.216934 83.735680 72.515678 65.066269 75.034988 85.500565 89.809303 85.361496 76.472946 68.265182 51.988663 57.587154 63.196957 65.559418 63.808590 59.732151 55.599617 41.498257 43.375504 45.392689 46.402832 45.909557 44.461700 42.989590,
 1.620506 2.346358 3.005972 3.302532 3.101010 2.534806 1.895396 1.980533 2.712655 3.367338 3.646612 3.415410 2.813682 2.136353 2.668970 3.670365 4.576805 4.926753 4.518228 3.611120 2.654868 3.106780 4.369534 5.583662 6.109781 5.583662 4.369534 3.106780 2.654868 3.611120 4.518228 4.926753 4.576805 3.670365 2.668970 2.136353 2.813682 3.415410 3.646612 3.367338 2.712655 1.980533 1.895396 2.534806 3.101010 3.302532 3.005972 2.346358 1.620506,
 25.510418 27.514221 29.237061 30.268393 30.560406 30.471035 30.090469 35.647892 39.716331 43.040756 44.258419 43.510414 42.131523 40.703838 47.350124 53.986046 60.121117 62.217052 59.458138 55.012604 51.049908 54.117573 60.867538 68.097321 71.612251 68.097321 60.867538 54.117573 51.049908 55.012604 59.458138 62.217052 60.121117 53.986046 47.350124 40.703838 42.131523 43.510414 44.258419 43.040756 39.716331 35.647892 30.090469 30.471035 30.560406 30.268393 29.237061 27.514221 25.510418,
 104.682426 111.646614 118.450676 122.908005 123.106834 120.277672 116.851768 149.440430 166.360016 182.111237 191.502716 190.298401 180.966461 169.005127 208.542877 238.100067 264.774872 278.777740 272.606232 251.691254 226.270691 245.274551 279.811371 310.051422 323.145996 310.051422 279.811371 245.274551 226.270691 251.691254 272.606232 278.777740 264.774872 238.100067 208.542877 169.005127 180.966461 190.298401 191.502716 182.111237 166.360016 149.440430 116.851768 120.277672 123.106834 122.908005 118.450676 111.646614 104.682426,
 15.556482 16.317968 17.310633 17.995533 17.715761 16.435999 15.099390 20.954069 22.500498 24.870111 27.361374 27.428011 24.510466 21.342665 27.012280 29.957014 35.284828 40.245937 38.908623 32.579552 27.438602 29.883274 34.710945 42.576675 47.234238 42.576675 34.710945 29.883274 27.438602 32.579552 38.908623 40.245937 35.284828 29.957014 27.012280 21.342665 24.510466 27.428011 27.361374 24.870111 22.500498 20.954069 15.099390 16.435999 17.715761 17.995533 17.310633 16.317968 15.556482,
 1.651162 2.339883 2.874038 3.075471 2.884012 2.416611 1.876027 1.855380 2.581856 3.206022 3.495754 3.349232 2.876667 2.292832 2.504052 3.464244 4.351034 4.744802 4.450630 3.701254 2.874665 3.138167 4.251802 5.331419 5.807997 5.331419 4.251802 3.138167 2.874665 3.701254 4.450630 4.744802 4.351034 3.464244 2.504052 2.292832 2.876667 3.349232 3.495754 3.206022 2.581856 1.855380 1.876027 2.416611 2.884012 3.075471 2.874038 2.339883 1.651162,
 8.758751 10.362110 10.822206 9.654138 8.420419 8.235043 8.285641 13.766167 16.678144 18.736254 17.952919 15.715296 14.641798 14.500629 18.722225 22.694397 27.104542 27.632950 23.823811 20.511799 19.439072 20.914774 24.092085 29.582798 32.875961 29.582798 24.092085 20.914774 19.439072 20.511799 23.823811 27.632950 27.104542 22.694397 18.722225 14.500629 14.641798 15.715296 17.952919 18.736254 16.678144 13.766167 8.285641 8.235043 8.420419 9.654138 10.822206 10.362110 8.758751,
 47.109310 49.342926 51.679760 53.105095 53.041973 52.089127 51.275738 74.133713 80.138145 85.353874 87.694366 86.047768 81.873466 77.525269 100.826828 112.091515 121.575745 125.403625 121.578171 112.529198 102.402344 112.767883 126.419624 138.280579 143.236252 138.280579 126.419624 112.767883 102.402344 112.529198 121.578171 125.403625 121.575745 112.091515 100.826828 77.525269 81.873466 86.047768 87.694366 85.353874 80.138145 74.133713 51.275738 52.089127 53.041973 53.105095 51.679760 49.342926 47.109310,
 7.247966 7.551408 7.857413 8.821553 9.975600 9.098357 6.966744 10.605315 10.913871 11.598668 13.770120 14.647853 11.940759 9.120618 12.568304 13.201509 15.981659 20.036255 19.259579 14.281265 11.044872 12.250989 14.467052 19.810158 23.561226 19.810158 14.467052 12.250989 11.044872 14.281265 19.259579 20.036255 15.981659 13.201509 12.568304 9.120618 11.940759 14.647853 13.770120 11.598668 10.913871 10.605315 6.966744 9.098357 9.975600 8.821553 7.857413 7.551408 7.247966,
 -0.794916 -0.404736 0.030487 0.244417 0.094128 -0.293426 -0.667216 -0.326904 0.260204 0.923659 1.253655 1.045869 0.459852 -0.159643 0.177120 1.148890 2.255756 2.790979 2.371415 1.330483 0.305243 0.437947 1.678310 3.061369 3.701488 3.061369 1.678310 0.437947 0.305243 1.330483 2.371415 2.790979 2.255756 1.148890 0.177120 -0.159643 0.459852 1.045869 1.253655 0.923659 0.260204 -0.326904 -0.667216 -0.293426 0.094128 0.244417 0.030487 -0.404736 -0.794916,
 -0.245587 1.794565 3.368128 4.202843 4.923616 5.604910 5.753731 7.222037 10.109221 12.645116 13.425895 13.014411 12.549107 11.816968 13.894225 17.092060 20.543863 21.737280 20.166265 18.116863 16.381613 17.333101 20.031305 23.424746 25.276804 23.424746 20.031305 17.333101 16.381613 18.116863 20.166265 21.737280 20.543863 17.092060 13.894225 11.816968 12.549107 13.014411 13.425895 12.645116 10.109221 7.222037 5.753731 5.604910 4.923616 4.202843 3.368128 1.794565 -0.245587,
 -6.970470 5.283588 16.709700 25.664612 31.425726 33.924248 33.391804 14.873936 30.821545 44.783043 53.816269 56.658234 54.211384 48.267429 39.186501 57.144268 72.181480 80.158646 78.972908 70.556480 58.408943 56.185169 73.010971 86.303947 91.586151 86.303947 73.010971 56.185169 58.408943 70.556480 78.972908 80.158646 72.181480 57.144268 39.186501 48.267429 54.211384 56.658234 53.816269 44.783043 30.821545 14.873936 33.391804 33.924248 31.425726 25.664612 16.709700 5.283588 -6.970470,
 0.216823 1.264582 2.186972 2.351319 2.244261 2.205082 1.832182 1.662698 2.949612 3.890105 4.595638 4.844984 4.019376 2.709430 3.003843 4.299620 5.976684 7.793725 7.501728 5.158350 3.338888 3.590030 5.122898 7.855425 9.624262 7.855425 5.122898 3.590030 3.338888 5.158350 7.501728 7.793725 5.976684 4.299620 3.003843 2.709430 4.019376 4.844984 4.595638 3.890105 2.949612 1.662698 1.832182 2.205082 2.244261 2.351319 2.186972 1.264582 0.216823,

Pairwise cross-correlations of the modulus of all oriented sub-bands at the same scale (size QxQ)
 8.031731 9.138340 8.478389 7.344000,
 9.138340 146.281326 293.414612 85.309555,
 8.478389 293.414612 731.974243 236.518845,
 7.344000 85.309555 236.518845 102.171356,
 6.109781 7.425316 8.675910 6.175455,
 7.425316 71.612259 132.497162 37.210815,
 8.675910 132.497162 323.145996 98.488945,
 6.175455 37.210815 98.488945 47.234245,
 5.807997 4.616245 6.727908 3.210589,
 4.616245 32.875961 58.454304 15.256916,
 6.727908 58.454304 143.236252 47.190228,
 3.210589 15.256916 47.190228 23.561226,
 3.701488 2.250656 1.866301 1.661272,
 2.250656 25.276804 42.098213 9.676920,
 1.866301 42.098213 91.586159 23.406761,
 1.661272 9.676920 23.406761 9.624263,

Cross-correlations of the modulus of all oriented sub-bands with all oriented sub-bands at the coarser scale (size QxQ)
 4.997371 5.611393 2.673245 5.566810,
 10.534638 43.812546 76.338364 28.519676,
 16.916277 86.593254 176.258118 63.426090,
 7.821629 29.066053 58.922829 26.195528,
 3.551166 3.788043 5.224938 2.857423,
 8.825367 21.434797 46.033939 15.771965,
 13.939281 41.188416 94.059052 31.074434,
 6.449711 13.903906 29.680847 11.653231,
 2.658563 6.006227 8.004834 3.331519,
 2.288026 14.017903 23.645763 7.216492,
 5.115157 20.713253 39.144646 12.871555,
 2.549413 4.258219 9.485599 4.090525,

Cross-correlations of the real part of each oriented sub-band with both the real and imaginary part of all phase-doubled oriented sub-bands at the next coarser scale (Q matrices of size 1x2Q, which are computed and stored in a matrix of size Qx2Q)
 -0.971562 -0.596245 -0.170787 -0.671978 0.516307 0.506843 0.114151 -0.044077,
 -0.518897 -5.977597 -3.158858 -2.753210 0.263259 3.217911 1.207817 -1.414047,
 -0.153475 -10.463971 -13.113473 -13.858594 0.004033 0.167131 -12.631584 -8.611732,
 -0.561472 -2.884602 -7.087979 -8.869855 0.192708 -1.657177 -9.129719 -4.969802,
 0.854317 -0.231338 -0.101230 -0.211140 -0.495686 -0.198985 -0.082469 0.089960,
 0.505425 0.346266 2.118725 0.321989 -0.188070 -8.950115 -15.578026 -2.066662,
 0.145673 2.262260 3.244631 -1.014745 0.060789 -18.252117 -32.536663 -4.873151,
 0.334259 0.502995 -0.107143 -1.751962 -0.143257 -4.855093 -8.218487 -1.445720,
 -0.789916 -0.279658 0.060292 -0.632632 -1.296808 -0.295261 -0.060842 0.281749,
 -0.466778 9.007205 28.081608 4.706721 -0.644313 -10.472643 -18.248911 -1.626300,
 -0.307124 20.030746 62.638519 10.719425 -0.069277 -19.553307 -32.917736 0.323828,
 -0.439672 5.374124 17.118824 1.903399 -0.576376 -4.322941 -5.968324 1.998349,
