Low-band skewness and kurtosis
 -0.537801 2.124513,
 -0.402153 2.175863,
 -0.325819 2.240241,
 -0.298115 2.243742,
 -0.169133 1.776078,

High-band variance
 922.734009,

Skewness, kurtosis, variance, mean, maximum and minimum of the reconstructed texture
 -0.672133 1.985706 5816.841797 188.683167 255.000000 3.000000,

Auto-correlations of the low-frequency bands at each scale
 1502.432373 1439.998291 1369.460205 1302.002319 1258.307373 1267.426025 1344.386475 1460.829102 1307.719238 1214.961670 1227.549805 1360.904541 1594.695557 1863.730225 2550.903076 2705.602539 2922.779541 3140.725098 3288.689697 3348.450195 3318.230713 3831.031250 4229.053711 4560.681152 4695.996094 4560.681152 4229.053711 3831.031250 3318.230713 3348.450195 3288.689697 3140.725098 2922.779541 2705.602539 2550.903076 1863.730225 1594.695557 1360.904541 1227.549805 1214.961670 1307.719238 1460.829102 1344.386475 1267.426025 1258.307373 1302.002319 1369.460205 1439.998291 1502.432373,
 1526.991699 1516.421387 1502.852051 1487.837402 1479.355957 1493.799316 1540.630127 1425.599487 1332.896729 1278.973755 1285.269409 1352.771118 1473.803223 1619.453491 2001.914551 2077.958496 2195.236572 2311.959961 2373.349365 2375.746582 2333.563477 2698.955566 2948.648193 3163.960205 3254.462402 3163.960205 2948.648193 2698.955566 2333.563477 2375.746582 2373.349365 2311.959961 2195.236572 2077.958496 2001.914551 1619.453491 1473.803223 1352.771118 1285.269409 1278.973755 1332.896729 1425.599487 1540.630127 1493.799316 1479.355957 1487.837402 1502.852051 1516.421387 1526.991699,
 1418.439697 1448.745361 1460.733521 1458.891357 1449.915649 1450.280273 1467.469238 1460.388184 1422.097412 1413.256592 1444.350586 1499.926514 1571.842773 1644.276855 1716.211426 1758.552368 1844.645020 1934.850098 1972.885742 1962.357544 1926.427246 2021.147339 2166.694092 2309.980469 2375.304688 2309.980469 2166.694092 2021.147339 1926.427246 1962.357544 1972.885742 1934.850098 1844.645020 1758.552368 1716.211426 1644.276855 1571.842773 1499.926514 1444.350586 1413.256592 1422.097412 1460.388184 1467.469238 1450.280273 1449.915649 1458.891357 1460.733521 1448.745361 1418.439697,
 539.432983 555.815308 589.182190 630.499268 665.902039 688.505249 701.100830 1068.107178 1100.172119 1151.156006 1207.634644 1246.612305 1265.429932 1270.362305 1499.552856 1565.812866 1655.928223 1730.645874 1744.634521 1712.068970 1666.313599 1748.313477 1836.748535 1933.275391 1979.998291 1933.275391 1836.748535 1748.313477 1666.313599 1712.068970 1744.634521 1730.645874 1655.928223 1565.812866 1499.552856 1270.362305 1265.429932 1246.612305 1207.634644 1151.156006 1100.172119 1068.107178 701.100830 688.505249 665.902039 630.499268 589.182190 555.815308 539.432983,
 -1126.847046 -1168.126953 -1232.157349 -1258.537964 -1221.073853 -1166.583984 -1135.042358 -9.523228 -70.338264 -92.498344 -51.076363 20.623688 69.174767 75.675934 1058.721924 1067.347046 1158.549805 1269.704468 1308.927979 1265.224731 1188.920898 1557.191406 1654.360962 1789.206055 1857.098877 1789.206055 1654.360962 1557.191406 1188.920898 1265.224731 1308.927979 1269.704468 1158.549805 1067.347046 1058.721924 75.675934 69.174767 20.623688 -51.076363 -92.498344 -70.338264 -9.523228 -1135.042358 -1166.583984 -1221.073853 -1258.537964 -1232.157349 -1168.126953 -1126.847046,

Auto-correlations of the modulus of each oriented sub-band
 6.478681 7.793819 8.932906 9.402438 8.946809 7.796377 6.492411 6.915568 8.311880 9.519490 10.058668 9.674027 8.505598 7.047755 8.037985 10.199278 11.971165 12.482131 11.587976 9.887781 8.036465 8.493420 11.240483 14.032810 15.299139 14.032810 11.240483 8.493420 8.036465 9.887781 11.587976 12.482131 11.971165 10.199278 8.037985 7.047755 8.505598 9.674027 10.058668 9.519490 8.311880 6.915568 6.492411 7.796377 8.946809 9.402438 8.932906 7.793819 6.478681,
 99.813782 104.286438 109.412338 114.075333 117.404373 119.087509 119.058533 118.288986 130.473129 143.329926 152.223862 154.948761 152.706406 147.166000 144.033264 164.860977 185.891037 197.383148 194.303787 181.817490 166.422943 164.765793 187.570099 209.548080 219.543610 209.548080 187.570099 164.765793 166.422943 181.817490 194.303787 197.383148 185.891037 164.860977 144.033264 147.166000 152.706406 154.948761 152.223862 143.329926 130.473129 118.288986 119.058533 119.087509 117.404373 114.075333 109.412338 104.286438 99.813782,
 227.017151 238.735245 251.876617 260.739838 260.014832 251.742020 240.965515 288.900421 322.717407 359.702423 380.032776 370.473907 342.050903 311.982147 356.677765 417.933960 485.178436 519.186646 493.464813 433.335999 375.804779 395.062286 467.899963 547.655151 586.161316 547.655151 467.899963 395.062286 375.804779 433.335999 493.464813 519.186646 485.178436 417.933960 356.677765 311.982147 342.050903 370.473907 380.032776 359.702423 322.717407 288.900421 240.965515 251.742020 260.014832 260.739838 251.876617 238.735245 227.017151,
 51.167091 51.573109 51.673820 51.012314 49.053642 46.651165 44.920158 65.243523 67.768860 71.016876 72.710266 68.924438 62.145309 57.155846 76.109703 82.517746 92.725410 99.547897 92.772392 79.493378 70.372551 78.171181 88.008553 103.723312 113.287819 103.723312 88.008553 78.171181 70.372551 79.493378 92.772392 99.547897 92.725410 82.517746 76.109703 57.155846 62.145309 68.924438 72.710266 71.016876 67.768860 65.243523 44.920158 46.651165 49.053642 51.012314 51.673820 51.573109 51.167091,
 4.588635 5.982702 7.303326 7.814442 7.173691 5.765200 4.338115 4.854185 6.306962 7.643384 8.159672 7.536534 6.136622 4.705317 5.589490 7.638595 9.569263 10.281363 9.307457 7.305391 5.338309 5.934890 8.526127 11.218040 12.442878 11.218040 8.526127 5.934890 5.338309 7.305391 9.307457 10.281363 9.569263 7.638595 5.589490 4.705317 6.136622 7.536534 8.159672 7.643384 6.306962 4.854185 4.338115 5.765200 7.173691 7.814442 7.303326 5.982702 4.588635,
 28.761545 29.682011 31.071484 32.341881 33.350750 33.462330 32.414230 42.249302 49.058987 56.001015 59.390602 58.546524 54.780125 49.333996 58.777645 72.643982 86.812729 93.018082 87.883057 76.634583 64.590652 68.648232 85.053673 102.035545 110.085419 102.035545 85.053673 68.648232 64.590652 76.634583 87.883057 93.018082 86.812729 72.643982 58.777645 49.333996 54.780125 58.546524 59.390602 56.001015 49.058987 42.249302 32.414230 33.462330 33.350750 32.341881 31.071484 29.682011 28.761545,
 69.933739 74.745018 81.223328 86.423317 87.274887 82.539528 73.857124 112.992676 136.493958 162.653702 178.452209 173.768478 151.464417 124.417786 159.245682 205.588806 256.200531 283.385254 266.669830 219.153870 169.766953 184.281067 242.834564 304.680359 333.522430 304.680359 242.834564 184.281067 169.766953 219.153870 266.669830 283.385254 256.200531 205.588806 159.245682 124.417786 151.464417 173.768478 178.452209 162.653702 136.493958 112.992676 73.857124 82.539528 87.274887 86.423317 81.223328 74.745018 69.933739,
 28.614162 29.517950 29.736135 29.720531 29.551638 28.931913 28.522556 38.206821 40.527836 42.321815 43.941582 43.465210 40.248974 37.093632 47.691216 52.603725 58.440193 63.113464 60.771950 53.046024 46.437538 51.117859 58.418690 67.868599 73.246925 67.868599 58.418690 51.117859 46.437538 53.046024 60.771950 63.113464 58.440193 52.603725 47.691216 37.093632 40.248974 43.465210 43.941582 42.321815 40.527836 38.206821 28.522556 28.931913 29.551638 29.720531 29.736135 29.517950 28.614162,
 3.491468 5.210333 6.614767 7.257603 6.947876 5.817076 4.153055 4.437208 6.642144 8.344500 8.864697 8.062319 6.342164 4.290450 5.376974 8.319951 10.768422 11.464856 10.071456 7.440933 4.685841 5.514905 8.905991 12.182230 13.633156 12.182230 8.905991 5.514905 4.685841 7.440933 10.071456 11.464856 10.768422 8.319951 5.376974 4.290450 6.342164 8.062319 8.864697 8.344500 6.642144 4.437208 4.153055 5.817076 6.947876 7.257603 6.614767 5.210333 3.491468,
 14.587750 19.147285 22.129688 22.553249 20.822659 17.939507 14.690419 20.620274 28.416971 34.327141 35.096748 31.456877 26.482279 21.717915 26.729939 38.023941 48.622551 51.512280 45.241295 35.874992 27.668728 29.555908 41.112602 53.805401 60.085815 53.805401 41.112602 29.555908 27.668728 35.874992 45.241295 51.512280 48.622551 38.023941 26.729939 21.717915 26.482279 31.456877 35.096748 34.327141 28.416971 20.620274 14.690419 17.939507 20.822659 22.553249 22.129688 19.147285 14.587750,
 1.844521 7.144943 13.728168 17.321289 15.974083 11.722204 6.884704 19.927238 32.573124 46.677868 52.316963 45.350079 32.895329 22.921566 38.321678 59.108292 82.938316 93.121811 80.487938 57.509033 39.295448 46.311066 69.845650 98.287727 112.428505 98.287727 69.845650 46.311066 39.295448 57.509033 80.487938 93.121811 82.938316 59.108292 38.321678 22.921566 32.895329 45.350079 52.316963 46.677868 32.573124 19.927238 6.884704 11.722204 15.974083 17.321289 13.728168 7.144943 1.844521,
 8.875236 8.974040 9.143238 9.018420 8.630697 8.404838 8.409276 12.466736 13.749368 14.745969 15.128996 14.508544 12.789666 10.868250 14.611139 17.526402 21.294474 24.423779 23.308119 18.355438 13.559927 14.723370 19.729729 26.445713 30.230198 26.445713 19.729729 14.723370 13.559927 18.355438 23.308119 24.423779 21.294474 17.526402 14.611139 10.868250 12.789666 14.508544 15.128996 14.745969 13.749368 12.466736 8.409276 8.404838 8.630697 9.018420 9.143238 8.974040 8.875236,
 0.146894 2.261683 4.128887 4.941313 4.343495 2.692874 0.784640 0.466587 2.826599 4.807609 5.534915 4.738101 2.921603 0.987103 1.746678 4.978045 7.679010 8.580620 7.273537 4.521559 1.612511 2.464518 6.292007 9.708452 11.109479 9.708452 6.292007 2.464518 1.612511 4.521559 7.273537 8.580620 7.679010 4.978045 1.746678 0.987103 2.921603 4.738101 5.534915 4.807609 2.826599 0.466587 0.784640 2.692874 4.343495 4.941313 4.128887 2.261683 0.146894,
 -0.797766 1.810558 4.623147 6.336504 6.075968 4.266189 2.087992 1.441230 4.966702 8.276836 9.924679 9.361425 7.282592 4.745383 5.103205 10.623893 15.777915 17.456497 14.836205 10.220576 6.064764 6.744272 13.000517 19.729435 22.865789 19.729435 13.000517 6.744272 6.064764 10.220576 14.836205 17.456497 15.777915 10.623893 5.103205 4.745383 7.282592 9.361425 9.924679 8.276836 4.966702 1.441230 2.087992 4.266189 6.075968 6.336504 4.623147 1.810558 -0.797766,
 -1.814013 0.870284 3.316119 5.709265 6.491075 5.669823 4.520478 1.427213 4.951303 9.951151 14.594503 14.492731 10.465517 6.329862 5.000374 10.598696 19.134207 25.421143 22.176218 13.583755 6.636764 6.564154 14.110678 24.826736 30.993494 24.826736 14.110678 6.564154 6.636764 13.583755 22.176218 25.421143 19.134207 10.598696 5.000374 6.329862 10.465517 14.492731 14.594503 9.951151 4.951303 1.427213 4.520478 5.669823 6.491075 5.709265 3.316119 0.870284 -1.814013,
 -1.465187 -0.838308 -0.148215 1.085326 2.310793 2.595769 2.219648 -0.872772 -0.180290 1.463047 3.646692 4.543208 3.605396 2.454632 -0.291664 1.155302 4.306283 7.333294 7.178634 4.371567 2.088046 0.732027 3.233955 7.352864 9.737237 7.352864 3.233955 0.732027 2.088046 4.371567 7.178634 7.333294 4.306283 1.155302 -0.291664 2.454632 3.605396 4.543208 3.646692 1.463047 -0.180290 -0.872772 2.219648 2.595769 2.310793 1.085326 -0.148215 -0.838308 -1.465187,

Pairwise cross-correlations of the modulus of all oriented sub-bands at the same scale (size QxQ)
 15.299139 22.035954 17.277601 12.316645,
 22.035954 219.543671 267.169769 54.320232,
 17.277601 267.169769 586.161316 185.970963,
 12.316645 54.320232 185.970963 113.287819,
 12.442878 10.758845 6.435173 7.749939,
 10.758845 110.085426 135.297897 24.856792,
 6.435173 135.297897 333.522461 106.639404,
 7.749939 24.856792 106.639404 73.246925,
 13.633156 6.889529 -0.814805 3.523992,
 6.889529 60.085819 49.435341 2.490570,
 -0.814805 49.435341 112.428520 33.261597,
 3.523992 2.490570 33.261597 30.230204,
 11.109478 9.385270 1.927541 5.462779,
 9.385270 22.865791 15.986412 8.055680,
 1.927541 15.986412 30.993492 6.965767,
 5.462779 8.055680 6.965767 9.737237,

Cross-correlations of the modulus of all oriented sub-bands with all oriented sub-bands at the coarser scale (size QxQ)
 9.958165 10.150977 3.784406 6.954121,
 17.473869 59.564743 48.610291 16.684065,
 18.715569 72.877632 135.089066 64.890739,
 11.063135 19.489952 56.428642 43.897152,
 8.716500 6.506242 0.576220 4.291031,
 6.319127 29.698595 34.692814 11.735035,
 6.547597 20.575146 58.905632 26.882563,
 7.257192 -0.532233 15.903400 19.205572,
 9.438590 10.420248 1.888832 5.686002,
 4.009104 5.096941 -1.317281 5.282683,
 -2.556197 -5.863389 -3.068435 2.568139,
 2.470320 0.622017 -1.069360 3.137965,

Cross-correlations of the real part of each oriented sub-band with both the real and imaginary part of all phase-doubled oriented sub-bands at the next coarser scale (Q matrices of size 1x2Q, which are computed and stored in a matrix of size Qx2Q)
 -0.847873 -1.943972 -1.054238 -1.655341 0.596580 0.441892 0.469145 -0.143803,
 -1.973315 -24.443844 -35.565861 -14.012658 0.150151 4.812406 -0.378642 -2.030326,
 -1.512727 -41.513031 -110.194939 -62.011456 -0.038497 1.564137 -8.022755 -5.025230,
 -0.724950 -11.494750 -48.518002 -37.889343 0.190752 -1.214965 -2.983731 -1.732326,
 0.079929 -2.019087 -1.306115 -0.608813 0.601102 -0.429165 -0.431570 0.404934,
 -1.311315 -29.394241 -43.062973 -6.123513 -0.185805 -3.804931 -0.899455 -0.968725,
 -1.149589 -42.050182 -83.920479 -19.083094 -0.226457 0.520382 -0.469071 -5.979047,
 -0.080442 -8.637950 -23.225542 -9.404485 0.225424 1.625743 -1.520155 -3.443780,
 0.412335 -0.389048 0.033185 -0.241326 0.196788 2.250591 0.533350 -0.676531,
 0.248132 -5.076859 1.892753 0.130095 0.704716 11.305753 8.477936 0.743308,
 0.026295 -6.509999 3.140164 -0.471825 0.357796 10.757912 18.491493 1.321231,
 0.061455 -1.249588 0.085593 -1.106857 0.354468 2.023781 6.253407 -1.259628,
