Low-band skewness and kurtosis
 -0.467601 2.245334,
 -0.477183 2.622079,
 -0.435200 2.417195,
 -0.300868 2.071110,
 -0.164140 1.885895,

High-band variance
 1036.531128,

Skewness, kurtosis, variance, mean, maximum and minimum of the reconstructed texture
 -0.597922 1.941184 5394.163086 187.579468 255.000000 3.000000,

Auto-correlations of the low-frequency bands at each scale
 601.697327 592.167175 600.248047 621.240479 647.904053 675.284729 697.512268 1008.697449 853.160706 727.125793 651.977173 631.970154 663.458801 730.262146 2743.058838 2704.440674 2638.513184 2539.667236 2404.226074 2260.950439 2140.106201 3659.011230 3880.104980 4055.193115 4125.509766 4055.193115 3880.104980 3659.011230 2140.106201 2260.950439 2404.226074 2539.667236 2638.513184 2704.440674 2743.058838 730.262146 663.458801 631.970154 651.977173 727.125793 853.160706 1008.697449 697.512268 675.284729 647.904053 621.240479 600.248047 592.167175 601.697327,
 532.419495 516.454468 514.623474 525.179077 543.772644 563.096558 577.253479 605.658508 502.090454 421.579437 376.187439 368.106354 393.348022 439.887756 1752.057495 1741.924316 1712.437744 1653.812744 1564.043213 1470.510254 1397.713013 2441.498047 2592.679199 2717.622070 2769.377930 2717.622070 2592.679199 2441.498047 1397.713013 1470.510254 1564.043213 1653.812744 1712.437744 1741.924316 1752.057495 439.887756 393.348022 368.106354 376.187439 421.579437 502.090454 605.658508 577.253479 563.096558 543.772644 525.179077 514.623474 516.454468 532.419495,
 704.651245 719.750061 736.907532 757.217896 777.249695 790.537903 793.813110 638.610535 590.783203 555.689026 542.830566 553.698669 586.204956 632.706604 1183.803345 1170.458862 1150.560181 1113.699829 1054.909058 996.889954 961.701111 1539.642334 1632.856201 1718.649048 1756.252563 1718.649048 1632.856201 1539.642334 961.701111 996.889954 1054.909058 1113.699829 1150.560181 1170.458862 1183.803345 632.706604 586.204956 553.698669 542.830566 555.689026 590.783203 638.610535 793.813110 790.537903 777.249695 757.217896 736.907532 719.750061 704.651245,
 191.270905 181.526489 165.521469 153.607239 155.532730 169.005371 185.880676 507.645386 490.267181 471.980560 458.223053 453.580475 460.543427 474.435425 924.067993 931.766663 941.261719 940.049194 920.107544 898.070862 886.599854 1126.087036 1159.555420 1199.405029 1219.749146 1199.405029 1159.555420 1126.087036 886.599854 898.070862 920.107544 940.049194 941.261719 931.766663 924.067993 474.435425 460.543427 453.580475 458.223053 471.980560 490.267181 507.645386 185.880676 169.005371 155.532730 153.607239 165.521469 181.526489 191.270905,
 -623.088623 -622.989685 -624.393616 -625.963257 -624.853577 -622.279724 -621.773926 -2.296143 -7.642406 -17.882500 -27.209486 -27.554352 -18.344194 -8.040531 626.755310 632.710815 634.755615 629.039185 618.441284 612.442871 614.157532 921.857971 936.858093 956.520630 966.311157 956.520630 936.858093 921.857971 614.157532 612.442871 618.441284 629.039185 634.755615 632.710815 626.755310 -8.040531 -18.344194 -27.554352 -27.209486 -17.882500 -7.642406 -2.296143 -621.773926 -622.279724 -624.853577 -625.963257 -624.393616 -622.989685 -623.088623,

Auto-correlations of the modulus of each oriented sub-band
 3.701873 4.974039 6.035088 6.384638 5.804131 4.554727 3.148505 4.150360 5.506395 6.622971 6.991367 6.401325 5.110167 3.616865 4.809156 6.539663 8.066071 8.731036 8.138865 6.544448 4.636239 5.266817 7.474686 9.477404 10.320534 9.477404 7.474686 5.266817 4.636239 6.544448 8.138865 8.731036 8.066071 6.539663 4.809156 3.616865 5.110167 6.401325 6.991367 6.622971 5.506395 4.150360 3.148505 4.554727 5.804131 6.384638 6.035088 4.974039 3.701873,
 8.707031 10.113331 12.431324 14.060491 14.272930 13.857418 13.508009 21.365471 26.111876 32.191914 35.210022 33.556286 30.139887 27.407463 36.561951 45.376354 56.524677 61.694927 56.560421 47.619442 40.889862 45.148415 54.988525 68.058174 75.043213 68.058174 54.988525 45.148415 40.889862 47.619442 56.560421 61.694927 56.524677 45.376354 36.561951 27.407463 30.139887 33.556286 35.210022 32.191914 26.111876 21.365471 13.508009 13.857418 14.272930 14.060491 12.431324 10.113331 8.707031,
 55.712482 60.391464 65.977730 69.164017 66.842415 60.011421 51.316425 155.446579 177.857422 199.124695 208.628616 198.998230 175.091217 147.041519 269.703369 318.189117 362.631042 381.841614 362.289856 315.570526 262.621033 320.148499 384.094360 442.198822 467.404877 442.198822 384.094360 320.148499 262.621033 315.570526 362.289856 381.841614 362.631042 318.189117 269.703369 147.041519 175.091217 198.998230 208.628616 199.124695 177.857422 155.446579 51.316425 60.011421 66.842415 69.164017 65.977730 60.391464 55.712482,
 29.747894 29.626612 28.745800 26.759598 23.697762 20.067705 16.523262 53.383312 56.642170 58.484722 57.474129 52.643528 44.894077 36.654041 75.859871 85.166916 92.932693 95.257736 89.163116 76.887100 63.615009 81.138763 95.299973 108.288757 113.975502 108.288757 95.299973 81.138763 63.615009 76.887100 89.163116 95.257736 92.932693 85.166916 75.859871 36.654041 44.894077 52.643528 57.474129 58.484722 56.642170 53.383312 16.523262 20.067705 23.697762 26.759598 28.745800 29.626612 29.747894,
 1.717880 2.461999 3.144870 3.459747 3.217792 2.541346 1.757145 2.026996 2.850051 3.595253 3.918881 3.616915 2.838019 1.966869 2.691962 3.912873 5.066084 5.574280 5.069643 3.845268 2.560301 3.069489 4.689020 6.305437 7.030958 6.305437 4.689020 3.069489 2.560301 3.845268 5.069643 5.574280 5.066084 3.912873 2.691962 1.966869 2.838019 3.616915 3.918881 3.595253 2.850051 2.026996 1.757145 2.541346 3.217792 3.459747 3.144870 2.461999 1.717880,
 9.515602 11.304750 12.692510 13.071972 12.515422 11.661108 11.143456 18.442266 22.534304 26.263668 27.131790 25.123928 22.619688 20.896444 28.697962 35.073177 42.265671 44.782066 40.587265 34.787655 30.727118 34.259388 40.605591 49.105003 53.776886 49.105003 40.605591 34.259388 30.727118 34.787655 40.587265 44.782066 42.265671 35.073177 28.697962 20.896444 22.619688 25.123928 27.131790 26.263668 22.534304 18.442266 11.143456 11.661108 12.515422 13.071972 12.692510 11.304750 9.515602,
 61.491737 66.494400 68.753479 66.684486 59.123447 50.003078 43.124527 121.125687 140.930511 153.961227 154.347107 140.155716 118.887703 98.663727 185.715195 226.716690 258.402679 266.681244 245.531250 207.238327 166.909195 207.583023 259.294739 304.560974 324.026733 304.560974 259.294739 207.583023 166.909195 207.238327 245.531250 266.681244 258.402679 226.716690 185.715195 98.663727 118.887703 140.155716 154.347107 153.961227 140.930511 121.125687 43.124527 50.003078 59.123447 66.684486 68.753479 66.494400 61.491737,
 19.659401 20.544838 20.776539 19.723267 17.167126 13.715905 10.390325 31.891861 35.377819 38.061192 38.407578 34.739483 28.015009 21.227486 43.138908 51.572926 59.590191 62.988541 57.599812 46.210873 34.933990 44.582924 57.012238 69.792549 75.849777 69.792549 57.012238 44.582924 34.933990 46.210873 57.599812 62.988541 59.590191 51.572926 43.138908 21.227486 28.015009 34.739483 38.407578 38.061192 35.377819 31.891861 10.390325 13.715905 17.167126 19.723267 20.776539 20.544838 19.659401,
 0.358191 0.855041 1.312011 1.517088 1.411171 1.109705 0.775441 1.004027 1.595107 2.160487 2.433682 2.271880 1.767147 1.165121 1.799172 2.799578 3.803124 4.309604 3.978037 3.010571 1.937096 2.368530 3.761892 5.148341 5.770653 5.148341 3.761892 2.368530 1.937096 3.010571 3.978037 4.309604 3.803124 2.799578 1.799172 1.165121 1.767147 2.271880 2.433682 2.160487 1.595107 1.004027 0.775441 1.109705 1.411171 1.517088 1.312011 0.855041 0.358191,
 3.049705 4.778523 5.848250 6.303476 6.695310 6.968169 6.445723 8.199968 11.928079 14.256458 13.787781 12.483746 11.974290 11.300390 13.084343 18.346346 23.836077 24.352571 20.271448 16.769068 14.781891 15.552170 19.823414 26.354609 30.256134 26.354609 19.823414 15.552170 14.781891 16.769068 20.271448 24.352571 23.836077 18.346346 13.084343 11.300390 11.974290 12.483746 13.787781 14.256458 11.928079 8.199968 6.445723 6.968169 6.695310 6.303476 5.848250 4.778523 3.049705,
 40.837734 49.960976 57.736431 61.983425 59.774914 52.834717 44.833271 63.916687 80.277649 96.205368 106.166756 103.048416 89.561417 73.252075 94.261284 121.172729 147.631180 162.467773 154.451889 129.894394 102.056496 111.921249 144.769958 176.060699 190.463669 176.060699 144.769958 111.921249 102.056496 129.894394 154.451889 162.467773 147.631180 121.172729 94.261284 73.252075 89.561417 103.048416 106.166756 96.205368 80.277649 63.916687 44.833271 52.834717 59.774914 61.983425 57.736431 49.960976 40.837734,
 15.327708 15.754518 15.668756 15.289737 13.913257 10.852756 7.062634 19.852879 22.118948 24.407736 26.049355 24.480402 19.130564 12.804138 23.625359 29.479872 36.158813 40.554031 37.796524 29.153452 20.094616 24.354969 33.469978 43.378731 48.293304 43.378731 33.469978 24.354969 20.094616 29.153452 37.796524 40.554031 36.158813 29.479872 23.625359 12.804138 19.130564 24.480402 26.049355 24.407736 22.118948 19.852879 7.062634 10.852756 13.913257 15.289737 15.668756 15.754518 15.327708,
 0.166676 0.607620 1.033779 1.236878 1.112512 0.742081 0.291798 -0.173884 0.328436 0.929356 1.306652 1.262016 0.827095 0.227739 0.045255 0.985438 2.063177 2.677531 2.432544 1.498099 0.418875 0.510946 1.900693 3.341328 3.982493 3.341328 1.900693 0.510946 0.418875 1.498099 2.432544 2.677531 2.063177 0.985438 0.045255 0.227739 0.827095 1.262016 1.306652 0.929356 0.328436 -0.173884 0.291798 0.742081 1.112512 1.236878 1.033779 0.607620 0.166676,
 -1.780034 -0.357683 1.416342 1.675736 -0.068695 -1.835078 -2.754967 -1.717287 0.565823 3.651572 4.780698 2.993328 0.930999 -0.027414 0.401047 3.739211 8.466331 10.716169 8.326180 4.866624 2.832356 2.899141 6.147906 11.158225 14.112746 11.158225 6.147906 2.899141 2.832356 4.866624 8.326180 10.716169 8.466331 3.739211 0.401047 -0.027414 0.930999 2.993328 4.780698 3.651572 0.565823 -1.717287 -2.754967 -1.835078 -0.068695 1.675736 1.416342 -0.357683 -1.780034,
 2.335327 7.802491 9.857644 8.351220 4.110737 -1.466297 -7.373320 8.636475 18.258440 24.018757 24.043478 19.180740 12.354448 5.923193 24.468117 41.199013 54.370628 58.134266 51.230797 38.343086 25.157734 34.361988 53.499554 70.691795 77.947037 70.691795 53.499554 34.361988 25.157734 38.343086 51.230797 58.134266 54.370628 41.199013 24.468117 5.923193 12.354448 19.180740 24.043478 24.018757 18.258440 8.636475 -7.373320 -1.466297 4.110737 8.351220 9.857644 7.802491 2.335327,
 -1.422667 -1.518198 -0.865979 -0.242442 -0.627782 -1.800206 -2.644292 -1.069933 -0.574701 0.734592 1.809758 1.230378 -0.435092 -1.469455 1.040515 3.260526 6.755655 9.154677 7.732476 4.086115 1.448911 2.728339 6.257452 11.381457 14.245262 11.381457 6.257452 2.728339 1.448911 4.086115 7.732476 9.154677 6.755655 3.260526 1.040515 -1.469455 -0.435092 1.230378 1.809758 0.734592 -0.574701 -1.069933 -2.644292 -1.800206 -0.627782 -0.242442 -0.865979 -1.518198 -1.422667,

Pairwise cross-correlations of the modulus of all oriented sub-bands at the same scale (size QxQ)
 10.320532 5.628654 2.955846 10.082288,
 5.628654 75.043221 144.424362 42.650196,
 2.955846 144.424362 467.404938 181.739532,
 10.082288 42.650196 181.739532 113.975517,
 7.030958 5.761343 3.514164 6.230023,
 5.761343 53.776894 99.735779 32.032112,
 3.514164 99.735779 324.026764 123.102600,
 6.230023 32.032112 123.102600 75.849777,
 5.770654 3.180133 3.015661 5.233669,
 3.180133 30.256136 56.205467 19.067825,
 3.015661 56.205467 190.463684 72.112900,
 5.233669 19.067825 72.112900 48.293312,
 3.982493 2.532459 -0.015907 1.165379,
 2.532459 14.112747 25.028824 7.127480,
 -0.015907 25.028824 77.947044 22.574528,
 1.165379 7.127480 22.574528 14.245263,

Cross-correlations of the modulus of all oriented sub-bands with all oriented sub-bands at the coarser scale (size QxQ)
 6.277884 5.396913 -1.119687 6.965773,
 4.648544 8.710685 -1.081875 -1.267518,
 6.053257 3.186193 -1.185843 -1.784840,
 6.957607 2.548321 0.150241 12.633041,
 3.944590 4.329075 2.717115 5.838902,
 3.657039 5.659274 -5.476365 0.661408,
 1.805101 -2.408217 -9.135556 -1.474966,
 2.490096 1.563978 6.236154 9.082860,
 3.408053 2.636517 -0.950101 1.639508,
 2.414022 5.866285 9.048203 1.193539,
 1.073730 13.527031 27.612717 4.487497,
 2.698099 7.441670 6.240231 2.465491,

Cross-correlations of the real part of each oriented sub-band with both the real and imaginary part of all phase-doubled oriented sub-bands at the next coarser scale (Q matrices of size 1x2Q, which are computed and stored in a matrix of size Qx2Q)
 -1.186600 -0.632585 -0.909448 -1.555019 1.081887 0.166697 -0.023466 0.148435,
 -0.587280 -21.633095 -32.546738 -8.308136 0.489535 1.354136 -0.568790 -1.449797,
 -0.702408 -43.810646 -86.428825 -40.571785 -0.216750 3.228483 -7.418786 -4.894619,
 -1.326292 -12.196401 -34.711830 -27.377028 0.195276 1.020225 -5.202316 -1.435185,
 -0.206936 -0.206876 -0.003262 -0.526270 -0.184464 0.133504 -0.197818 -0.583454,
 -0.086313 -3.697064 -1.707796 0.822302 0.025749 2.440139 -1.005964 -2.148173,
 -0.203365 -7.239516 -1.986411 2.563706 0.241209 4.334013 -8.371120 -12.458253,
 -0.512619 -1.968260 0.286818 0.433465 0.097970 1.152321 -6.146540 -8.928972,
 -0.857004 -1.042681 -0.334165 -1.310306 -1.096440 -0.118645 -0.311100 0.046104,
 -0.423317 -6.646315 -5.391631 -2.937660 -0.366646 -12.325036 -18.134357 -2.481850,
 -0.052716 -8.751053 -18.813114 -18.081436 -0.248608 -21.834599 -34.928394 -3.383072,
 -0.472596 -2.275750 -10.253586 -14.016237 -0.931154 -4.343697 -7.927982 0.014530,
