Low-band skewness and kurtosis
 -0.520565 2.171842,
 -0.422149 2.162621,
 -0.359349 2.073832,
 -0.310389 1.827848,
 -0.164325 1.636136,

High-band variance
 1017.339050,

Skewness, kurtosis, variance, mean, maximum and minimum of the reconstructed texture
 -0.650508 1.942073 5820.497070 187.833374 255.000000 2.000000,

Auto-correlations of the low-frequency bands at each scale
 1459.834473 1330.830078 1328.851929 1420.501953 1540.529663 1637.307617 1683.562500 2276.509766 1906.459717 1560.483887 1341.561646 1286.494873 1376.569336 1545.014404 3524.879639 3553.115234 3417.920898 3139.115234 2774.662598 2449.425781 2257.385010 3547.986328 4024.299561 4434.122559 4603.520508 4434.122559 4024.299561 3547.986328 2257.385010 2449.425781 2774.662598 3139.115234 3417.920898 3553.115234 3524.879639 1545.014404 1376.569336 1286.494873 1341.561646 1560.483887 1906.459717 2276.509766 1683.562500 1637.307617 1540.529663 1420.501953 1328.851929 1330.830078 1459.834473,
 1520.200317 1477.392212 1485.555786 1521.794922 1551.367065 1564.563354 1563.250610 1828.280640 1668.571777 1525.921021 1435.761597 1406.988647 1443.531006 1519.153198 2502.239746 2536.888672 2498.397949 2373.152100 2181.383789 2008.960938 1912.203003 2604.805176 2868.511963 3109.051758 3212.832764 3109.051758 2868.511963 2604.805176 1912.203003 2008.960938 2181.383789 2373.152100 2498.397949 2536.888672 2502.239746 1519.153198 1443.531006 1406.988647 1435.761597 1525.921021 1668.571777 1828.280640 1563.250610 1564.563354 1551.367065 1521.794922 1485.555786 1477.392212 1520.200317,
 1362.408081 1362.176636 1369.465332 1355.367676 1301.260986 1227.925415 1160.664673 1576.705688 1528.281738 1486.719482 1447.431152 1399.571045 1360.189941 1335.843384 1937.487793 1991.729614 2017.391724 1983.216675 1879.849243 1766.360229 1687.180908 2038.036133 2198.932861 2355.331299 2426.336426 2355.331299 2198.932861 2038.036133 1687.180908 1766.360229 1879.849243 1983.216675 2017.391724 1991.729614 1937.487793 1335.843384 1360.189941 1399.571045 1447.431152 1486.719482 1528.281738 1576.705688 1160.664673 1227.925415 1301.260986 1355.367676 1369.465332 1362.176636 1362.408081,
 654.266113 642.834778 626.410034 587.554810 515.438354 429.816956 356.704529 1148.176514 1143.269043 1129.853760 1086.996216 1000.538574 909.302979 842.158264 1580.947144 1663.681030 1719.523071 1694.652588 1563.588989 1405.431274 1288.924194 1634.592896 1795.657471 1962.339844 2041.518188 1962.339844 1795.657471 1634.592896 1288.924194 1405.431274 1563.588989 1694.652588 1719.523071 1663.681030 1580.947144 842.158264 909.302979 1000.538574 1086.996216 1129.853760 1143.269043 1148.176514 356.704529 429.816956 515.438354 587.554810 626.410034 642.834778 654.266113,
 -845.625000 -905.883423 -1070.363647 -1219.990112 -1218.423950 -1092.509521 -960.567505 117.927887 158.616623 92.499130 -56.966377 -185.913010 -201.584946 -111.756577 1008.095093 1160.894287 1268.021484 1221.526733 1021.426208 836.917175 797.437256 1283.241089 1446.959961 1681.823120 1802.413086 1681.823120 1446.959961 1283.241089 797.437256 836.917175 1021.426208 1221.526733 1268.021484 1160.894287 1008.095093 -111.756577 -201.584946 -185.913010 -56.966377 92.499130 158.616623 117.927887 -960.567505 -1092.509521 -1218.423950 -1219.990112 -1070.363647 -905.883423 -845.625000,

Auto-correlations of the modulus of each oriented sub-band
 7.815524 9.421576 10.736396 11.167011 10.442908 8.873198 7.072729 8.555029 10.409072 11.863129 12.242624 11.436535 9.786122 7.808908 9.329941 11.620239 13.714611 15.008572 14.585869 12.267803 9.186514 9.642404 13.135580 16.902618 18.684917 16.902618 13.135580 9.642404 9.186514 12.267803 14.585869 15.008572 13.714611 11.620239 9.329941 7.808908 9.786122 11.436535 12.242624 11.863129 10.409072 8.555029 7.072729 8.873198 10.442908 11.167011 10.736396 9.421576 7.815524,
 8.215055 11.343886 15.588743 19.004871 20.343424 20.818138 21.572815 22.246140 27.707878 36.190495 41.269432 39.163692 35.823193 34.867687 36.916733 44.847294 59.401672 67.632172 59.331894 48.852627 44.678574 45.762123 53.187462 69.469772 80.860992 69.469772 53.187462 45.762123 44.678574 48.852627 59.331894 67.632172 59.401672 44.847294 36.916733 34.867687 35.823193 39.163692 41.269432 36.190495 27.707878 22.246140 21.572815 20.818138 20.343424 19.004871 15.588743 11.343886 8.215055,
 114.349922 128.018448 139.219833 144.216629 138.661301 124.867020 109.132240 177.288681 211.776077 245.812408 261.887024 245.419800 207.981613 170.815262 240.827301 303.092194 369.052429 400.737976 368.801575 300.313446 236.133514 266.933044 343.591614 427.073242 467.734100 427.073242 343.591614 266.933044 236.133514 300.313446 368.801575 400.737976 369.052429 303.092194 240.827301 170.815262 207.981613 245.419800 261.887024 245.812408 211.776077 177.288681 109.132240 124.867020 138.661301 144.216629 139.219833 128.018448 114.349922,
 133.796417 133.211594 129.772369 123.347839 114.780441 105.709373 97.619003 162.267120 169.900986 172.998795 168.898651 156.546768 139.201126 122.184517 180.483047 200.936203 217.377670 221.214432 206.646683 180.116013 153.194931 177.066086 206.393036 234.138367 246.564453 234.138367 206.393036 177.066086 153.194931 180.116013 206.646683 221.214432 217.377670 200.936203 180.483047 122.184517 139.201126 156.546768 168.898651 172.998795 169.900986 162.267120 97.619003 105.709373 114.780441 123.347839 129.772369 133.211594 133.796417,
 5.771279 7.213175 8.436779 8.922871 8.411173 7.101295 5.454295 6.541251 8.309622 9.859757 10.588302 10.105493 8.558235 6.566136 7.872931 10.493252 13.042812 14.396540 13.649534 11.156530 8.236132 8.885130 12.306316 15.662250 17.162603 15.662250 12.306316 8.885130 8.236132 11.156530 13.649534 14.396540 13.042812 10.493252 7.872931 6.566136 8.558235 10.105493 10.588302 9.859757 8.309622 6.541251 5.454295 7.101295 8.411173 8.922871 8.436779 7.213175 5.771279,
 -0.004480 1.569219 3.393121 4.875754 5.634242 5.582886 5.189895 6.430128 10.783744 14.851493 16.051954 14.807950 13.151052 11.769672 13.645780 20.937132 29.018909 31.518507 26.789951 20.857347 16.874456 17.764111 24.793081 34.364304 39.724442 34.364304 24.793081 17.764111 16.874456 20.857347 26.789951 31.518507 29.018909 20.937132 13.645780 11.769672 13.151052 14.807950 16.051954 14.851493 10.783744 6.430128 5.189895 5.582886 5.634242 4.875754 3.393121 1.569219 -0.004480,
 38.464577 45.881790 51.522083 53.214622 50.135853 45.701843 43.246918 67.029732 92.817383 116.292671 125.022049 113.832970 93.309067 76.587090 104.599541 150.352142 196.864426 216.569611 194.478714 150.502167 111.971291 125.177696 177.277771 234.529572 261.898743 234.529572 177.277771 125.177696 111.971291 150.502167 194.478714 216.569611 196.864426 150.352142 104.599541 76.587090 93.309067 113.832970 125.022049 116.292671 92.817383 67.029732 43.246918 45.701843 50.135853 53.214622 51.522083 45.881790 38.464577,
 55.587181 54.862366 52.452652 49.084320 45.770935 43.182068 41.124397 70.132843 75.194977 77.337578 75.432838 69.439110 61.129490 53.561977 81.367020 94.894760 106.786980 110.640793 101.695351 84.807846 69.005722 80.732468 99.675392 119.509201 128.973328 119.509201 99.675392 80.732468 69.005722 84.807846 101.695351 110.640793 106.786980 94.894760 81.367020 53.561977 61.129490 69.439110 75.432838 77.337578 75.194977 70.132843 41.124397 43.182068 45.770935 49.084320 52.452652 54.862366 55.587181,
 3.351151 4.950894 6.543523 7.348174 6.850138 5.296587 3.440683 4.857309 7.213595 9.476008 10.590860 9.865422 7.677514 5.140077 6.406389 9.737693 12.977087 14.569786 13.475807 10.380570 6.953728 7.495050 11.459991 15.291801 16.970245 15.291801 11.459991 7.495050 6.953728 10.380570 13.475807 14.569786 12.977087 9.737693 6.406389 5.140077 7.677514 9.865422 10.590860 9.476008 7.213595 4.857309 3.440683 5.296587 6.850138 7.348174 6.543523 4.950894 3.351151,
 -0.114005 1.186920 1.828160 1.550483 1.324464 1.834346 2.597158 1.774495 4.254778 6.544258 6.310648 4.728731 4.054584 4.215040 4.275108 8.002663 12.844746 13.871013 10.230534 6.891753 5.393250 5.542149 8.957687 14.678864 18.304283 14.678864 8.957687 5.542149 5.393250 6.891753 10.230534 13.871013 12.844746 8.002663 4.275108 4.215040 4.054584 4.728731 6.310648 6.544258 4.254778 1.774495 2.597158 1.834346 1.324464 1.550483 1.828160 1.186920 -0.114005,
 10.221471 19.145420 27.956860 30.049652 24.031902 16.077221 11.010139 20.950296 36.427273 52.078918 55.966480 44.336884 28.310062 17.697317 30.618034 54.240974 80.600906 90.191864 73.380661 46.347260 26.393242 32.632877 58.859558 91.290680 107.681404 91.290680 58.859558 32.632877 26.393242 46.347260 73.380661 90.191864 80.600906 54.240974 30.618034 17.697317 28.310062 44.336884 55.966480 52.078918 36.427273 20.950296 11.010139 16.077221 24.031902 30.049652 27.956860 19.145420 10.221471,
 11.705285 14.365867 16.333036 15.753016 12.809778 9.630616 7.841784 16.112003 20.049561 23.282560 23.862038 20.282125 14.405971 9.677949 18.427193 25.085037 33.283165 38.044998 33.397156 22.833374 13.949109 17.718311 27.421480 40.064396 46.795540 40.064396 27.421480 17.718311 13.949109 22.833374 33.397156 38.044998 33.283165 25.085037 18.427193 9.677949 14.405971 20.282125 23.862038 23.282560 20.049561 16.112003 7.841784 9.630616 12.809778 15.753016 16.333036 14.365867 11.705285,
 0.268538 4.344291 7.885481 9.305843 7.758869 4.041238 -0.090757 1.496198 6.049900 9.957848 11.347038 9.309357 4.948206 0.424958 3.171704 9.071951 14.337196 16.379297 13.853146 8.290216 2.535666 3.972415 10.630499 16.880400 19.568167 16.880400 10.630499 3.972415 2.535666 8.290216 13.853146 16.379297 14.337196 9.071951 3.171704 0.424958 4.948206 9.309357 11.347038 9.957848 6.049900 1.496198 -0.090757 4.041238 7.758869 9.305843 7.885481 4.344291 0.268538,
 2.009818 3.878196 4.314939 3.146855 1.722334 0.888582 -0.063069 2.395639 5.418696 6.981205 5.537409 3.165510 2.020074 1.495617 3.374868 7.515245 11.913643 11.661827 7.206124 3.697808 2.440535 3.142687 6.550452 12.349554 15.921360 12.349554 6.550452 3.142687 2.440535 3.697808 7.206124 11.661827 11.913643 7.515245 3.374868 1.495617 2.020074 3.165510 5.537409 6.981205 5.418696 2.395639 -0.063069 0.888582 1.722334 3.146855 4.314939 3.878196 2.009818,
 5.775140 9.663066 12.305095 12.505270 10.398665 8.449819 8.450547 19.634834 28.747322 35.406723 36.244053 30.650612 23.176239 18.078331 31.622442 46.458645 60.116066 64.592712 56.069878 41.502087 29.084311 35.335106 52.200813 70.293098 78.938644 70.293098 52.200813 35.335106 29.084311 41.502087 56.069878 64.592712 60.116066 46.458645 31.622442 18.078331 23.176239 30.650612 36.244053 35.406723 28.747322 19.634834 8.450547 8.449819 10.398665 12.505270 12.305095 9.663066 5.775140,
 8.454487 9.267527 8.113708 5.493731 2.648495 0.466129 -0.805814 13.666409 14.669492 14.414848 13.680079 12.100388 8.920634 5.301282 14.713120 18.582397 23.279261 26.926502 25.217440 18.319290 10.906139 13.648118 21.256229 30.108227 34.666031 30.108227 21.256229 13.648118 10.906139 18.319290 25.217440 26.926502 23.279261 18.582397 14.713120 5.301282 8.920634 12.100388 13.680079 14.414848 14.669492 13.666409 -0.805814 0.466129 2.648495 5.493731 8.113708 9.267527 8.454487,

Pairwise cross-correlations of the modulus of all oriented sub-bands at the same scale (size QxQ)
 18.684923 9.737539 14.805120 24.066044,
 9.737539 80.861000 113.890251 28.797264,
 14.805120 113.890251 467.734161 255.007004,
 24.066044 28.797264 255.007004 246.564484,
 17.162603 8.809327 3.716403 11.932532,
 8.809327 39.724445 54.016048 14.558689,
 3.716403 54.016048 261.898773 136.375610,
 11.932532 14.558689 136.375610 128.973343,
 16.970245 4.275868 2.991899 7.804002,
 4.275868 18.304283 25.804506 5.315274,
 2.991899 25.804506 107.681412 46.089798,
 7.804002 5.315274 46.089798 46.795544,
 19.568169 10.988520 5.804872 9.028285,
 10.988520 15.921362 16.989746 7.874408,
 5.804872 16.989746 78.938660 34.788063,
 9.028285 7.874408 34.788063 34.666031,

Cross-correlations of the modulus of all oriented sub-bands with all oriented sub-bands at the coarser scale (size QxQ)
 12.489878 6.607979 0.982708 10.642825,
 7.230374 22.202511 23.376354 9.578124,
 12.135819 18.451006 86.135925 64.072594,
 15.600004 1.945180 55.427402 67.616402,
 12.533535 4.327749 5.465935 8.357585,
 5.603735 6.894925 3.679478 0.928678,
 2.917700 0.918755 18.607008 19.817791,
 8.461418 -1.783522 17.221573 28.965820,
 14.073368 8.416969 1.991965 8.865948,
 4.778647 3.011295 3.000065 2.370771,
 3.240400 1.775244 9.071111 7.575807,
 5.549538 2.004006 6.118710 9.472237,

Cross-correlations of the real part of each oriented sub-band with both the real and imaginary part of all phase-doubled oriented sub-bands at the next coarser scale (Q matrices of size 1x2Q, which are computed and stored in a matrix of size Qx2Q)
 -0.787685 -1.410323 -1.795970 -3.168387 1.282707 0.364674 -0.315647 -0.746962,
 -0.477739 -32.355640 -42.462006 -9.446685 0.305308 0.888301 -2.013556 -1.201514,
 -2.238700 -54.997475 -107.384727 -44.627571 0.230448 -0.238424 -12.643513 -10.670726,
 -2.983740 -13.499613 -43.580212 -33.587654 0.835294 -0.361794 -9.537850 -9.540215,
 -0.929483 -0.751256 -0.376018 -1.210420 -1.203415 -0.636001 -0.370708 0.090734,
 -0.386996 -12.592659 -9.990244 -2.191441 -0.311689 -3.659383 -7.679656 -2.770947,
 -0.409168 -18.125912 -23.141117 -14.335798 -0.181201 -5.058414 -24.972416 -12.154767,
 -0.795864 -2.993213 -9.789055 -11.408916 -0.677677 -1.545490 -12.867564 -7.085917,
 0.290723 -0.183589 -0.167479 -0.963687 -1.606409 0.544092 0.262583 0.818294,
 0.152845 7.312758 13.508268 1.499860 -0.223601 -0.828494 -5.193174 2.144940,
 -0.113038 14.787998 25.789083 1.272687 -0.068658 -5.006123 -2.399076 15.919985,
 -0.072928 3.965869 4.203953 -2.159739 -1.189541 -1.146976 5.884686 12.701608,
