Low-band skewness and kurtosis
 -0.528780 2.114436,
 -0.425685 2.198314,
 -0.318379 2.037199,
 -0.248087 1.806779,
 -0.177824 1.489602,

High-band variance
 976.111328,

Skewness, kurtosis, variance, mean, maximum and minimum of the reconstructed texture
 -0.676950 1.983911 5790.410156 188.936401 255.000000 3.000000,

Auto-correlations of the low-frequency bands at each scale
 1368.767456 1324.259521 1296.042114 1281.212402 1280.923218 1302.436523 1345.862183 1606.902710 1428.728638 1302.473267 1266.245483 1327.247925 1465.577515 1636.709839 2985.322021 3031.009521 3074.315674 3093.325684 3058.968506 2981.169189 2884.593506 3885.906250 4221.850098 4494.010742 4603.242188 4494.010742 4221.850098 3885.906250 2884.593506 2981.169189 3058.968506 3093.325684 3074.315674 3031.009521 2985.322021 1636.709839 1465.577515 1327.247925 1266.245483 1302.473267 1428.728638 1606.902710 1345.862183 1302.436523 1280.923218 1281.212402 1296.042114 1324.259521 1368.767456,
 1358.936890 1353.950439 1359.753052 1374.869507 1399.445190 1433.329102 1470.535767 1451.096558 1306.432739 1193.691162 1143.149902 1164.800537 1250.700806 1370.071655 2237.461670 2247.098389 2260.047363 2256.718018 2214.012207 2150.203857 2091.343994 2775.255615 2997.750488 3189.112549 3269.241211 3189.112549 2997.750488 2775.255615 2091.343994 2150.203857 2214.012207 2256.718018 2260.047363 2247.098389 2237.461670 1370.071655 1250.700806 1164.800537 1143.149902 1193.691162 1306.432739 1451.096558 1470.535767 1433.329102 1399.445190 1374.869507 1359.753052 1353.950439 1358.936890,
 1292.093506 1296.415771 1293.111450 1290.087402 1294.010376 1299.503174 1296.473145 1378.240723 1321.821533 1281.690796 1276.484497 1306.803101 1360.089111 1418.843262 1813.002563 1819.240234 1833.817017 1844.104614 1831.365356 1806.833984 1791.518677 2105.599121 2205.994629 2303.620117 2347.293213 2303.620117 2205.994629 2105.599121 1791.518677 1806.833984 1831.365356 1844.104614 1833.817017 1819.240234 1813.002563 1418.843262 1360.089111 1306.803101 1276.484497 1281.690796 1321.821533 1378.240723 1296.473145 1299.503174 1294.010376 1290.087402 1293.111450 1296.415771 1292.093506,
 683.007874 660.314575 640.236267 629.578979 627.603699 630.455444 636.885193 1130.145508 1093.216431 1060.849976 1041.783447 1038.666626 1051.523315 1076.594971 1545.009888 1558.447144 1575.814331 1586.642944 1582.059204 1572.604858 1568.870728 1818.912109 1862.848267 1907.188477 1927.928223 1907.188477 1862.848267 1818.912109 1568.870728 1572.604858 1582.059204 1586.642944 1575.814331 1558.447144 1545.009888 1076.594971 1051.523315 1038.666626 1041.783447 1060.849976 1093.216431 1130.145508 636.885193 630.455444 627.603699 629.578979 640.236267 660.314575 683.007874,
 -1187.973389 -1192.980225 -1194.474243 -1192.008789 -1187.533081 -1182.875000 -1180.726318 -15.412680 -21.165314 -23.323296 -20.582664 -15.383491 -10.329113 -8.171352 1186.163086 1189.632202 1192.938354 1193.790771 1189.823364 1184.402710 1181.782227 1686.488770 1699.461060 1714.529785 1721.628418 1714.529785 1699.461060 1686.488770 1181.782227 1184.402710 1189.823364 1193.790771 1192.938354 1189.632202 1186.163086 -8.171352 -10.329113 -15.383491 -20.582664 -23.323296 -21.165314 -15.412680 -1180.726318 -1182.875000 -1187.533081 -1192.008789 -1194.474243 -1192.980225 -1187.973389,

Auto-correlations of the modulus of each oriented sub-band
 3.598422 4.621362 5.534577 5.974165 5.724792 4.915832 3.933088 4.219499 5.454463 6.529445 7.001837 6.677700 5.750432 4.611880 5.354552 7.126982 8.554900 9.068810 8.487721 7.128011 5.485975 5.855698 8.084808 10.255604 11.218658 10.255604 8.084808 5.855698 5.485975 7.128011 8.487721 9.068810 8.554900 7.126982 5.354552 4.611880 5.750432 6.677700 7.001837 6.529445 5.454463 4.219499 3.933088 4.915832 5.724792 5.974165 5.534577 4.621362 3.598422,
 52.111290 56.612282 61.425854 65.249626 67.197716 67.826637 68.048035 66.353409 76.554947 87.316566 93.689331 93.275230 89.164795 84.741913 84.659447 101.100975 118.946480 127.982422 122.350960 109.582680 97.768349 97.980049 115.550858 135.269135 145.084076 135.269135 115.550858 97.980049 97.768349 109.582680 122.350960 127.982422 118.946480 101.100975 84.659447 84.741913 89.164795 93.275230 93.689331 87.316566 76.554947 66.353409 68.048035 67.826637 67.197716 65.249626 61.425854 56.612282 52.111290,
 192.355240 202.070389 208.465775 207.367096 197.679306 185.046188 175.660507 259.597260 294.616943 326.053650 335.884766 315.392761 278.956177 245.929520 328.382904 395.477264 461.335693 488.387695 454.470276 386.144623 321.347198 356.857605 438.732788 523.248169 562.673584 523.248169 438.732788 356.857605 321.347198 386.144623 454.470276 488.387695 461.335693 395.477264 328.382904 245.929520 278.956177 315.392761 335.884766 326.053650 294.616943 259.597260 175.660507 185.046188 197.679306 207.367096 208.465775 202.070389 192.355240,
 53.277279 51.320919 48.646011 45.188335 41.151283 37.351864 34.588711 74.791153 76.694534 77.542252 75.616623 69.260178 60.041946 51.540913 90.297035 99.324913 108.305237 111.482025 103.395966 88.176353 73.862892 90.102448 105.030121 121.145752 128.989517 121.145752 105.030121 90.102448 73.862892 88.176353 103.395966 111.482025 108.305237 99.324913 90.297035 51.540913 60.041946 69.260178 75.616623 77.542252 76.694534 74.791153 34.588711 37.351864 41.151283 45.188335 48.646011 51.320919 53.277279,
 2.341390 3.135778 3.883885 4.302882 4.270219 3.873918 3.309530 2.720212 3.604889 4.386371 4.792744 4.727456 4.292519 3.688232 3.506651 4.972439 6.333115 6.925296 6.454843 5.302560 4.092032 4.248084 6.174790 8.168898 9.086638 8.168898 6.174790 4.248084 4.092032 5.302560 6.454843 6.925296 6.333115 4.972439 3.506651 3.688232 4.292519 4.727456 4.792744 4.386371 3.604889 2.720212 3.309530 3.873918 4.270219 4.302882 3.883885 3.135778 2.341390,
 27.776930 31.454647 34.476143 35.816093 35.551064 34.330212 32.941811 35.838943 43.169346 50.243732 52.541626 49.703297 45.086117 40.901993 44.392056 55.383217 67.980652 72.864418 66.203461 55.899597 47.655590 49.235714 60.635120 75.152435 82.994507 75.152435 60.635120 49.235714 47.655590 55.899597 66.203461 72.864418 67.980652 55.383217 44.392056 40.901993 45.086117 49.703297 52.541626 50.243732 43.169346 35.838943 32.941811 34.330212 35.551064 35.816093 34.476143 31.454647 27.776930,
 60.452717 73.268509 85.682281 91.736420 86.859100 73.561462 58.554134 103.317223 133.151886 161.612366 174.512756 162.732697 134.001007 103.270760 150.528290 200.833969 249.854355 271.612915 250.182755 201.237808 150.868774 172.012222 232.099731 291.584442 318.511780 291.584442 232.099731 172.012222 150.868774 201.237808 250.182755 271.612915 249.854355 200.833969 150.528290 103.270760 134.001007 162.732697 174.512756 161.612366 133.151886 103.317223 58.554134 73.561462 86.859100 91.736420 85.682281 73.268509 60.452717,
 31.305662 31.540081 32.145824 32.219879 30.588238 26.817364 21.811224 45.231148 47.875801 50.820465 52.646488 50.031532 42.228668 32.960152 55.501675 63.216454 72.105286 77.675293 72.823883 59.535316 46.236576 55.790173 68.535660 83.021866 90.343071 83.021866 68.535660 55.790173 46.236576 59.535316 72.823883 77.675293 72.105286 63.216454 55.501675 32.960152 42.228668 50.031532 52.646488 50.820465 47.875801 45.231148 21.811224 26.817364 30.588238 32.219879 32.145824 31.540081 31.305662,
 0.949325 1.455578 1.965276 2.245609 2.184503 1.863613 1.442760 1.185979 1.655064 2.052659 2.224576 2.082574 1.685379 1.198252 1.895299 2.845869 3.681530 3.961704 3.518321 2.673491 1.835739 2.540390 3.902417 5.313633 5.966413 5.313633 3.902417 2.540390 1.835739 2.673491 3.518321 3.961704 3.681530 2.845869 1.895299 1.198252 1.685379 2.082574 2.224576 2.052659 1.655064 1.185979 1.442760 1.863613 2.184503 2.245609 1.965276 1.455578 0.949325,
 7.562195 10.001280 11.992346 12.330443 11.082029 9.192301 7.376741 10.974764 15.612633 19.697023 20.200241 16.978476 12.653355 9.050840 13.420646 21.009642 29.010443 31.410702 25.915575 17.836073 11.534036 13.473244 21.836905 32.105022 37.473988 32.105022 21.836905 13.473244 11.534036 17.836073 25.915575 31.410702 29.010443 21.009642 13.420646 9.050840 12.653355 16.978476 20.200241 19.697023 15.612633 10.974764 7.376741 9.192301 11.082029 12.330443 11.992346 10.001280 7.562195,
 26.872261 32.019497 37.079796 41.058231 42.520164 40.726307 35.487030 43.104153 57.896358 70.902847 76.345856 71.098373 58.370388 43.441021 58.273933 85.017525 109.997253 120.051590 107.759750 81.523949 54.600861 62.600914 95.253593 127.410507 141.813873 127.410507 95.253593 62.600914 54.600861 81.523949 107.759750 120.051590 109.997253 85.017525 58.273933 43.441021 58.370388 71.098373 76.345856 70.902847 57.896358 43.104153 35.487030 40.726307 42.520164 41.058231 37.079796 32.019497 26.872261,
 13.722482 12.668723 11.785054 11.339088 10.730836 9.543176 7.470637 18.089235 19.038805 20.190376 21.055794 19.941902 16.351259 11.960293 20.418459 24.506838 29.687420 33.111988 30.560028 23.297247 16.597853 19.863182 26.523907 34.889168 39.325317 34.889168 26.523907 19.863182 16.597853 23.297247 30.560028 33.111988 29.687420 24.506838 20.418459 11.960293 16.351259 19.941902 21.055794 20.190376 19.038805 18.089235 7.470637 9.543176 10.730836 11.339088 11.785054 12.668723 13.722482,
 0.031169 0.154101 0.261797 0.337018 0.341156 0.271868 0.185804 0.263092 0.549357 0.801109 0.954715 0.954186 0.813441 0.631753 0.635271 1.194374 1.716126 1.971150 1.842898 1.436705 0.980487 1.188836 1.942160 2.670349 2.989155 2.670349 1.942160 1.188836 0.980487 1.436705 1.842898 1.971150 1.716126 1.194374 0.635271 0.631753 0.813441 0.954186 0.954715 0.801109 0.549357 0.263092 0.185804 0.271868 0.341156 0.337018 0.261797 0.154101 0.031169,
 4.610433 4.287459 3.536006 2.488201 0.869479 -1.339976 -3.321896 6.230828 7.913602 8.714323 7.731756 5.190094 1.821200 -1.567617 6.116225 9.778149 13.106088 13.450840 10.227115 5.699179 1.356450 4.307165 8.878910 13.749053 16.194431 13.749053 8.878910 4.307165 1.356450 5.699179 10.227115 13.450840 13.106088 9.778149 6.116225 -1.567617 1.821200 5.190094 7.731756 8.714323 7.913602 6.230828 -3.321896 -1.339976 0.869479 2.488201 3.536006 4.287459 4.610433,
 3.009154 4.750813 6.309194 6.466352 3.527368 0.087915 -2.318923 6.397075 15.562126 23.824291 28.206268 25.560772 19.162617 11.798284 14.259559 29.772968 43.533394 50.753052 46.569832 35.197926 21.304665 21.566242 39.192490 54.284851 61.128532 54.284851 39.192490 21.566242 21.304665 35.197926 46.569832 50.753052 43.533394 29.772968 14.259559 11.798284 19.162617 25.560772 28.206268 23.824291 15.562126 6.397075 -2.318923 0.087915 3.527368 6.466352 6.309194 4.750813 3.009154,
 -2.835767 -2.748076 -2.776688 -2.392808 -1.387335 -0.142537 1.262628 -3.146688 -1.969522 -0.134657 2.043954 3.258745 3.281488 3.354611 -1.246601 1.075097 4.727230 8.037535 7.925694 5.543775 3.776285 1.824229 4.554920 8.709410 11.185106 8.709410 4.554920 1.824229 3.776285 5.543775 7.925694 8.037535 4.727230 1.075097 -1.246601 3.354611 3.281488 3.258745 2.043954 -0.134657 -1.969522 -3.146688 1.262628 -0.142537 -1.387335 -2.392808 -2.776688 -2.748076 -2.835767,

Pairwise cross-correlations of the modulus of all oriented sub-bands at the same scale (size QxQ)
 11.218658 13.426266 11.556484 10.247291,
 13.426266 145.084061 210.654938 49.564056,
 11.556484 210.654938 562.673645 201.423355,
 10.247291 49.564056 201.423355 128.989502,
 9.086639 9.501867 12.003803 7.922872,
 9.501867 82.994507 110.002373 20.697001,
 12.003803 110.002373 318.511780 119.157677,
 7.922872 20.697001 119.157677 90.343071,
 5.966413 5.001618 1.972473 3.510587,
 5.001618 37.473991 46.826218 9.441927,
 1.972473 46.826218 141.813873 51.299980,
 3.510587 9.441927 51.299980 39.325321,
 2.989155 1.090312 -0.519551 1.299077,
 1.090312 16.194431 23.660542 3.729985,
 -0.519551 23.660542 61.128532 13.387077,
 1.299077 3.729985 13.387077 11.185106,

Cross-correlations of the modulus of all oriented sub-bands with all oriented sub-bands at the coarser scale (size QxQ)
 6.710762 8.220191 8.787203 8.443233,
 12.352437 48.822678 53.868725 8.773191,
 16.736731 62.778728 125.928726 44.720020,
 8.851955 14.943833 51.562073 38.618771,
 4.555017 5.734108 3.670283 3.862286,
 8.154775 20.505623 14.433479 7.172642,
 12.620813 17.108864 33.950062 28.674757,
 5.136212 1.911581 15.769682 20.074224,
 2.364630 2.110122 0.130482 2.343412,
 3.298144 4.418696 6.607835 1.635754,
 3.734168 2.520042 5.794980 -4.213805,
 2.732497 -2.429761 -5.662889 0.001094,

Cross-correlations of the real part of each oriented sub-band with both the real and imaginary part of all phase-doubled oriented sub-bands at the next coarser scale (Q matrices of size 1x2Q, which are computed and stored in a matrix of size Qx2Q)
 -0.495360 -2.563241 -2.161992 -2.297962 1.274604 0.392434 0.206724 -0.206059,
 -2.249751 -33.544048 -38.468189 -8.328092 0.725625 0.434511 1.415422 2.578803,
 -2.676002 -46.303787 -96.351692 -49.817245 0.128811 0.700199 11.472863 11.167609,
 -1.248263 -9.154569 -42.795197 -38.366528 0.375693 0.809575 7.645916 5.108669,
 -0.391179 -1.326313 -0.396354 -0.004770 1.388143 0.222402 -0.135812 -0.361735,
 -0.853101 3.486846 14.047034 0.433558 0.811414 -8.855699 -10.746178 -2.110726,
 -0.596437 10.676518 16.450220 -5.505920 0.295959 -16.319817 -29.667130 -13.895024,
 -0.268768 1.750881 -4.392478 -4.878647 0.661729 -3.757709 -13.220644 -9.747343,
 -0.427577 0.240991 -0.018344 -0.287096 0.840810 0.559092 -0.309873 -0.139430,
 -0.655948 1.680585 -5.385149 -0.195483 0.457712 -14.322762 -30.419865 -6.484286,
 -0.271014 0.931574 -8.737908 -2.921699 0.192771 -28.875271 -65.286827 -18.043798,
 -0.218496 0.167413 -0.712081 -2.815879 0.528287 -6.574235 -18.319832 -6.966151,
