Low-band skewness and kurtosis
 -0.442686 1.965086,
 -0.226246 1.961182,
 -0.031239 1.993430,
 0.135176 1.721516,
 0.227257 1.675481,

High-band variance
 934.267944,

Skewness, kurtosis, variance, mean, maximum and minimum of the reconstructed texture
 -0.625882 1.906325 5551.946289 189.049927 255.000000 7.000000,

Auto-correlations of the low-frequency bands at each scale
 881.493774 894.754822 917.340698 944.050476 969.509033 995.780701 1022.024658 1129.035400 965.580933 835.554077 745.731934 694.131836 681.882935 702.349915 3086.803955 2972.571045 2848.195068 2705.379883 2534.519775 2351.567627 2176.720947 4040.742676 4218.383789 4351.433594 4403.492188 4351.433594 4218.383789 4040.742676 2176.720947 2351.567627 2534.519775 2705.379883 2848.195068 2972.571045 3086.803955 702.349915 681.882935 694.131836 745.731934 835.554077 965.580933 1129.035400 1022.024658 995.780701 969.509033 944.050476 917.340698 894.754822 881.493774,
 816.541016 870.907776 936.713989 1005.837708 1071.425537 1129.892700 1176.077148 886.835571 798.283875 737.396667 706.906982 703.350769 727.557922 776.215576 2169.855713 2087.971680 1992.131104 1875.949951 1734.031494 1590.213379 1470.899658 2678.026855 2803.891602 2905.247070 2947.265137 2905.247070 2803.891602 2678.026855 1470.899658 1590.213379 1734.031494 1875.949951 1992.131104 2087.971680 2169.855713 776.215576 727.557922 703.350769 706.906982 737.396667 798.283875 886.835571 1176.077148 1129.892700 1071.425537 1005.837708 936.713989 870.907776 816.541016,
 1045.807983 1057.554321 1071.323364 1088.038086 1106.533569 1124.615112 1137.987427 1063.088257 1030.708130 1008.155151 995.434692 990.157959 995.810181 1011.616333 1533.062378 1514.186157 1498.319580 1468.708008 1413.244141 1350.924438 1302.222778 1806.340576 1869.558105 1931.820190 1960.544434 1931.820190 1869.558105 1806.340576 1302.222778 1350.924438 1413.244141 1468.708008 1498.319580 1514.186157 1533.062378 1011.616333 995.810181 990.157959 995.434692 1008.155151 1030.708130 1063.088257 1137.987427 1124.615112 1106.533569 1088.038086 1071.323364 1057.554321 1045.807983,
 487.515198 487.960999 486.707550 488.553162 492.595612 497.448669 502.515259 911.538513 902.310181 894.724915 892.935120 892.538513 895.949707 904.732239 1297.843750 1298.933472 1303.783691 1301.259399 1276.992432 1247.891968 1232.649902 1443.215942 1471.866821 1510.331421 1531.137085 1510.331421 1471.866821 1443.215942 1232.649902 1247.891968 1276.992432 1301.259399 1303.783691 1298.933472 1297.843750 904.732239 895.949707 892.538513 892.935120 894.724915 902.310181 911.538513 502.515259 497.448669 492.595612 488.553162 486.707550 487.960999 487.515198,
 -939.900269 -945.574402 -953.469238 -959.782654 -956.545898 -945.712952 -936.951660 -26.422367 -32.192795 -43.081200 -53.456173 -53.727875 -42.984344 -30.974293 942.259216 953.338745 962.890198 962.329285 949.873962 936.755005 931.843689 1356.735229 1377.591797 1405.450928 1419.437866 1405.450928 1377.591797 1356.735229 931.843689 936.755005 949.873962 962.329285 962.890198 953.338745 942.259216 -30.974293 -42.984344 -53.727875 -53.456173 -43.081200 -32.192795 -26.422367 -936.951660 -945.712952 -956.545898 -959.782654 -953.469238 -945.574402 -939.900269,

Auto-correlations of the modulus of each oriented sub-band
 3.020157 4.160337 5.103441 5.451196 5.027285 4.027718 2.851857 3.484181 4.683826 5.661755 6.003500 5.518565 4.416988 3.131012 3.981397 5.458595 6.704179 7.168885 6.587204 5.236753 3.682537 4.154997 5.899662 7.428610 8.055117 7.428610 5.899662 4.154997 3.682537 5.236753 6.587204 7.168885 6.704179 5.458595 3.981397 3.131012 4.416988 5.518565 6.003500 5.661755 4.683826 3.484181 2.851857 4.027718 5.027285 5.451196 5.103441 4.160337 3.020157,
 31.580610 33.329628 34.901115 35.279427 34.348343 32.860275 31.579729 41.307026 46.338852 51.188618 52.515068 49.840549 45.398621 41.505619 51.642700 60.687584 70.348923 73.822800 68.699570 59.658669 51.882004 56.352959 66.757607 78.760437 84.573235 78.760437 66.757607 56.352959 51.882004 59.658669 68.699570 73.822800 70.348923 60.687584 51.642700 41.505619 45.398621 49.840549 52.515068 51.188618 46.338852 41.307026 31.579729 32.860275 34.348343 35.279427 34.901115 33.329628 31.580610,
 287.646484 291.324982 294.332153 293.627869 287.092651 276.613922 265.397461 401.273865 418.866028 433.195129 436.554108 424.155823 399.717712 370.861938 515.982178 556.962402 590.804077 602.829285 584.412231 542.965210 493.072540 558.415344 615.505432 663.310425 682.964478 663.310425 615.505432 558.415344 493.072540 542.965210 584.412231 602.829285 590.804077 556.962402 515.982178 370.861938 399.717712 424.155823 436.554108 433.195129 418.866028 401.273865 265.397461 276.613922 287.092651 293.627869 294.332153 291.324982 287.646484,
 64.705948 64.819252 64.721146 64.207497 63.068024 61.274479 59.130283 89.861259 91.494286 92.403114 92.122894 89.834419 85.340431 79.709480 114.119324 119.655190 123.971191 125.464851 122.215988 114.694283 105.506134 121.220131 130.639923 138.559296 141.902649 138.559296 130.639923 121.220131 105.506134 114.694283 122.215988 125.464851 123.971191 119.655190 114.119324 79.709480 85.340431 89.834419 92.122894 92.403114 91.494286 89.861259 59.130283 61.274479 63.068024 64.207497 64.721146 64.819252 64.705948,
 2.070032 2.956521 3.762972 4.093842 3.764081 2.971309 2.126299 2.392737 3.291442 4.125206 4.467079 4.098817 3.217957 2.264630 2.987663 4.166222 5.283456 5.776414 5.305415 4.121850 2.829327 3.311519 4.807220 6.231197 6.843339 6.231197 4.807220 3.311519 2.829327 4.121850 5.305415 5.776414 5.283456 4.166222 2.987663 2.264630 3.217957 4.098817 4.467079 4.125206 3.291442 2.392737 2.126299 2.971309 3.764081 4.093842 3.762972 2.956521 2.070032,
 7.687759 8.675764 9.507696 8.652807 7.217496 6.726916 6.522934 13.904315 16.162254 19.124229 18.929386 15.598946 13.149326 12.318067 20.826681 24.403641 30.448759 32.229553 27.016176 21.735607 19.754023 23.625061 26.949024 34.363869 39.215603 34.363869 26.949024 23.625061 19.754023 21.735607 27.016176 32.229553 30.448759 24.403641 20.826681 12.318067 13.149326 15.598946 18.929386 19.124229 16.162254 13.904315 6.522934 6.726916 7.217496 8.652807 9.507696 8.675764 7.687759,
 96.461029 99.904831 101.608063 100.158035 94.870850 87.110611 78.901001 180.718826 193.901459 202.086838 201.590103 190.482529 171.669891 150.172775 263.029999 291.146759 311.302399 316.109924 301.597565 272.777252 238.208160 289.324219 327.681854 358.001526 370.161987 358.001526 327.681854 289.324219 238.208160 272.777252 301.597565 316.109924 311.302399 291.146759 263.029999 150.172775 171.669891 190.482529 201.590103 202.086838 193.901459 180.718826 78.901001 87.110611 94.870850 100.158035 101.608063 99.904831 96.461029,
 31.572502 32.025749 32.121403 32.066193 31.634136 30.320370 28.332977 50.356003 52.364059 53.944740 54.802589 53.606224 49.668610 44.382118 67.211319 72.416138 77.439835 80.323257 77.961487 70.745163 62.271313 72.174988 80.653343 88.860641 92.643562 88.860641 80.653343 72.174988 62.271313 70.745163 77.961487 80.323257 77.439835 72.416138 67.211319 44.382118 49.668610 53.606224 54.802589 53.944740 52.364059 50.356003 28.332977 30.320370 31.634136 32.066193 32.121403 32.025749 31.572502,
 1.338440 2.269804 2.931051 3.023962 2.544088 1.739658 0.925303 1.808303 2.778633 3.501328 3.643508 3.140965 2.254229 1.349355 2.266714 3.526076 4.665473 5.062233 4.433569 3.185588 1.951859 2.422603 3.962213 5.525658 6.231756 5.525658 3.962213 2.422603 1.951859 3.185588 4.433569 5.062233 4.665473 3.526076 2.266714 1.349355 2.254229 3.140965 3.643508 3.501328 2.778633 1.808303 0.925303 1.739658 2.544088 3.023962 2.931051 2.269804 1.338440,
 1.266243 2.102675 2.412045 1.939517 1.171923 0.546062 0.185284 4.924143 7.148398 8.401911 7.556158 5.919430 4.869297 4.102651 8.316687 12.217396 16.066572 16.172836 12.711576 9.490246 7.551897 9.283895 12.937207 18.135860 21.068653 18.135860 12.937207 9.283895 7.551897 9.490246 12.711576 16.172836 16.066572 12.217396 8.316687 4.102651 4.869297 5.919430 7.556158 8.401911 7.148398 4.924143 0.185284 0.546062 1.171923 1.939517 2.412045 2.102675 1.266243,
 -9.890028 -12.421527 -13.543599 -12.385948 -9.617114 -6.793378 -4.141272 30.037453 36.314404 42.577904 47.657757 49.310707 46.517918 41.285400 76.850304 94.362984 109.820732 118.354324 115.384209 102.915123 86.342354 102.581421 125.450058 144.641647 152.866821 144.641647 125.450058 102.581421 86.342354 102.915123 115.384209 118.354324 109.820732 94.362984 76.850304 41.285400 46.517918 49.310707 47.657757 42.577904 36.314404 30.037453 -4.141272 -6.793378 -9.617114 -12.385948 -13.543599 -12.421527 -9.890028,
 2.655764 2.433002 1.631645 0.779199 0.332216 -0.198914 -1.017060 9.364419 9.750540 10.133947 11.019946 11.138281 9.132238 6.391891 16.287851 18.616043 22.148302 25.392944 24.485559 19.527496 14.751366 19.002470 23.627119 29.782532 33.113152 29.782532 23.627119 19.002470 14.751366 19.527496 24.485559 25.392944 22.148302 18.616043 16.287851 6.391891 9.132238 11.138281 11.019946 10.133947 9.750540 9.364419 -1.017060 -0.198914 0.332216 0.779199 1.631645 2.433002 2.655764,
 -0.537270 -0.127185 0.193058 0.345993 0.331647 0.208526 0.045565 0.279099 0.789506 1.231551 1.428297 1.316905 0.972725 0.550171 0.994024 1.987323 2.943805 3.387522 3.060061 2.148824 1.106957 1.333021 2.733191 4.062400 4.628789 4.062400 2.733191 1.333021 1.106957 2.148824 3.060061 3.387522 2.943805 1.987323 0.994024 0.550171 0.972725 1.316905 1.428297 1.231551 0.789506 0.279099 0.045565 0.208526 0.331647 0.345993 0.193058 -0.127185 -0.537270,
 1.310570 1.553921 1.225815 0.643726 0.281624 -0.134528 -0.379952 2.120062 3.649505 3.973877 2.386650 0.586525 -0.258873 -0.495682 1.303627 4.219921 6.861381 6.189855 2.796160 0.168881 -0.631474 -0.197030 2.192625 6.250554 8.622449 6.250554 2.192625 -0.197030 -0.631474 0.168881 2.796160 6.189855 6.861381 4.219921 1.303627 -0.495682 -0.258873 0.586525 2.386650 3.973877 3.649505 2.120062 -0.379952 -0.134528 0.281624 0.643726 1.225815 1.553921 1.310570,
 3.067847 6.770500 8.660332 7.296637 2.530233 -3.642029 -9.167881 10.269810 16.452314 20.568836 19.972923 14.184560 6.035754 -1.888987 17.766413 26.952311 34.444489 36.237064 30.359528 20.579386 10.411834 19.125547 30.051826 39.963333 44.491562 39.963333 30.051826 19.125547 10.411834 20.579386 30.359528 36.237064 34.444489 26.952311 17.766413 -1.888987 6.035754 14.184560 19.972923 20.568836 16.452314 10.269810 -9.167881 -3.642029 2.530233 7.296637 8.660332 6.770500 3.067847,
 0.532920 1.905682 2.351441 2.333974 2.289870 1.797018 0.008985 2.794564 4.016187 4.816210 5.716662 6.010199 4.424259 1.400508 5.358190 6.954288 9.221760 11.574305 11.244139 7.829970 4.175369 6.060618 8.876367 12.877126 15.116285 12.877126 8.876367 6.060618 4.175369 7.829970 11.244139 11.574305 9.221760 6.954288 5.358190 1.400508 4.424259 6.010199 5.716662 4.816210 4.016187 2.794564 0.008985 1.797018 2.289870 2.333974 2.351441 1.905682 0.532920,

Pairwise cross-correlations of the modulus of all oriented sub-bands at the same scale (size QxQ)
 8.055118 4.801883 5.446528 8.260717,
 4.801883 84.573235 206.299591 75.809448,
 5.446528 206.299591 682.964417 282.282471,
 8.260717 75.809448 282.282471 141.902649,
 6.843339 3.960030 6.424969 6.644217,
 3.960030 39.215607 97.888077 38.248543,
 6.424969 97.888077 370.162048 166.564178,
 6.644217 38.248543 166.564178 92.643578,
 6.231757 3.356618 1.357550 2.913395,
 3.356618 21.068655 40.318924 15.991712,
 1.357550 40.318924 152.866821 59.316040,
 2.913395 15.991712 59.316040 33.113152,
 4.628790 2.583672 -0.451976 1.915240,
 2.583672 8.622448 11.258709 6.357043,
 -0.451976 11.258709 44.491562 20.076286,
 1.915240 6.357043 20.076286 15.116286,

Cross-correlations of the modulus of all oriented sub-bands with all oriented sub-bands at the coarser scale (size QxQ)
 5.595126 3.030491 2.632006 5.561981,
 5.434741 15.991391 36.068874 18.304512,
 10.052534 35.828175 96.497253 45.823002,
 7.864591 15.615375 45.298355 27.344679,
 4.339154 3.764158 -0.327648 2.843292,
 3.339195 7.253785 11.974835 8.428867,
 4.297947 13.844597 40.199394 24.945311,
 3.762123 6.978405 14.495024 12.594490,
 3.634890 2.894668 0.369449 2.955700,
 2.313457 1.458710 -3.357917 1.162716,
 3.140476 -2.548424 -11.961976 -6.688377,
 2.866341 0.465617 -5.449648 -0.272627,

Cross-correlations of the real part of each oriented sub-band with both the real and imaginary part of all phase-doubled oriented sub-bands at the next coarser scale (Q matrices of size 1x2Q, which are computed and stored in a matrix of size Qx2Q)
 -0.877140 -0.799496 -0.318710 -0.645523 0.437418 0.062473 0.017509 -0.024126,
 -0.442636 -9.867939 -14.404906 -7.550363 0.189644 -0.242834 2.333488 2.089534,
 -0.175054 -19.755754 -48.159946 -31.960556 0.031054 1.287008 9.344206 7.564834,
 -0.478455 -6.306865 -22.216463 -17.681162 0.144323 1.146488 4.803106 3.638514,
 -0.328571 -0.394470 0.011883 -0.263461 -0.728329 -0.017296 0.036167 -0.509148,
 -0.040228 -2.579002 -5.524015 -3.140092 -0.196869 2.118401 2.149340 -1.416309,
 0.058457 -7.012531 -24.717031 -15.266835 -0.046915 3.257651 1.386122 -9.576263,
 -0.232653 -2.882418 -12.752757 -8.585950 -0.333783 0.394636 -1.289255 -7.082701,
 0.355713 -0.349943 -0.005299 0.172104 -1.311793 -0.393734 0.135761 0.718722,
 0.101285 -0.589975 -1.098828 -1.291422 -0.590597 1.427826 5.634366 1.147353,
 0.073891 0.230622 -8.503693 -4.856146 -0.262732 4.820128 17.179890 4.383499,
 0.399371 -0.144876 -5.120790 -1.249442 -0.712626 1.351784 7.399073 3.469957,
