Low-band skewness and kurtosis
 -0.606549 2.337775,
 -0.487332 2.371749,
 -0.471159 2.076912,
 -0.471051 1.672803,
 -0.486018 1.711065,

High-band variance
 925.868591,

Skewness, kurtosis, variance, mean, maximum and minimum of the reconstructed texture
 -0.704372 2.089414 5521.971680 190.393372 255.000000 7.000000,

Auto-correlations of the low-frequency bands at each scale
 1096.094971 1084.158936 1075.197876 1071.040161 1070.821411 1075.752197 1085.022705 985.358826 934.230469 901.704407 890.828979 900.315613 933.164551 987.332458 2711.046143 2737.888184 2764.748047 2779.931641 2773.190430 2755.767578 2738.785889 4177.047852 4283.147949 4364.214844 4396.940918 4364.214844 4283.147949 4177.047852 2738.785889 2755.767578 2773.190430 2779.931641 2764.748047 2737.888184 2711.046143 987.332458 933.164551 900.315613 890.828979 901.704407 934.230469 985.358826 1085.022705 1075.752197 1070.821411 1071.040161 1075.197876 1084.158936 1096.094971,
 1342.999634 1345.630859 1346.006226 1346.719360 1348.224243 1349.009766 1346.677856 1136.435425 1108.306641 1089.961304 1085.023071 1094.726685 1119.644531 1156.169556 1942.083374 1958.069946 1978.681396 1991.184082 1987.044678 1976.877563 1972.291138 2771.946777 2845.181152 2908.108398 2934.837891 2908.108398 2845.181152 2771.946777 1972.291138 1976.877563 1987.044678 1991.184082 1978.681396 1958.069946 1942.083374 1156.169556 1119.644531 1094.726685 1085.023071 1089.961304 1108.306641 1136.435425 1346.677856 1349.009766 1348.224243 1346.719360 1346.006226 1345.630859 1342.999634,
 1314.853882 1301.563965 1286.163330 1276.145752 1273.753174 1273.745605 1271.553345 1273.998535 1246.750732 1226.135376 1217.705444 1220.788940 1232.485596 1249.689209 1634.811768 1649.226440 1668.925781 1685.065796 1687.407715 1683.305054 1682.474854 2024.356445 2065.257812 2104.459473 2122.646729 2104.459473 2065.257812 2024.356445 1682.474854 1683.305054 1687.407715 1685.065796 1668.925781 1649.226440 1634.811768 1249.689209 1232.485596 1220.788940 1217.705444 1226.135376 1246.750732 1273.998535 1271.553345 1273.745605 1273.753174 1276.145752 1286.163330 1301.563965 1314.853882,
 497.255585 493.193329 487.262360 480.271729 475.087616 471.190033 466.119293 1015.724487 1005.177185 995.095642 991.543518 998.382751 1012.045227 1025.360962 1482.328125 1488.883423 1497.382568 1504.473511 1506.739746 1507.888794 1511.932129 1713.627075 1732.001465 1752.722046 1762.791748 1752.722046 1732.001465 1713.627075 1511.932129 1507.888794 1506.739746 1504.473511 1497.382568 1488.883423 1482.328125 1025.360962 1012.045227 998.382751 991.543518 995.095642 1005.177185 1015.724487 466.119293 471.190033 475.087616 480.271729 487.262360 493.193329 497.255585,
 -1074.285156 -1074.744629 -1074.258789 -1073.808228 -1073.322998 -1072.221436 -1071.620117 -130.604050 -131.379013 -129.862442 -128.483582 -127.998337 -126.911507 -126.105026 1069.415283 1070.227051 1074.335449 1077.268921 1076.326416 1074.437256 1073.409912 1646.906738 1649.530640 1654.786621 1657.832764 1654.786621 1649.530640 1646.906738 1073.409912 1074.437256 1076.326416 1077.268921 1074.335449 1070.227051 1069.415283 -126.105026 -126.911507 -127.998337 -128.483582 -129.862442 -131.379013 -130.604050 -1071.620117 -1072.221436 -1073.322998 -1073.808228 -1074.258789 -1074.744629 -1074.285156,

Auto-correlations of the modulus of each oriented sub-band
 2.722406 3.981415 5.050930 5.485948 5.073919 4.022712 2.777825 2.788991 4.068560 5.163187 5.617485 5.207947 4.144658 2.881948 3.104644 4.580248 5.868487 6.411644 5.924674 4.669409 3.200920 3.411574 5.070777 6.528134 7.125856 6.528134 5.070777 3.411574 3.200920 4.669409 5.924674 6.411644 5.868487 4.580248 3.104644 2.881948 4.144658 5.207947 5.617485 5.163187 4.068560 2.788991 2.777825 4.022712 5.073919 5.485948 5.050930 3.981415 2.722406,
 19.523052 21.191046 22.460251 22.946377 22.851799 22.559359 22.197643 37.712814 41.970078 45.239246 46.311253 45.508923 43.865005 41.896851 59.203430 66.283813 72.179573 74.268829 72.070961 67.659607 62.637558 70.734596 78.343292 85.056389 88.007645 85.056389 78.343292 70.734596 62.637558 67.659607 72.070961 74.268829 72.179573 66.283813 59.203430 41.896851 43.865005 45.508923 46.311253 45.239246 41.970078 37.712814 22.197643 22.559359 22.851799 22.946377 22.460251 21.191046 19.523052,
 105.716019 110.929398 116.061096 118.851685 117.903198 114.556961 110.628448 232.473755 249.884094 263.945587 270.236511 266.331329 254.840393 239.828979 382.185333 416.058197 442.190460 452.886688 443.938202 419.856415 388.062897 455.995972 497.792786 529.857117 542.503784 529.857117 497.792786 455.995972 388.062897 419.856415 443.938202 452.886688 442.190460 416.058197 382.185333 239.828979 254.840393 266.331329 270.236511 263.945587 249.884094 232.473755 110.628448 114.556961 117.903198 118.851685 116.061096 110.929398 105.716019,
 18.055111 18.836493 19.586535 20.030977 19.606352 18.142588 16.375179 36.578514 38.833645 40.974613 42.205902 41.334347 38.266788 34.578781 57.127132 62.059387 66.787140 69.344398 67.477875 61.943161 55.700428 66.141266 73.157013 79.823883 82.841904 79.823883 73.157013 66.141266 55.700428 61.943161 67.477875 69.344398 66.787140 62.059387 57.127132 34.578781 38.266788 41.334347 42.205902 40.974613 38.833645 36.578514 16.375179 18.142588 19.606352 20.030977 19.586535 18.836493 18.055111,
 1.741054 2.492554 3.137161 3.386662 3.115633 2.472108 1.751593 1.876984 2.580433 3.179763 3.411431 3.156167 2.549962 1.868772 2.415415 3.281857 4.048186 4.368427 4.061717 3.292415 2.414756 2.865413 3.980297 4.982123 5.397507 4.982123 3.980297 2.865413 2.414756 3.292415 4.061717 4.368427 4.048186 3.281857 2.415415 1.868772 2.549962 3.156167 3.411431 3.179763 2.580433 1.876984 1.751593 2.472108 3.115633 3.386662 3.137161 2.492554 1.741054,
 11.271545 12.126495 12.957251 13.384896 13.121201 12.405233 11.904491 19.841726 22.960192 25.480436 26.263222 25.403894 23.779730 22.146086 30.206203 36.058598 41.372765 43.058315 40.526649 36.333630 32.440365 35.988373 42.186539 48.730297 51.858940 48.730297 42.186539 35.988373 32.440365 36.333630 40.526649 43.058315 41.372765 36.058598 30.206203 22.146086 23.779730 25.403894 26.263222 25.480436 22.960192 19.841726 11.904491 12.405233 13.121201 13.384896 12.957251 12.126495 11.271545,
 47.660507 51.879272 55.549812 55.939674 51.579826 44.753120 38.439545 107.103539 121.591652 133.378738 137.371033 130.653915 116.626396 100.211815 183.595398 211.977234 234.767654 243.596176 233.292496 209.225616 179.422821 220.173340 256.461884 285.751068 297.839722 285.751068 256.461884 220.173340 179.422821 209.225616 233.292496 243.596176 234.767654 211.977234 183.595398 100.211815 116.626396 130.653915 137.371033 133.378738 121.591652 107.103539 38.439545 44.753120 51.579826 55.939674 55.549812 51.879272 47.660507,
 8.847463 8.896314 9.296217 9.984437 10.280169 9.744601 8.804383 15.887309 17.118502 19.198782 21.384415 21.750566 19.562925 16.349264 25.791504 29.310614 34.225609 38.125912 37.193230 31.834265 26.019699 30.720184 36.612854 43.610023 47.174892 43.610023 36.612854 30.720184 26.019699 31.834265 37.193230 38.125912 34.225609 29.310614 25.791504 16.349264 19.562925 21.750566 21.384415 19.198782 17.118502 15.887309 8.804383 9.744601 10.280169 9.984437 9.296217 8.896314 8.847463,
 1.012354 1.400620 1.672965 1.719852 1.561722 1.280994 0.960996 1.105954 1.489264 1.800848 1.893871 1.726903 1.395018 1.049058 1.375992 1.958794 2.501318 2.664729 2.306817 1.669599 1.115681 1.385418 2.198828 3.100197 3.524697 3.100197 2.198828 1.385418 1.115681 1.669599 2.306817 2.664729 2.501318 1.958794 1.375992 1.049058 1.395018 1.726903 1.893871 1.800848 1.489264 1.105954 0.960996 1.280994 1.561722 1.719852 1.672965 1.400620 1.012354,
 7.725897 9.156672 9.646598 8.914640 7.639152 6.552245 5.850167 10.178804 12.901087 14.274306 13.298970 11.004180 8.978302 7.431280 12.006584 16.451004 20.145685 20.060066 16.479342 12.628035 9.821251 11.751588 16.086624 21.330564 24.068604 21.330564 16.086624 11.751588 9.821251 12.628035 16.479342 20.060066 20.145685 16.451004 12.006584 7.431280 8.978302 11.004180 13.298970 14.274306 12.901087 10.178804 5.850167 6.552245 7.639152 8.914640 9.646598 9.156672 7.725897,
 44.376987 53.816254 60.151367 61.844280 58.821747 52.467728 44.142902 64.797310 76.933601 84.967064 87.108597 82.530403 72.662529 59.809563 85.687813 103.789421 117.101822 121.850464 115.612869 100.620354 81.383995 93.540527 115.648834 133.009125 139.982605 133.009125 115.648834 93.540527 81.383995 100.620354 115.612869 121.850464 117.101822 103.789421 85.687813 59.809563 72.662529 82.530403 87.108597 84.967064 76.933601 64.797310 44.142902 52.467728 58.821747 61.844280 60.151367 53.816254 44.376987,
 5.759137 7.025864 8.575214 9.514171 9.233871 8.137931 7.102313 9.992190 11.528074 13.135978 14.310623 13.902516 11.889366 9.761504 13.971448 16.210451 19.100416 21.529778 20.537279 16.764925 13.400556 15.364668 18.674740 23.090937 25.670572 23.090937 18.674740 15.364668 13.400556 16.764925 20.537279 21.529778 19.100416 16.210451 13.971448 9.761504 11.889366 13.902516 14.310623 13.135978 11.528074 9.992190 7.102313 8.137931 9.233871 9.514171 8.575214 7.025864 5.759137,
 0.174643 0.203105 0.255122 0.261689 0.186576 0.081944 0.025924 0.319879 0.364538 0.399433 0.362386 0.258550 0.160069 0.133916 0.425605 0.453192 0.527326 0.572510 0.506827 0.362786 0.247749 0.354120 0.565146 0.858560 1.011782 0.858560 0.565146 0.354120 0.247749 0.362786 0.506827 0.572510 0.527326 0.453192 0.425605 0.133916 0.160069 0.258550 0.362386 0.399433 0.364538 0.319879 0.025924 0.081944 0.186576 0.261689 0.255122 0.203105 0.174643,
 -0.044201 0.254274 0.680846 0.428071 -0.566035 -1.068618 -0.827509 0.722612 1.207213 2.078989 2.013913 0.623432 -0.316023 -0.202458 1.646865 2.281688 3.786223 4.298321 2.674322 1.195459 1.035280 1.876371 2.368982 4.166932 5.470239 4.166932 2.368982 1.876371 1.035280 1.195459 2.674322 4.298321 3.786223 2.281688 1.646865 -0.202458 -0.316023 0.623432 2.013913 2.078989 1.207213 0.722612 -0.827509 -1.068618 -0.566035 0.428071 0.680846 0.254274 -0.044201,
 1.216103 -2.664466 -5.264608 -7.076204 -9.543756 -10.679314 -9.081882 8.673452 6.954690 5.310659 2.820597 -2.151751 -6.675617 -8.431425 12.199923 14.719172 16.883440 16.382370 10.788231 3.923804 -0.912990 8.244083 13.688632 19.853519 23.185770 19.853519 13.688632 8.244083 -0.912990 3.923804 10.788231 16.382370 16.883440 14.719172 12.199923 -8.431425 -6.675617 -2.151751 2.820597 5.310659 6.954690 8.673452 -9.081882 -10.679314 -9.543756 -7.076204 -5.264608 -2.664466 1.216103,
 0.588321 1.202776 1.593396 1.345438 0.519491 -0.729626 -1.676989 2.027908 2.839596 3.258315 3.264678 2.394136 0.433275 -1.277419 2.375630 3.548879 4.945678 6.023016 4.930669 2.159417 -0.086686 1.381372 3.298267 5.968073 7.572941 5.968073 3.298267 1.381372 -0.086686 2.159417 4.930669 6.023016 4.945678 3.548879 2.375630 -1.277419 0.433275 2.394136 3.264678 3.258315 2.839596 2.027908 -1.676989 -0.729626 0.519491 1.345438 1.593396 1.202776 0.588321,

Pairwise cross-correlations of the modulus of all oriented sub-bands at the same scale (size QxQ)
 7.125855 4.692913 0.451979 4.370487,
 4.692913 88.007629 195.187332 61.369652,
 0.451979 195.187332 542.503723 187.692322,
 4.370487 61.369652 187.692322 82.841911,
 5.397507 4.283764 2.229184 3.871422,
 4.283764 51.858952 107.618248 34.785187,
 2.229184 107.618248 297.839752 100.335457,
 3.871422 34.785187 100.335457 47.174896,
 3.524697 2.283988 1.337520 2.468707,
 2.283988 24.068605 49.460873 16.532375,
 1.337520 49.460873 139.982605 48.045143,
 2.468707 16.532375 48.045143 25.670574,
 1.011782 0.619249 0.723057 1.076676,
 0.619249 5.470239 7.246769 2.002375,
 0.723057 7.246769 23.185770 5.434763,
 1.076676 2.002375 5.434763 7.572941,

Cross-correlations of the modulus of all oriented sub-bands with all oriented sub-bands at the coarser scale (size QxQ)
 4.460362 3.597315 -1.367337 3.430073,
 4.985734 17.735483 28.503239 10.642607,
 4.992024 31.350109 70.353157 25.580864,
 3.841295 11.111331 22.628983 12.447082,
 2.974078 2.779466 1.152106 3.245611,
 3.623362 1.861109 -6.433693 0.660167,
 5.375556 1.801561 -7.875824 1.146794,
 3.393935 3.488498 0.875252 5.999574,
 0.973348 0.709088 -0.209741 2.630475,
 1.096859 0.642636 -3.367219 0.283448,
 0.647013 -1.317013 -10.512714 -4.860399,
 0.238666 -0.469608 -5.411181 1.262292,

Cross-correlations of the real part of each oriented sub-band with both the real and imaginary part of all phase-doubled oriented sub-bands at the next coarser scale (Q matrices of size 1x2Q, which are computed and stored in a matrix of size Qx2Q)
 -1.016195 -0.382845 -0.219987 -0.341205 0.187011 -0.160983 -0.100057 0.206223,
 -0.479025 -24.064108 -58.827248 -21.378897 0.036519 6.368975 18.746586 6.271266,
 -0.055184 -59.030579 -169.932755 -69.046013 0.076329 17.912577 50.095356 16.806498,
 -0.520701 -19.464306 -64.508949 -29.222641 0.124203 6.017056 16.701677 6.088778,
 -0.364550 -0.460685 -0.083867 -0.110929 -0.126274 -0.260434 0.244771 0.309364,
 -0.223718 -1.076736 6.244255 1.811414 -0.118861 -9.610882 -23.302528 -5.311855,
 -0.097796 4.391089 17.559515 4.502409 -0.015855 -21.905846 -56.496361 -11.207723,
 -0.158522 2.967913 5.652827 1.350565 -0.042226 -6.521051 -16.093126 -1.554634,
 -0.146583 -0.244963 -0.062125 -0.119525 -0.246583 -0.495537 -0.015565 0.037040,
 -0.287634 -6.705200 -13.155426 -2.245952 -0.278451 -5.024561 -7.596463 -0.806962,
 -0.114952 -13.316772 -27.610624 -6.117527 -0.083811 -7.129303 -15.118294 -2.032393,
 -0.006365 -3.310559 -7.393324 -2.691939 -0.034112 -1.521264 -3.298332 -0.525598,
