Low-band skewness and kurtosis
 -0.509021 2.150562,
 -0.371119 2.233002,
 -0.202850 2.109171,
 0.027361 1.758672,
 0.124284 1.541024,

High-band variance
 1034.474976,

Skewness, kurtosis, variance, mean, maximum and minimum of the reconstructed texture
 -0.651992 1.967019 5748.938477 187.936401 255.000000 3.000000,

Auto-correlations of the low-frequency bands at each scale
 1273.978882 1219.117432 1176.513428 1153.045166 1152.266357 1182.246582 1247.599731 1642.136719 1439.418701 1276.310425 1219.449219 1294.735229 1481.946533 1715.888672 2697.317383 2817.739746 2941.383545 3026.189941 3034.179932 2986.385254 2909.721680 3542.760986 3976.542480 4343.483398 4494.187012 4343.483398 3976.542480 3542.760986 2909.721680 2986.385254 3034.179932 3026.189941 2941.383545 2817.739746 2697.317383 1715.888672 1481.946533 1294.735229 1219.449219 1276.310425 1439.418701 1642.136719 1247.599731 1182.246582 1152.266357 1153.045166 1176.513428 1219.117432 1273.978882,
 1095.920898 1069.597778 1054.157959 1055.956543 1079.420654 1126.675659 1193.885742 1214.852295 1089.721802 1000.093994 983.369446 1052.396729 1195.321167 1369.580322 1946.027588 2029.825073 2117.891357 2174.504883 2169.860107 2128.845459 2078.718506 2538.190430 2825.961182 3075.798584 3180.873047 3075.798584 2825.961182 2538.190430 2078.718506 2128.845459 2169.860107 2174.504883 2117.891357 2029.825073 1946.027588 1369.580322 1195.321167 1052.396729 983.369446 1000.093994 1089.721802 1214.852295 1193.885742 1126.675659 1079.420654 1055.956543 1054.157959 1069.597778 1095.920898,
 993.239380 984.818176 970.187927 952.557129 938.303284 940.080017 966.981689 1127.936279 1047.553833 982.744141 958.743896 985.078369 1063.096558 1172.765625 1477.976929 1528.624878 1600.826904 1663.969849 1685.714600 1678.799194 1658.514526 1846.125732 2025.191162 2186.543945 2256.500000 2186.543945 2025.191162 1846.125732 1658.514526 1678.799194 1685.714600 1663.969849 1600.826904 1528.624878 1477.976929 1172.765625 1063.096558 985.078369 958.743896 982.744141 1047.553833 1127.936279 966.981689 940.080017 938.303284 952.557129 970.187927 984.818176 993.239380,
 482.118347 456.518372 425.347351 400.778320 394.725220 406.903503 434.600647 861.644043 808.342041 769.585571 771.492371 820.556641 898.836182 974.947998 1217.295654 1256.555420 1306.749268 1351.604736 1373.904785 1379.786133 1375.269043 1460.257202 1567.339478 1669.869141 1715.160767 1669.869141 1567.339478 1460.257202 1375.269043 1379.786133 1373.904785 1351.604736 1306.749268 1256.555420 1217.295654 974.947998 898.836182 820.556641 771.492371 769.585571 808.342041 861.644043 434.600647 406.903503 394.725220 400.778320 425.347351 456.518372 482.118347,
 -955.130127 -960.939392 -966.484131 -966.811096 -962.310425 -957.387634 -954.223999 -3.442937 -16.807634 -30.532900 -32.806965 -21.063635 -5.854146 2.663200 938.362549 939.334229 954.272461 972.810852 981.308472 976.680542 964.205200 1347.833984 1377.199951 1415.255005 1433.661377 1415.255005 1377.199951 1347.833984 964.205200 976.680542 981.308472 972.810852 954.272461 939.334229 938.362549 2.663200 -5.854146 -21.063635 -32.806965 -30.532900 -16.807634 -3.442937 -954.223999 -957.387634 -962.310425 -966.811096 -966.484131 -960.939392 -955.130127,

Auto-correlations of the modulus of each oriented sub-band
 5.473763 6.676427 7.687159 8.083201 7.694006 6.708855 5.518852 6.508627 7.959814 9.118768 9.577985 9.144151 7.970038 6.504406 7.777428 10.067044 12.003162 12.742679 11.916225 9.975551 7.748593 8.245469 11.347408 14.519484 15.967546 14.519484 11.347408 8.245469 7.748593 9.975551 11.916225 12.742679 12.003162 10.067044 7.777428 6.504406 7.970038 9.144151 9.577985 9.118768 7.959814 6.508627 5.518852 6.708855 7.694006 8.083201 7.687159 6.676427 5.473763,
 58.103966 63.759697 70.043442 75.622543 79.623810 82.332771 84.074867 78.810707 90.313599 103.007484 111.571030 113.110008 110.109634 105.595848 102.843582 121.341888 141.884933 153.083221 148.076584 134.429199 120.768127 120.006775 140.125031 162.406097 173.465393 162.406097 140.125031 120.006775 120.768127 134.429199 148.076584 153.083221 141.884933 121.341888 102.843582 105.595848 110.109634 113.110008 111.571030 103.007484 90.313599 78.810707 84.074867 82.332771 79.623810 75.622543 70.043442 63.759697 58.103966,
 151.555267 163.272400 172.530853 174.130249 166.105255 153.620239 143.169525 212.079971 249.242233 286.787811 301.795471 281.834076 243.064560 208.692551 272.834320 342.077911 418.176636 452.975769 415.780029 340.069366 273.254547 300.365570 384.369629 480.012024 526.856567 480.012024 384.369629 300.365570 273.254547 340.069366 415.780029 452.975769 418.176636 342.077911 272.834320 208.692551 243.064560 281.834076 301.795471 286.787811 249.242233 212.079971 143.169525 153.620239 166.105255 174.130249 172.530853 163.272400 151.555267,
 63.994049 62.458641 60.214741 56.596592 51.020596 44.743347 39.644440 84.782028 88.235710 91.434998 90.890884 82.917542 70.675728 60.207233 99.307121 110.619125 123.979095 130.257767 119.809631 100.152252 83.628273 99.277336 116.698128 138.231689 149.651108 138.231689 116.698128 99.277336 83.628273 100.152252 119.809631 130.257767 123.979095 110.619125 99.307121 60.207233 70.675728 82.917542 90.890884 91.434998 88.235710 84.782028 39.644440 44.743347 51.020596 56.596592 60.214741 62.458641 63.994049,
 3.108903 3.836964 4.483620 4.802755 4.644571 4.089069 3.401083 3.855757 4.787102 5.651062 6.074560 5.846481 5.072198 4.099473 4.957674 6.860648 8.791798 9.701202 8.989408 7.150034 5.170332 5.749182 8.493702 11.376968 12.707273 11.376968 8.493702 5.749182 5.170332 7.150034 8.989408 9.701202 8.791798 6.860648 4.957674 4.099473 5.072198 5.846481 6.074560 5.651062 4.787102 3.855757 3.401083 4.089069 4.644571 4.802755 4.483620 3.836964 3.108903,
 27.240789 31.264307 34.640350 36.793251 37.511276 36.713890 34.672012 36.222988 45.588009 54.446838 58.836662 57.455322 52.262028 45.753094 47.478241 63.092052 79.123695 86.468353 80.724556 67.851143 54.717224 55.452892 72.963394 91.584366 100.509659 91.584366 72.963394 55.452892 54.717224 67.851143 80.724556 86.468353 79.123695 63.092052 47.478241 45.753094 52.262028 57.455322 58.836662 54.446838 45.588009 36.222988 34.672012 36.713890 37.511276 36.793251 34.640350 31.264307 27.240789,
 65.327896 82.702827 98.022362 103.464157 94.830147 79.306847 67.884705 94.888504 134.892990 173.907745 190.179169 171.504791 132.990799 98.828171 127.344841 193.322617 262.150055 293.077454 261.159515 193.402817 131.006378 143.473175 220.438934 303.557861 342.931091 303.557861 220.438934 143.473175 131.006378 193.402817 261.159515 293.077454 262.150055 193.322617 127.344841 98.828171 132.990799 171.504791 190.179169 173.907745 134.892990 94.888504 67.884705 79.306847 94.830147 103.464157 98.022362 82.702827 65.327896,
 30.578201 31.717382 33.360081 34.552128 33.915813 31.675188 29.916389 40.745171 45.385723 50.696007 53.902992 51.278053 44.005688 37.371330 49.306900 59.692635 71.906540 79.033432 73.253174 59.038635 46.398819 51.658897 66.127289 83.233498 91.980560 83.233498 66.127289 51.658897 46.398819 59.038635 73.253174 79.033432 71.906540 59.692635 49.306900 37.371330 44.005688 51.278053 53.902992 50.696007 45.385723 40.745171 29.916389 31.675188 33.915813 34.552128 33.360081 31.717382 30.578201,
 2.400972 3.061837 3.681063 3.873235 3.472822 2.659098 1.816807 2.414750 3.340341 4.232193 4.632174 4.336874 3.509174 2.556949 2.836229 4.458512 6.151206 6.891317 6.230396 4.711793 3.218807 3.360122 5.452550 7.833802 8.957232 7.833802 5.452550 3.360122 3.218807 4.711793 6.230396 6.891317 6.151206 4.458512 2.836229 2.556949 3.509174 4.336874 4.632174 4.232193 3.340341 2.414750 1.816807 2.659098 3.472822 3.873235 3.681063 3.061837 2.400972,
 1.601760 4.706392 8.743923 12.601210 15.392513 16.228355 15.007125 5.443543 12.424862 19.867119 24.657990 25.895317 24.196243 20.050007 11.615669 22.406490 34.231503 39.903496 36.663113 29.260708 21.488983 17.982416 28.913752 41.447376 47.717293 41.447376 28.913752 17.982416 21.488983 29.260708 36.663113 39.903496 34.231503 22.406490 11.615669 20.050007 24.196243 25.895317 24.657990 19.867119 12.424862 5.443543 15.007125 16.228355 15.392513 12.601210 8.743923 4.706392 1.601760,
 2.073200 12.603099 23.783575 29.457272 26.429564 20.564896 16.403385 7.961911 34.615532 63.308025 77.620331 68.047714 45.829308 25.195793 23.161503 66.935822 114.643646 138.084122 118.416382 74.872086 34.135967 34.687561 85.544815 141.321198 168.362671 141.321198 85.544815 34.687561 34.135967 74.872086 118.416382 138.084122 114.643646 66.935822 23.161503 25.195793 45.829308 68.047714 77.620331 63.308025 34.615532 7.961911 16.403385 20.564896 26.429564 29.457272 23.783575 12.603099 2.073200,
 8.056387 8.818475 8.494652 7.782438 7.074769 6.149714 5.684190 12.262169 15.147899 17.321087 18.436953 16.748074 12.394120 8.804003 16.953442 23.004545 29.678949 33.884434 30.162619 21.184496 13.914816 17.738398 26.065708 36.569084 42.319050 36.569084 26.065708 17.738398 13.914816 21.184496 30.162619 33.884434 29.678949 23.004545 16.953442 8.804003 12.394120 16.748074 18.436953 17.321087 15.147899 12.262169 5.684190 6.149714 7.074769 7.782438 8.494652 8.818475 8.056387,
 0.270423 0.682075 1.221157 1.452031 1.143122 0.534584 0.008262 0.632388 0.856339 1.102985 1.151934 0.949576 0.638157 0.388594 0.843006 1.391374 2.025213 2.266340 1.820588 1.056398 0.511697 0.841742 1.855589 3.212301 3.908062 3.212301 1.855589 0.841742 0.511697 1.056398 1.820588 2.266340 2.025213 1.391374 0.843006 0.388594 0.638157 0.949576 1.151934 1.102985 0.856339 0.632388 0.008262 0.534584 1.143122 1.452031 1.221157 0.682075 0.270423,
 -0.155808 2.103321 3.322137 3.356161 2.128607 0.278822 -1.298895 -0.430056 4.113363 7.751815 8.474191 6.028426 2.258172 -0.945108 3.246734 9.841373 16.721167 19.042419 14.985926 8.274126 2.850598 5.630325 12.577093 21.028831 25.285255 21.028831 12.577093 5.630325 2.850598 8.274126 14.985926 19.042419 16.721167 9.841373 3.246734 -0.945108 2.258172 6.028426 8.474191 7.751815 4.113363 -0.430056 -1.298895 0.278822 2.128607 3.356161 3.322137 2.103321 -0.155808,
 -5.697670 -2.196749 -3.752848 -10.480462 -14.014215 -8.146826 1.767387 -14.125757 -2.983369 7.662823 7.272231 -0.113326 -2.407963 2.357298 -11.540321 6.425862 30.571632 39.481598 26.450932 9.537111 2.512840 -2.680824 14.671494 42.760773 58.772362 42.760773 14.671494 -2.680824 2.512840 9.537111 26.450932 39.481598 30.571632 6.425862 -11.540321 2.357298 -2.407963 -0.113326 7.272231 7.662823 -2.983369 -14.125757 1.767387 -8.146826 -14.014215 -10.480462 -3.752848 -2.196749 -5.697670,
 -3.458123 -1.460705 -0.668534 -0.512681 0.072126 1.562520 3.271066 2.671088 4.720832 6.339885 7.628395 8.212968 7.864205 6.749975 7.863046 11.214512 15.418966 18.489088 17.844866 13.992935 9.696729 10.298254 15.242725 21.132099 24.057381 21.132099 15.242725 10.298254 9.696729 13.992935 17.844866 18.489088 15.418966 11.214512 7.863046 6.749975 7.864205 8.212968 7.628395 6.339885 4.720832 2.671088 3.271066 1.562520 0.072126 -0.512681 -0.668534 -1.460705 -3.458123,

Pairwise cross-correlations of the modulus of all oriented sub-bands at the same scale (size QxQ)
 15.967548 16.479614 16.047455 15.817102,
 16.479614 173.465408 212.621964 38.312641,
 16.047455 212.621964 526.856689 189.518936,
 15.817102 38.312641 189.518936 149.651108,
 12.707275 11.609570 9.661185 11.872692,
 11.609570 100.509666 132.790054 28.021536,
 9.661185 132.790054 342.931122 117.219246,
 11.872692 28.021536 117.219246 91.980576,
 8.957233 6.453191 8.407435 8.866568,
 6.453191 47.717300 59.441566 13.300817,
 8.407435 59.441566 168.362671 50.763664,
 8.866568 13.300817 50.763664 42.319054,
 3.908062 3.084034 0.510374 4.339499,
 3.084034 25.285257 16.751463 -0.939807,
 0.510374 16.751463 58.772362 14.791533,
 4.339499 -0.939807 14.791533 24.057381,

Cross-correlations of the modulus of all oriented sub-bands with all oriented sub-bands at the coarser scale (size QxQ)
 9.594419 9.442399 3.740397 9.422398,
 11.951521 37.997433 37.003208 11.177139,
 15.687660 42.325665 99.585014 56.133186,
 12.314358 12.773970 49.013130 49.013348,
 6.808206 6.177030 7.150108 8.365236,
 8.817675 20.132057 18.247166 1.852107,
 11.912729 18.279936 36.333473 10.085922,
 9.686968 4.674061 19.078375 19.718174,
 4.128064 3.280346 -0.781336 5.597193,
 4.468823 0.964747 1.087520 6.105389,
 6.589372 -6.963319 6.066975 16.217688,
 4.919867 0.399251 4.988884 14.602291,

Cross-correlations of the real part of each oriented sub-band with both the real and imaginary part of all phase-doubled oriented sub-bands at the next coarser scale (Q matrices of size 1x2Q, which are computed and stored in a matrix of size Qx2Q)
 -1.187461 -1.618528 -0.992445 -3.430795 0.954490 0.802806 -0.064072 -0.341066,
 -1.851248 -16.391348 -22.675148 -10.642778 0.684345 5.653928 5.102519 0.030137,
 -2.207909 -23.319450 -76.575790 -59.963123 0.107719 5.334122 5.385040 -0.722679,
 -2.165257 -5.823183 -39.292538 -45.075283 0.278701 0.599877 -1.734490 -1.320023,
 -0.606648 -1.650243 -1.534331 -1.571193 -0.162036 0.251477 0.536489 -0.625972,
 -0.913705 -26.581984 -29.010475 -5.027257 -0.124876 8.266087 12.098314 2.062851,
 -1.068926 -34.349464 -64.504829 -25.692242 -0.362463 11.323577 20.041361 0.027041,
 -0.902340 -5.114030 -25.017344 -19.177443 -0.240406 1.882753 4.716053 -4.244571,
 0.492493 -0.829720 -0.063031 0.816030 -1.696577 -0.001578 0.946907 1.401830,
 -0.036510 -1.961348 -5.054843 -3.511112 -0.868178 2.760208 5.567974 2.421748,
 0.080891 -0.419305 -22.723568 -12.284021 -0.434827 2.834375 27.378464 19.418083,
 0.475630 0.078758 -12.182522 -3.318791 -1.200944 0.574340 18.748604 16.861620,
