Low-band skewness and kurtosis
 -0.561468 2.112095,
 -0.402018 2.026303,
 -0.260283 1.847779,
 -0.111289 1.675921,
 -0.058714 1.623174,

High-band variance
 929.154663,

Skewness, kurtosis, variance, mean, maximum and minimum of the reconstructed texture
 -0.680548 1.970064 5924.427734 188.631897 255.000000 4.000000,

Auto-correlations of the low-frequency bands at each scale
 1973.703247 1876.500244 1833.591064 1841.450806 1875.174561 1915.829834 1954.237915 2302.480469 2047.436279 1810.075195 1673.102417 1666.488770 1768.641357 1913.820801 3461.159912 3507.955078 3486.608887 3375.791992 3180.062012 2968.954102 2801.965088 3880.845215 4288.755859 4651.114746 4802.872070 4651.114746 4288.755859 3880.845215 2801.965088 2968.954102 3180.062012 3375.791992 3486.608887 3507.955078 3461.159912 1913.820801 1768.641357 1666.488770 1673.102417 1810.075195 2047.436279 2302.480469 1954.237915 1915.829834 1875.174561 1841.450806 1833.591064 1876.500244 1973.703247,
 1815.026855 1743.637085 1704.557617 1697.622192 1710.274170 1731.252319 1753.645264 2182.322510 2017.395996 1860.545044 1756.646240 1724.289185 1760.437012 1830.668701 2753.273193 2779.576660 2767.963867 2691.675049 2545.487305 2389.761719 2271.457275 2853.880615 3113.219238 3353.322266 3457.934814 3353.322266 3113.219238 2853.880615 2271.457275 2389.761719 2545.487305 2691.675049 2767.963867 2779.576660 2753.273193 1830.668701 1760.437012 1724.289185 1756.646240 1860.545044 2017.395996 2182.322510 1753.645264 1731.252319 1710.274170 1697.622192 1704.557617 1743.637085 1815.026855,
 1573.447144 1563.828247 1563.385010 1562.208740 1544.819824 1520.266968 1501.317017 1848.661987 1753.931885 1672.293091 1621.398926 1594.610474 1591.640625 1603.444946 2313.475342 2312.475342 2292.148682 2234.437256 2124.490967 2001.517456 1901.067139 2360.331299 2525.315430 2680.439941 2749.902832 2680.439941 2525.315430 2360.331299 1901.067139 2001.517456 2124.490967 2234.437256 2292.148682 2312.475342 2313.475342 1603.444946 1591.640625 1594.610474 1621.398926 1672.293091 1753.931885 1848.661987 1501.317017 1520.266968 1544.819824 1562.208740 1563.385010 1563.828247 1573.447144,
 757.132324 752.218506 754.740601 756.702576 746.868042 728.319580 706.185303 1399.067505 1358.439331 1311.358887 1265.104126 1225.456543 1214.519409 1234.148315 1932.071533 1971.074219 1977.274658 1924.916748 1810.556885 1693.079834 1622.190918 1977.971802 2116.986572 2254.341309 2316.596191 2254.341309 2116.986572 1977.971802 1622.190918 1693.079834 1810.556885 1924.916748 1977.274658 1971.074219 1932.071533 1234.148315 1214.519409 1225.456543 1265.104126 1311.358887 1358.439331 1399.067505 706.185303 728.319580 746.868042 756.702576 754.740601 752.218506 757.132324,
 -1261.627808 -1280.285400 -1355.471191 -1432.497925 -1432.904297 -1369.171875 -1310.032104 81.705017 92.224915 46.513695 -42.503963 -108.682457 -99.200653 -34.027744 1340.809448 1414.959839 1468.251831 1437.541870 1325.620728 1232.582886 1225.353394 1791.957520 1877.422974 2009.802490 2079.458984 2009.802490 1877.422974 1791.957520 1225.353394 1232.582886 1325.620728 1437.541870 1468.251831 1414.959839 1340.809448 -34.027744 -99.200653 -108.682457 -42.503963 46.513695 92.224915 81.705017 -1310.032104 -1369.171875 -1432.904297 -1432.497925 -1355.471191 -1280.285400 -1261.627808,

Auto-correlations of the modulus of each oriented sub-band
 7.200762 8.323062 9.332889 9.716933 9.227996 8.072595 6.698314 8.102307 9.605357 10.889627 11.453568 11.012124 9.700288 8.016070 9.220907 11.606376 13.845390 15.026707 14.458160 12.356957 9.713713 10.335484 13.753331 17.129377 18.641537 17.129377 13.753331 10.335484 9.713713 12.356957 14.458160 15.026707 13.845390 11.606376 9.220907 8.016070 9.700288 11.012124 11.453568 10.889627 9.605357 8.102307 6.698314 8.072595 9.227996 9.716933 9.332889 8.323062 7.200762,
 45.124626 49.542339 55.859047 61.586952 65.033539 67.072212 68.451912 57.906387 67.077217 79.153717 86.701836 86.584137 83.578484 80.965500 73.499207 87.505867 106.719765 116.677460 109.459389 96.887169 88.098587 85.417412 99.495697 120.049835 131.786957 120.049835 99.495697 85.417412 88.098587 96.887169 109.459389 116.677460 106.719765 87.505867 73.499207 80.965500 83.578484 86.584137 86.701836 79.153717 67.077217 57.906387 68.451912 67.072212 65.033539 61.586952 55.859047 49.542339 45.124626,
 233.044922 252.447922 271.536652 279.732727 271.437653 252.875504 234.549408 293.783752 333.521454 376.632782 397.404816 378.675934 335.039825 292.802185 351.700958 418.413055 492.447937 528.494751 494.565002 419.537445 349.773163 375.257263 456.660919 546.902954 590.328125 546.902954 456.660919 375.257263 349.773163 419.537445 494.565002 528.494751 492.447937 418.413055 351.700958 292.802185 335.039825 378.675934 397.404816 376.632782 333.521454 293.783752 234.549408 252.875504 271.437653 279.732727 271.536652 252.447922 233.044922,
 111.063393 114.106178 114.890198 111.030342 102.614929 92.424583 83.786919 132.058685 142.093277 149.770233 149.400024 138.338257 121.098099 105.079308 147.546906 167.282791 186.334686 193.274017 180.099091 154.676559 130.550598 147.738251 174.025177 201.599884 214.567749 201.599884 174.025177 147.738251 130.550598 154.676559 180.099091 193.274017 186.334686 167.282791 147.546906 105.079308 121.098099 138.338257 149.400024 149.770233 142.093277 132.058685 83.786919 92.424583 102.614929 111.030342 114.890198 114.106178 111.063393,
 5.218272 6.264951 7.203403 7.576289 7.142043 6.102317 4.959780 5.448183 6.764205 8.004665 8.566992 8.103964 6.840560 5.423993 6.137275 8.469985 10.912720 12.161985 11.342070 8.991982 6.515133 7.071217 10.364079 13.864521 15.469657 13.864521 10.364079 7.071217 6.515133 8.991982 11.342070 12.161985 10.912720 8.469985 6.137275 5.423993 6.840560 8.103964 8.566992 8.004665 6.764205 5.448183 4.959780 6.102317 7.142043 7.576289 7.203403 6.264951 5.218272,
 12.220615 14.308271 17.055729 19.609709 21.493343 22.892015 23.983288 20.118179 25.854906 31.550043 34.136726 33.622368 32.396408 31.118950 29.641321 39.208084 49.589424 53.502579 48.660576 41.693176 36.266479 36.005253 45.466255 57.319412 63.742184 57.319412 45.466255 36.005253 36.266479 41.693176 48.660576 53.502579 49.589424 39.208084 29.641321 31.118950 32.396408 33.622368 34.136726 31.550043 25.854906 20.118179 23.983288 22.892015 21.493343 19.609709 17.055729 14.308271 12.220615,
 64.298325 66.793861 70.077644 70.087997 64.409737 55.857849 46.734478 87.494377 103.987038 123.417343 132.906647 122.948425 100.613014 78.182350 115.769920 152.374847 194.670639 216.150177 196.930527 153.900543 114.046608 129.976883 177.748245 232.093414 258.909760 232.093414 177.748245 129.976883 114.046608 153.900543 196.930527 216.150177 194.670639 152.374847 115.769920 78.182350 100.613014 122.948425 132.906647 123.417343 103.987038 87.494377 46.734478 55.857849 64.409737 70.087997 70.077644 66.793861 64.298325,
 48.700401 49.089088 49.206081 48.313183 45.848118 42.396172 38.842323 63.299191 68.200134 72.379723 73.161613 68.301460 59.465561 50.934368 75.112717 87.174553 99.193848 104.504036 96.893265 80.982063 66.254684 76.702682 93.423431 111.634781 120.520737 111.634781 93.423431 76.702682 66.254684 80.982063 96.893265 104.504036 99.193848 87.174553 75.112717 50.934368 59.465561 68.301460 73.161613 72.379723 68.200134 63.299191 38.842323 42.396172 45.848118 48.313183 49.206081 49.089088 48.700401,
 2.351459 3.688318 4.960889 5.640547 5.462286 4.490783 3.137192 3.194197 4.636030 5.975758 6.615880 6.248280 5.027117 3.485856 3.837795 5.704562 7.631206 8.560978 7.804721 5.869351 3.851844 4.018421 6.585746 9.365607 10.653938 9.365607 6.585746 4.018421 3.851844 5.869351 7.804721 8.560978 7.631206 5.704562 3.837795 3.485856 5.027117 6.248280 6.615880 5.975758 4.636030 3.194197 3.137192 4.490783 5.462286 5.640547 4.960889 3.688318 2.351459,
 7.396156 8.314570 8.711554 8.845131 8.794029 8.638837 8.266047 9.783298 13.517690 16.219797 16.177034 14.687414 13.227084 11.695499 12.045330 18.242142 24.864922 26.168959 21.616554 16.875038 13.397266 13.364776 19.099161 27.056168 31.795382 27.056168 19.099161 13.364776 13.397266 16.875038 21.616554 26.168959 24.864922 18.242142 12.045330 11.695499 13.227084 14.687414 16.177034 16.219797 13.517690 9.783298 8.266047 8.638837 8.794029 8.845131 8.711554 8.314570 7.396156,
 24.193903 36.045155 50.817608 58.519005 56.818211 51.864674 45.010399 46.408134 65.723946 89.517975 101.914024 94.938934 80.569878 65.893776 70.324249 97.592934 130.417404 147.871735 134.074600 107.332954 83.054642 85.409477 115.329910 150.331757 169.038834 150.331757 115.329910 85.409477 83.054642 107.332954 134.074600 147.871735 130.417404 97.592934 70.324249 65.893776 80.569878 94.938934 101.914024 89.517975 65.723946 46.408134 45.010399 51.864674 56.818211 58.519005 50.817608 36.045155 24.193903,
 16.929977 17.901369 19.157845 20.361626 20.632690 19.814062 18.324894 27.087664 31.456297 35.077919 36.611740 34.888588 31.213869 27.812647 36.260845 44.160080 52.179695 56.191376 52.369576 44.003510 36.840099 40.305527 49.800354 60.834541 66.374680 60.834541 49.800354 40.305527 36.840099 44.003510 52.369576 56.191376 52.179695 44.160080 36.260845 27.812647 31.213869 34.888588 36.611740 35.077919 31.456297 27.087664 18.324894 19.814062 20.632690 20.361626 19.157845 17.901369 16.929977,
 -0.210295 1.408275 2.880310 3.649991 3.327019 1.999808 0.189191 0.336421 2.481144 4.431609 5.480426 5.087906 3.391136 1.140051 1.391676 4.311262 7.140009 8.675017 7.970378 5.390083 2.197699 2.253854 5.902257 9.293069 10.754545 9.293069 5.902257 2.253854 2.197699 5.390083 7.970378 8.675017 7.140009 4.311262 1.391676 1.140051 3.391136 5.087906 5.480426 4.431609 2.481144 0.336421 0.189191 1.999808 3.327019 3.649991 2.880310 1.408275 -0.210295,
 -0.794520 0.041978 1.564869 2.876072 2.724368 0.018006 -2.730319 0.094380 2.315517 5.296480 6.223149 4.830747 2.083399 -0.558429 0.870734 4.133679 9.439667 11.261208 7.605331 3.316549 0.827299 1.193289 4.215272 10.198500 14.124996 10.198500 4.215272 1.193289 0.827299 3.316549 7.605331 11.261208 9.439667 4.133679 0.870734 -0.558429 2.083399 4.830747 6.223149 5.296480 2.315517 0.094380 -2.730319 0.018006 2.724368 2.876072 1.564869 0.041978 -0.794520,
 10.690119 16.065529 20.232452 19.582312 11.075243 0.048387 -7.765538 20.658569 29.534828 38.727943 41.302990 31.786903 17.711617 7.640823 29.075695 41.880157 56.906155 63.613926 53.478367 36.149536 23.020596 31.076984 45.716301 64.048309 73.687943 64.048309 45.716301 31.076984 23.020596 36.149536 53.478367 63.613926 56.906155 41.880157 29.075695 7.640823 17.711617 31.786903 41.302990 38.727943 29.534828 20.658569 -7.765538 0.048387 11.075243 19.582312 20.232452 16.065529 10.690119,
 0.304058 1.178239 1.524175 1.783615 2.414867 2.882771 2.329233 2.262730 3.670397 5.672376 8.275509 10.194628 9.765232 7.290795 5.596212 9.392553 14.554987 19.067238 19.586531 15.543177 10.124617 9.076449 15.102947 21.765614 24.930515 21.765614 15.102947 9.076449 10.124617 15.543177 19.586531 19.067238 14.554987 9.392553 5.596212 7.290795 9.765232 10.194628 8.275509 5.672376 3.670397 2.262730 2.329233 2.882771 2.414867 1.783615 1.524175 1.178239 0.304058,

Pairwise cross-correlations of the modulus of all oriented sub-bands at the same scale (size QxQ)
 18.641541 14.628309 22.485806 25.594877,
 14.628309 131.786972 193.722839 55.449570,
 22.485806 193.722839 590.328247 269.097900,
 25.594877 55.449570 269.097900 214.567780,
 15.469658 11.073672 11.514921 16.417852,
 11.073672 63.742188 71.657997 18.702009,
 11.514921 71.657997 258.909760 123.693077,
 16.417852 18.702009 123.693077 120.520744,
 10.653938 4.234427 3.311589 7.249429,
 4.234427 31.795383 37.923378 14.460451,
 3.311589 37.923378 169.038849 82.732536,
 7.249429 14.460451 82.732536 66.374687,
 10.754545 3.434716 2.313223 7.341167,
 3.434716 14.124997 19.968822 3.967574,
 2.313223 19.968822 73.687943 23.950911,
 7.341167 3.967574 23.950911 24.930513,

Cross-correlations of the modulus of all oriented sub-bands with all oriented sub-bands at the coarser scale (size QxQ)
 12.265574 9.724417 9.222281 16.677269,
 13.318130 46.576523 53.966461 22.117620,
 24.790539 49.209343 133.935028 83.882751,
 21.292030 11.552429 72.155769 71.841530,
 8.549051 6.164631 5.216463 8.909632,
 7.214020 20.420328 24.281521 12.915410,
 11.028254 19.084862 73.791992 41.775108,
 13.122663 5.385437 34.975380 35.013107,
 7.194908 2.601578 0.738876 6.604074,
 2.423753 6.885584 13.408943 7.479668,
 -2.330091 -0.324979 13.827835 13.198869,
 0.733786 -2.747020 -2.938677 11.189893,

Cross-correlations of the real part of each oriented sub-band with both the real and imaginary part of all phase-doubled oriented sub-bands at the next coarser scale (Q matrices of size 1x2Q, which are computed and stored in a matrix of size Qx2Q)
 -1.325460 -3.041339 -2.333326 -3.198064 0.748627 -0.026771 0.035392 -0.521141,
 -2.323589 -30.102751 -25.359076 -6.409655 0.165857 3.939848 2.440872 -1.727516,
 -2.962310 -35.568245 -64.129738 -40.395927 0.187968 4.801716 -2.279804 -7.449403,
 -2.632449 -6.587800 -33.133778 -33.032852 0.485710 0.352569 -2.851384 -4.625406,
 1.113946 -1.244475 -0.460164 0.330871 0.537391 -0.351529 0.593666 0.524808,
 -0.313131 -15.098505 -3.312767 0.040891 0.061691 1.701389 8.908062 2.396576,
 -0.969206 -13.941296 -1.641644 1.225450 -0.069121 5.995245 24.416605 14.060142,
 0.132975 -0.892638 -0.550672 2.410146 -0.062989 1.958961 11.971385 10.483072,
 0.018688 -0.142561 -0.951675 -1.189016 -0.610502 -0.053203 -0.469956 -2.305341,
 0.386249 0.185922 5.625791 0.112617 -0.475808 3.009147 5.262389 1.579773,
 -0.221737 4.119244 10.279638 -3.608863 0.480098 2.514149 21.219883 5.878342,
 -0.367431 1.602108 -1.246570 -5.879347 0.785438 0.194107 10.544933 -2.757255,
