Low-band skewness and kurtosis
 -0.572635 2.151486,
 -0.375553 2.017301,
 -0.265771 1.717887,
 -0.229940 1.645158,
 -0.251350 1.539532,

High-band variance
 954.377319,

Skewness, kurtosis, variance, mean, maximum and minimum of the reconstructed texture
 -0.686260 1.976549 5822.025879 189.746948 255.000000 0.000000,

Auto-correlations of the low-frequency bands at each scale
 1715.791016 1739.642456 1776.416748 1816.625488 1852.114258 1882.996216 1907.697998 1852.513062 1698.008057 1581.400513 1515.978271 1500.233032 1532.312744 1600.546509 3467.297607 3386.134277 3283.548340 3152.883789 2984.971191 2806.939453 2652.600830 4177.134766 4400.800781 4576.809082 4647.531738 4576.809082 4400.800781 4177.134766 2652.600830 2806.939453 2984.971191 3152.883789 3283.548340 3386.134277 3467.297607 1600.546509 1532.312744 1500.233032 1515.978271 1581.400513 1698.008057 1852.513062 1907.697998 1882.996216 1852.114258 1816.625488 1776.416748 1739.642456 1715.791016,
 1817.601562 1848.182739 1890.722046 1934.980713 1968.698608 1990.870239 2003.249512 1861.685913 1775.532349 1717.565918 1691.908081 1693.257324 1724.011597 1781.124634 2656.380615 2629.606445 2587.004883 2516.247803 2410.433105 2303.107422 2228.254150 3001.008057 3147.146484 3272.440918 3325.827881 3272.440918 3147.146484 3001.008057 2228.254150 2303.107422 2410.433105 2516.247803 2587.004883 2629.606445 2656.380615 1781.124634 1724.011597 1693.257324 1691.908081 1717.565918 1775.532349 1861.685913 2003.249512 1990.870239 1968.698608 1934.980713 1890.722046 1848.182739 1817.601562,
 1577.884033 1578.227173 1583.434204 1586.821045 1581.734009 1574.563110 1569.284180 1811.323853 1783.992432 1764.864990 1750.080200 1733.460205 1725.728760 1731.384155 2223.035156 2236.231934 2249.960938 2242.059326 2196.583496 2144.377930 2113.523926 2428.451660 2495.459229 2568.723145 2604.721924 2568.723145 2495.459229 2428.451660 2113.523926 2144.377930 2196.583496 2242.059326 2249.960938 2236.231934 2223.035156 1731.384155 1725.728760 1733.460205 1750.080200 1764.864990 1783.992432 1811.323853 1569.284180 1574.563110 1581.734009 1586.821045 1583.434204 1578.227173 1577.884033,
 588.483398 590.009155 589.172729 580.941223 567.227295 559.144409 558.199951 1261.782104 1267.917236 1275.517944 1271.410034 1249.409058 1228.416016 1217.598511 1917.377930 1940.732300 1966.400513 1970.354492 1935.160522 1889.968872 1857.974609 2174.634766 2220.656738 2273.606445 2301.129639 2273.606445 2220.656738 2174.634766 1857.974609 1889.968872 1935.160522 1970.354492 1966.400513 1940.732300 1917.377930 1217.598511 1228.416016 1249.409058 1271.410034 1275.517944 1267.917236 1261.782104 558.199951 559.144409 567.227295 580.941223 589.172729 590.009155 588.483398,
 -1327.419189 -1337.924316 -1374.518677 -1407.041382 -1397.357300 -1361.657959 -1338.340820 -14.336399 -13.292315 -24.238194 -46.179775 -58.911259 -49.673019 -31.383682 1340.994263 1366.070312 1401.495483 1408.102173 1371.286743 1332.725342 1323.859497 1948.297607 1982.530396 2046.805908 2082.971436 2046.805908 1982.530396 1948.297607 1323.859497 1332.725342 1371.286743 1408.102173 1401.495483 1366.070312 1340.994263 -31.383682 -49.673019 -58.911259 -46.179775 -24.238194 -13.292315 -14.336399 -1338.340820 -1361.657959 -1397.357300 -1407.041382 -1374.518677 -1337.924316 -1327.419189,

Auto-correlations of the modulus of each oriented sub-band
 4.509127 6.103912 7.482957 8.024918 7.431382 5.998153 4.346636 4.971611 6.606642 7.989259 8.509320 7.884252 6.415414 4.713180 5.646284 7.581197 9.282252 10.000754 9.328496 7.595080 5.548672 6.093104 8.452084 10.555377 11.427181 10.555377 8.452084 6.093104 5.548672 7.595080 9.328496 10.000754 9.282252 7.581197 5.646284 4.713180 6.415414 7.884252 8.509320 7.989259 6.606642 4.971611 4.346636 5.998153 7.431382 8.024918 7.482957 6.103912 4.509127,
 25.614994 28.204777 30.820711 32.096428 31.528868 29.828022 28.467411 33.818310 40.038185 47.067936 49.779366 46.927654 41.848991 38.062382 43.066849 53.129925 66.151405 71.694931 65.057137 54.084736 46.509277 48.599686 59.260193 74.514908 82.753410 74.514908 59.260193 48.599686 46.509277 54.084736 65.057137 71.694931 66.151405 53.129925 43.066849 38.062382 41.848991 46.927654 49.779366 47.067936 40.038185 33.818310 28.467411 29.828022 31.528868 32.096428 30.820711 28.204777 25.614994,
 267.188995 271.213379 272.497772 268.116241 256.303864 239.990891 224.100525 359.128357 382.157867 399.148804 400.814636 381.764221 348.340118 312.363464 451.756073 502.259521 544.190063 557.831909 532.067261 479.028320 420.111176 481.906555 549.386658 608.949951 634.195068 608.949951 549.386658 481.906555 420.111176 479.028320 532.067261 557.831909 544.190063 502.259521 451.756073 312.363464 348.340118 381.764221 400.814636 399.148804 382.157867 359.128357 224.100525 239.990891 256.303864 268.116241 272.497772 271.213379 267.188995,
 83.109253 83.261002 82.020096 79.124191 74.982330 70.379807 66.050629 106.656754 110.015587 111.191452 109.405922 104.229767 96.230690 87.386673 127.492744 136.713181 143.630585 145.457520 139.671295 127.718826 114.014656 131.363403 145.640900 157.984680 163.254028 157.984680 145.640900 131.363403 114.014656 127.718826 139.671295 145.457520 143.630585 136.713181 127.492744 87.386673 96.230690 104.229767 109.405922 111.191452 110.015587 106.656754 66.050629 70.379807 74.982330 79.124191 82.020096 83.261002 83.109253,
 3.710012 4.844173 5.804520 6.177645 5.784459 4.849948 3.777340 4.339211 5.665170 6.815605 7.297898 6.865328 5.738621 4.405653 5.071362 6.840064 8.492136 9.263613 8.666370 7.036819 5.199607 5.561755 7.747563 9.848606 10.770828 9.848606 7.747563 5.561755 5.199607 7.036819 8.666370 9.263613 8.492136 6.840064 5.071362 4.405653 5.738621 6.865328 7.297898 6.815605 5.665170 4.339211 3.777340 4.849948 5.784459 6.177645 5.804520 4.844173 3.710012,
 11.048163 12.536530 13.316511 13.387177 12.785334 11.812954 10.496533 16.632795 20.257616 23.014263 22.870800 20.592247 18.546000 16.805605 21.639112 27.074501 33.365803 34.712757 29.814774 24.839996 22.008577 23.784073 28.564949 36.231148 40.942406 36.231148 28.564949 23.784073 22.008577 24.839996 29.814774 34.712757 33.365803 27.074501 21.639112 16.805605 18.546000 20.592247 22.870800 23.014263 20.257616 16.632795 10.496533 11.812954 12.785334 13.387177 13.316511 12.536530 11.048163,
 83.671532 91.134483 97.717911 99.913185 95.473007 87.625114 81.032234 135.518097 153.015167 168.508011 174.419617 165.768478 147.865326 128.820435 185.554764 216.606918 244.076675 255.246323 241.568100 211.876938 179.065903 204.743011 243.406647 278.179749 293.518433 278.179749 243.406647 204.743011 179.065903 211.876938 241.568100 255.246323 244.076675 216.606918 185.554764 128.820435 147.865326 165.768478 174.419617 168.508011 153.015167 135.518097 81.032234 87.625114 95.473007 99.913185 97.717911 91.134483 83.671532,
 38.802605 39.878830 41.056728 41.864418 41.713619 40.211624 37.606773 53.627224 56.655243 59.925983 62.324516 61.652287 57.132828 50.653660 66.048195 72.951149 80.476036 85.325516 82.905067 73.972908 63.652306 70.095032 80.652039 91.448410 96.561813 91.448410 80.652039 70.095032 63.652306 73.972908 82.905067 85.325516 80.476036 72.951149 66.048195 50.653660 57.132828 61.652287 62.324516 59.925983 56.655243 53.627224 37.606773 40.211624 41.713619 41.864418 41.056728 39.878830 38.802605,
 3.236283 4.356524 5.410618 5.887019 5.447262 4.326432 3.079633 3.344829 4.658854 5.941465 6.555465 6.074557 4.791964 3.385439 4.309997 6.233654 8.139955 9.056847 8.357045 6.528169 4.580720 5.259563 7.625525 9.941283 10.959184 9.941283 7.625525 5.259563 4.580720 6.528169 8.357045 9.056847 8.139955 6.233654 4.309997 3.385439 4.791964 6.074557 6.555465 5.941465 4.658854 3.344829 3.079633 4.326432 5.447262 5.887019 5.410618 4.356524 3.236283,
 4.493777 5.667351 6.743357 6.488013 5.367273 4.478367 3.990966 7.321487 9.918955 12.312911 11.916653 9.450850 7.466739 6.549423 9.680547 13.272468 18.009695 18.794754 14.781565 10.933553 9.061271 10.386698 13.481990 18.993795 22.508440 18.993795 13.481990 10.386698 9.061271 10.933553 14.781565 18.794754 18.009695 13.272468 9.680547 6.549423 7.466739 9.450850 11.916653 12.312911 9.918955 7.321487 3.990966 4.478367 5.367273 6.488013 6.743357 5.667351 4.493777,
 5.353107 14.715410 23.679058 27.696102 24.126434 16.394522 9.052105 29.255091 44.863934 58.503952 63.087601 54.618904 39.001850 23.750898 51.842617 75.541122 96.409088 104.076698 92.049500 68.608047 44.648746 58.379524 86.345367 112.319138 123.944199 112.319138 86.345367 58.379524 44.648746 68.608047 92.049500 104.076698 96.409088 75.541122 51.842617 23.750898 39.001850 54.618904 63.087601 58.503952 44.863934 29.255091 9.052105 16.394522 24.126434 27.696102 23.679058 14.715410 5.353107,
 6.915522 7.821059 7.927807 7.785599 7.206953 6.052515 4.804616 13.581147 15.419176 16.770536 17.339502 15.722990 12.115261 8.747464 18.877451 22.836798 27.415636 30.195721 27.351633 20.759310 15.162725 19.571579 25.567116 33.103676 37.166435 33.103676 25.567116 19.571579 15.162725 20.759310 27.351633 30.195721 27.415636 22.836798 18.877451 8.747464 12.115261 15.722990 17.339502 16.770536 15.419176 13.581147 4.804616 6.052515 7.206953 7.785599 7.927807 7.821059 6.915522,
 -0.203322 1.236764 2.628787 3.181093 2.481179 0.990703 -0.364719 0.617155 2.349373 4.044288 4.775053 3.967610 2.099381 0.287437 1.433608 3.784092 6.096838 7.117272 6.034276 3.563668 1.132034 1.719847 4.500704 7.290323 8.535222 7.290323 4.500704 1.719847 1.132034 3.563668 6.034276 7.117272 6.096838 3.784092 1.433608 0.287437 2.099381 3.967610 4.775053 4.044288 2.349373 0.617155 -0.364719 0.990703 2.481179 3.181093 2.628787 1.236764 -0.203322,
 0.932704 1.517111 2.190951 2.059064 1.034317 0.068531 0.087090 0.837545 1.468412 2.600873 2.779970 1.845144 1.054341 0.983835 1.652839 2.917140 5.108486 5.689175 3.837769 2.240285 1.772140 2.059198 3.387149 6.221735 8.165032 6.221735 3.387149 2.059198 1.772140 2.240285 3.837769 5.689175 5.108486 2.917140 1.652839 0.983835 1.054341 1.845144 2.779970 2.600873 1.468412 0.837545 0.087090 0.068531 1.034317 2.059064 2.190951 1.517111 0.932704,
 6.670243 6.430371 6.666455 7.174516 7.359063 7.220833 6.465218 12.035794 13.184536 13.185280 11.319134 7.797024 4.611870 2.716052 19.423351 25.748272 30.164135 29.870110 23.959839 16.145618 9.515994 19.432413 28.973175 37.944061 42.059017 37.944061 28.973175 19.432413 9.515994 16.145618 23.959839 29.870110 30.164135 25.748272 19.423351 2.716052 4.611870 7.797024 11.319134 13.185280 13.184536 12.035794 6.465218 7.220833 7.359063 7.174516 6.666455 6.430371 6.670243,
 0.454799 -0.646398 -0.868983 -0.681516 -1.047005 -1.220269 -0.897032 -0.430145 -0.655170 -0.179300 0.279131 -0.347175 -1.002055 -0.617984 1.147054 2.198657 4.279864 6.440755 5.413339 2.985831 1.994698 3.065959 4.859384 8.529315 11.259281 8.529315 4.859384 3.065959 1.994698 2.985831 5.413339 6.440755 4.279864 2.198657 1.147054 -0.617984 -1.002055 -0.347175 0.279131 -0.179300 -0.655170 -0.430145 -0.897032 -1.220269 -1.047005 -0.681516 -0.868983 -0.646398 0.454799,

Pairwise cross-correlations of the modulus of all oriented sub-bands at the same scale (size QxQ)
 11.427180 7.905195 11.996563 12.856552,
 7.905195 82.753433 183.411942 70.352837,
 11.996563 183.411942 634.195068 284.178131,
 12.856552 70.352837 284.178131 163.254028,
 10.770830 8.404640 12.260835 12.070387,
 8.404640 40.942410 78.869690 31.570963,
 12.260835 78.869690 293.518494 140.294113,
 12.070387 31.570963 140.294113 96.561813,
 10.959185 6.461789 7.515780 9.694184,
 6.461789 22.508442 39.276543 19.174831,
 7.515780 39.276543 123.944199 54.047676,
 9.694184 19.174831 54.047676 37.166435,
 8.535221 2.465239 -3.439049 0.831986,
 2.465239 8.165032 11.144226 4.342505,
 -3.439049 11.144226 42.059013 12.676679,
 0.831986 4.342505 12.676679 11.259281,

Cross-correlations of the modulus of all oriented sub-bands with all oriented sub-bands at the coarser scale (size QxQ)
 8.209034 7.268457 8.855562 12.031011,
 7.278405 19.150892 40.208126 22.333994,
 15.632550 38.168766 130.154541 72.645958,
 12.119988 19.605822 71.609360 51.089008,
 8.428026 5.449170 2.928950 8.100183,
 8.101677 9.476579 9.421991 9.801411,
 15.649557 11.019688 27.850071 24.472767,
 12.639524 5.639373 10.296260 17.171131,
 7.256280 2.043037 -2.558711 2.710922,
 5.443333 2.411944 -0.322438 2.662892,
 6.930111 0.713144 2.959603 5.110651,
 7.889523 2.039097 0.501208 4.384188,

Cross-correlations of the real part of each oriented sub-band with both the real and imaginary part of all phase-doubled oriented sub-bands at the next coarser scale (Q matrices of size 1x2Q, which are computed and stored in a matrix of size Qx2Q)
 -0.978179 -0.484339 -0.603784 -1.055793 0.998888 -0.065134 -0.090270 0.211253,
 -0.432562 -14.294724 -27.402525 -6.690007 0.493401 -3.060861 -3.346649 -0.841268,
 -0.208116 -29.594130 -74.985931 -30.790947 0.006589 -5.057938 -12.884095 -2.485916,
 -0.669261 -8.642893 -30.701714 -20.113712 0.320868 -1.589700 -6.928584 -0.428532,
 -0.038598 -0.503990 -0.090689 0.017173 0.355976 -0.187691 0.035537 0.467746,
 -0.177240 -5.149174 2.818706 2.401688 0.065389 -2.960303 -4.463520 0.235129,
 -0.125003 -4.585901 23.769550 9.136628 0.051928 -5.380522 -7.315041 2.564463,
 -0.025110 0.611351 13.614570 3.934721 0.257562 -1.198003 -0.559227 3.244317,
 0.661445 0.188036 -0.244701 0.344039 0.027498 -0.305038 -0.302781 0.052088,
 0.300124 0.321457 2.090340 -0.866668 0.037801 -1.243681 -5.148020 -1.000469,
 0.206269 4.297644 4.024505 -4.606035 -0.124750 -2.156264 -16.836409 -7.050471,
 0.557532 2.276897 -0.970699 -1.609907 -0.287742 -1.001594 -9.074333 -5.023921,
