Low-band skewness and kurtosis
 -0.495117 2.157026,
 -0.394563 2.324834,
 -0.260322 2.330324,
 0.060865 1.809303,
 0.225758 1.627870,

High-band variance
 992.102417,

Skewness, kurtosis, variance, mean, maximum and minimum of the reconstructed texture
 -0.644341 1.965571 5601.500488 188.537354 255.000000 4.000000,

Auto-correlations of the low-frequency bands at each scale
 988.485229 962.969543 953.133301 952.013916 950.804932 948.743103 945.947754 953.682617 845.800049 768.827820 741.194824 766.749451 843.627197 955.606201 2610.278809 2658.023926 2686.589844 2685.988281 2651.318359 2606.329590 2572.979004 3928.254883 4147.524414 4319.012695 4387.078125 4319.012695 4147.524414 3928.254883 2572.979004 2606.329590 2651.318359 2685.988281 2686.589844 2658.023926 2610.278809 955.606201 843.627197 766.749451 741.194824 768.827820 845.800049 953.682617 945.947754 948.743103 950.804932 952.013916 953.133301 962.969543 988.485229,
 818.841187 790.887146 768.883301 755.594910 751.772705 752.779114 752.473022 957.157227 853.810608 772.282410 727.526184 723.936218 757.569275 813.603760 1826.022217 1853.100220 1877.794678 1882.847778 1857.027588 1820.013062 1790.519531 2559.141357 2709.141846 2835.525879 2888.354980 2835.525879 2709.141846 2559.141357 1790.519531 1820.013062 1857.027588 1882.847778 1877.794678 1853.100220 1826.022217 813.603760 757.569275 723.936218 727.526184 772.282410 853.810608 957.157227 752.473022 752.779114 751.772705 755.594910 768.883301 790.887146 818.841187,
 791.764709 785.284546 785.167297 796.698608 823.765564 859.520874 892.510925 788.467590 724.170715 674.166870 652.145752 662.175049 697.835876 747.096619 1385.409424 1379.524170 1373.110596 1355.631592 1315.976318 1268.648193 1231.658447 1813.528320 1902.234985 1982.985107 2018.678223 1982.985107 1902.234985 1813.528320 1231.658447 1268.648193 1315.976318 1355.631592 1373.110596 1379.524170 1385.409424 747.096619 697.835876 662.175049 652.145752 674.166870 724.170715 788.467590 892.510925 859.520874 823.765564 796.698608 785.167297 785.284546 791.764709,
 384.427887 389.076904 394.071259 398.278442 399.690704 399.566101 399.590607 747.806030 723.730164 705.814575 698.872314 702.916992 717.535339 738.805908 1126.613281 1121.111572 1118.021606 1113.312622 1102.276001 1091.315674 1086.731934 1314.384155 1352.329102 1387.608887 1403.229980 1387.608887 1352.329102 1314.384155 1086.731934 1091.315674 1102.276001 1113.312622 1118.021606 1121.111572 1126.613281 738.805908 717.535339 702.916992 698.872314 705.814575 723.730164 747.806030 399.590607 399.566101 399.690704 398.278442 394.071259 389.076904 384.427887,
 -804.360291 -804.372559 -808.663208 -814.106567 -816.466187 -814.608643 -810.873352 -69.006508 -68.124016 -70.792358 -75.821289 -79.978561 -79.585045 -75.792610 809.349060 812.749878 815.608032 814.897949 809.749146 805.873169 805.656799 1218.123169 1223.802246 1231.895264 1236.386841 1231.895264 1223.802246 1218.123169 805.656799 805.873169 809.749146 814.897949 815.608032 812.749878 809.349060 -75.792610 -79.585045 -79.978561 -75.821289 -70.792358 -68.124016 -69.006508 -810.873352 -814.608643 -816.466187 -814.106567 -808.663208 -804.372559 -804.360291,

Auto-correlations of the modulus of each oriented sub-band
 3.089681 4.209435 5.182440 5.557045 5.108553 4.049892 2.838053 3.641302 4.892961 5.957288 6.351651 5.857905 4.713024 3.384318 4.283709 5.866218 7.251749 7.870051 7.365891 5.949740 4.232980 4.614474 6.582983 8.399529 9.175061 8.399529 6.582983 4.614474 4.232980 5.949740 7.365891 7.870051 7.251749 5.866218 4.283709 3.384318 4.713024 5.857905 6.351651 5.957288 4.892961 3.641302 2.838053 4.049892 5.108553 5.557045 5.182440 4.209435 3.089681,
 27.784027 30.192894 32.360115 33.619778 33.704910 33.299454 33.128613 44.735386 50.860249 56.638779 59.186005 57.851143 54.863171 52.169567 64.264679 74.508980 85.199547 89.753616 85.400749 77.252235 70.029327 75.448082 86.418259 98.753792 104.931351 98.753792 86.418259 75.448082 70.029327 77.252235 85.400749 89.753616 85.199547 74.508980 64.264679 52.169567 54.863171 57.851143 59.186005 56.638779 50.860249 44.735386 33.128613 33.299454 33.704910 33.619778 32.360115 30.192894 27.784027,
 194.868362 204.717987 212.148254 213.430298 207.002899 196.192871 185.725021 307.436279 335.976624 359.523773 366.503845 351.153778 321.299500 289.759644 421.600037 476.568115 524.296204 541.901001 516.934509 463.969116 406.525757 466.279755 535.742676 598.714233 625.928894 598.714233 535.742676 466.279755 406.525757 463.969116 516.934509 541.901001 524.296204 476.568115 421.600037 289.759644 321.299500 351.153778 366.503845 359.523773 335.976624 307.436279 185.725021 196.192871 207.002899 213.430298 212.148254 204.717987 194.868362,
 46.619926 46.732239 46.286774 44.668198 41.532242 37.779045 34.688759 66.946205 70.962318 74.124344 74.333054 69.909073 62.048611 54.087563 84.350647 94.355377 103.968636 108.047516 102.097527 88.995728 75.653412 88.372780 102.860550 117.514046 124.318932 117.514046 102.860550 88.372780 75.653412 88.995728 102.097527 108.047516 103.968636 94.355377 84.350647 54.087563 62.048611 69.909073 74.333054 74.124344 70.962318 66.946205 34.688759 37.779045 41.532242 44.668198 46.286774 46.732239 46.619926,
 1.827865 2.498663 3.127540 3.411474 3.173368 2.533394 1.809639 2.025400 2.764003 3.431189 3.730706 3.497222 2.850656 2.095131 2.711512 3.916513 5.041822 5.528105 5.082605 3.972348 2.753250 3.188284 4.823188 6.449854 7.172449 6.449854 4.823188 3.188284 2.753250 3.972348 5.082605 5.528105 5.041822 3.916513 2.711512 2.095131 2.850656 3.497222 3.730706 3.431189 2.764003 2.025400 1.809639 2.533394 3.173368 3.411474 3.127540 2.498663 1.827865,
 9.156217 12.192268 14.930315 16.550751 17.073641 16.905157 16.335033 17.766094 24.095875 29.504795 31.511440 30.533272 28.554646 26.512753 29.956200 39.578403 48.876907 52.123367 48.129211 41.679302 36.137962 38.002178 47.393738 57.892967 63.067757 57.892967 47.393738 38.002178 36.137962 41.679302 48.129211 52.123367 48.876907 39.578403 29.956200 26.512753 28.554646 30.533272 31.511440 29.504795 24.095875 17.766094 16.335033 16.905157 17.073641 16.550751 14.930315 12.192268 9.156217,
 50.921715 58.433525 68.051086 74.596230 74.103134 68.140198 59.811958 94.145370 117.826073 142.928940 157.713379 154.314285 137.555359 116.158325 162.957458 206.813599 249.832367 271.822296 259.844025 224.214722 182.692413 206.203949 259.382874 308.687195 330.251160 308.687195 259.382874 206.203949 182.692413 224.214722 259.844025 271.822296 249.832367 206.813599 162.957458 116.158325 137.555359 154.314285 157.713379 142.928940 117.826073 94.145370 59.811958 68.140198 74.103134 74.596230 68.051086 58.433525 50.921715,
 16.510765 17.416822 18.274092 18.821259 18.881353 18.218645 16.688557 25.691994 28.869780 32.105305 34.305855 33.606129 29.626101 24.538048 35.611645 42.563374 50.386211 55.278561 52.268269 43.107220 33.998333 39.229492 49.217255 60.536064 66.213249 60.536064 49.217255 39.229492 33.998333 43.107220 52.268269 55.278561 50.386211 42.563374 35.611645 24.538048 29.626101 33.606129 34.305855 32.105305 28.869780 25.691994 16.688557 18.218645 18.881353 18.821259 18.274092 17.416822 16.510765,
 1.112509 1.487275 1.775129 1.863326 1.726748 1.418254 1.039688 1.369152 1.756263 2.038575 2.111284 1.922718 1.525376 1.090795 1.760525 2.475675 3.094321 3.302825 2.932592 2.194928 1.496699 1.980787 3.073130 4.218829 4.752371 4.218829 3.073130 1.980787 1.496699 2.194928 2.932592 3.302825 3.094321 2.475675 1.760525 1.090795 1.525376 1.922718 2.111284 2.038575 1.756263 1.369152 1.039688 1.418254 1.726748 1.863326 1.775129 1.487275 1.112509,
 5.555416 9.631637 12.937012 13.754044 11.652138 8.039479 5.165178 9.669716 15.653220 21.109917 22.590475 19.776382 15.343791 11.489088 14.210880 21.746948 30.085791 32.982689 28.494883 21.778809 16.548626 17.319569 24.366966 33.472717 38.322582 33.472717 24.366966 17.319569 16.548626 21.778809 28.494883 32.982689 30.085791 21.746948 14.210880 11.489088 15.343791 19.776382 22.590475 21.109917 15.653220 9.669716 5.165178 8.039479 11.652138 13.754044 12.937012 9.631637 5.555416,
 34.725246 46.287720 55.217449 59.051468 57.971592 55.677101 54.515263 79.681335 99.270050 115.673615 122.830315 118.568512 108.779846 99.054749 121.988327 150.352798 176.059555 187.448059 177.877335 156.525620 134.464432 144.324570 174.690186 203.764954 217.026505 203.764954 174.690186 144.324570 134.464432 156.525620 177.877335 187.448059 176.059555 150.352798 121.988327 99.054749 108.779846 118.568512 122.830315 115.673615 99.270050 79.681335 54.515263 55.677101 57.971592 59.051468 55.217449 46.287720 34.725246,
 2.313174 2.922324 4.978122 7.881040 9.802610 10.736231 12.022931 10.972979 12.946285 16.319147 19.942635 21.340834 20.465317 19.573832 19.983082 23.656218 29.045702 33.595985 33.028160 28.576143 24.825081 25.216061 29.977831 36.611229 40.269348 36.611229 29.977831 25.216061 24.825081 28.576143 33.028160 33.595985 29.045702 23.656218 19.983082 19.573832 20.465317 21.340834 19.942635 16.319147 12.946285 10.972979 12.022931 10.736231 9.802610 7.881040 4.978122 2.922324 2.313174,
 0.011482 0.189397 0.417295 0.472924 0.290643 0.013044 -0.182817 0.057715 0.259101 0.541263 0.641238 0.475355 0.179140 -0.021262 0.273345 0.552031 0.979746 1.160018 0.899034 0.453103 0.171438 0.380107 0.742017 1.322375 1.635469 1.322375 0.742017 0.380107 0.171438 0.453103 0.899034 1.160018 0.979746 0.552031 0.273345 -0.021262 0.179140 0.475355 0.641238 0.541263 0.259101 0.057715 -0.182817 0.013044 0.290643 0.472924 0.417295 0.189397 0.011482,
 -1.894362 -1.143699 -0.552628 -0.367698 -0.703786 -1.560586 -2.584362 -0.077734 1.369260 2.423396 2.329383 1.570400 0.641886 -0.532188 1.889243 4.215313 6.631417 6.906839 4.995496 3.049490 1.701636 2.565800 4.713876 7.812592 9.614431 7.812592 4.713876 2.565800 1.701636 3.049490 4.995496 6.906839 6.631417 4.215313 1.889243 -0.532188 0.641886 1.570400 2.329383 2.423396 1.369260 -0.077734 -2.584362 -1.560586 -0.703786 -0.367698 -0.552628 -1.143699 -1.894362,
 -0.911384 -0.868886 -1.554719 -3.108445 -5.087237 -5.779293 -4.348968 3.355286 7.279670 10.986515 11.381476 6.810621 0.948018 -2.592508 8.549976 17.847015 27.920565 31.864187 24.870565 13.264206 3.914926 9.470308 21.442074 35.241192 42.293716 35.241192 21.442074 9.470308 3.914926 13.264206 24.870565 31.864187 27.920565 17.847015 8.549976 -2.592508 0.948018 6.810621 11.381476 10.986515 7.279670 3.355286 -4.348968 -5.779293 -5.087237 -3.108445 -1.554719 -0.868886 -0.911384,
 -2.633455 -1.203589 -0.006155 0.506978 0.006010 -1.232972 -2.430087 -1.207940 1.124730 3.222403 4.308650 3.628603 1.550079 -0.537834 1.843419 5.260269 8.528800 10.412502 9.209281 5.799098 2.447323 3.681052 7.691731 11.813351 13.895399 11.813351 7.691731 3.681052 2.447323 5.799098 9.209281 10.412502 8.528800 5.260269 1.843419 -0.537834 1.550079 3.628603 4.308650 3.222403 1.124730 -1.207940 -2.430087 -1.232972 0.006010 0.506978 -0.006155 -1.203589 -2.633455,

Pairwise cross-correlations of the modulus of all oriented sub-bands at the same scale (size QxQ)
 9.175062 5.390270 4.707990 8.300549,
 5.390270 104.931351 213.533890 62.862209,
 4.707990 213.533890 625.928955 227.558655,
 8.300549 62.862209 227.558655 124.318954,
 7.172450 6.871394 6.010434 6.652133,
 6.871394 63.067757 113.943069 34.281441,
 6.010434 113.943069 330.251160 114.496445,
 6.652133 34.281441 114.496445 66.213249,
 4.752372 4.295501 2.385871 3.134017,
 4.295501 38.322578 67.859489 19.795574,
 2.385871 67.859489 217.026520 69.643944,
 3.134017 19.795574 69.643944 40.269348,
 1.635469 1.265435 2.253377 2.035787,
 1.265435 9.614432 9.810810 0.749813,
 2.253377 9.810810 42.293720 14.435525,
 2.035787 0.749813 14.435525 13.895401,

Cross-correlations of the modulus of all oriented sub-bands with all oriented sub-bands at the coarser scale (size QxQ)
 6.051965 5.416932 1.097589 5.916477,
 6.462967 20.140331 34.557049 16.606113,
 12.903233 35.303333 76.638588 37.712543,
 9.435266 14.409865 28.423185 24.512640,
 3.576501 4.668803 0.886190 4.529499,
 4.705871 6.440868 0.653426 5.151804,
 4.877437 7.467646 19.700993 11.825642,
 3.980655 5.779190 8.487427 9.580025,
 1.443241 2.377864 2.389096 1.580410,
 2.674529 2.039378 -0.673590 5.502065,
 3.858770 -4.115474 4.345031 17.178646,
 2.852569 0.539425 3.623092 8.529402,

Cross-correlations of the real part of each oriented sub-band with both the real and imaginary part of all phase-doubled oriented sub-bands at the next coarser scale (Q matrices of size 1x2Q, which are computed and stored in a matrix of size Qx2Q)
 -0.902681 -0.734314 -0.840527 -1.617779 0.408999 -0.326534 -0.020409 0.128031,
 -0.469489 -22.043533 -32.422749 -8.371649 -0.069847 -4.480386 -10.616081 -4.365360,
 -0.654212 -40.147308 -75.700905 -36.435566 -0.153000 -10.542876 -37.043495 -14.206133,
 -1.078021 -9.585457 -27.224396 -23.598227 0.103791 -3.667663 -16.052698 -5.566165,
 0.016514 -0.435229 -0.205884 -0.347280 0.642638 -0.543900 0.033258 -0.229573,
 -0.040615 -9.386871 -6.108424 -2.823953 0.127754 -9.509457 -8.122455 -0.339667,
 -0.125412 -10.120033 -15.974767 -12.873310 0.030610 -12.651940 -18.512508 -0.527656,
 -0.148385 -0.293749 -7.618692 -7.885373 0.312956 -2.188632 -5.478117 -0.555968,
 0.079355 0.142590 -0.100869 -0.736270 0.385026 0.195901 0.194679 0.093028,
 -0.184168 -3.302403 -5.753040 -3.217664 0.250630 -3.485581 -3.201225 -0.951868,
 -0.252679 -8.175804 -16.472408 -15.013287 -0.331714 -4.697387 -5.710695 0.152949,
 -0.027818 -2.224178 -7.681459 -10.312567 -0.157562 -0.181105 -0.218901 2.151319,
