Low-band skewness and kurtosis
 -0.634469 2.238810,
 -0.556459 2.244957,
 -0.549506 2.121837,
 -0.446151 1.862708,
 -0.420976 1.760712,

High-band variance
 909.918945,

Skewness, kurtosis, variance, mean, maximum and minimum of the reconstructed texture
 -0.743187 2.073000 5964.984375 190.312134 255.000000 1.000000,

Auto-correlations of the low-frequency bands at each scale
 1852.144531 1792.663574 1776.304077 1787.801270 1807.608276 1833.578125 1871.645508 2319.120361 2074.544678 1867.106567 1745.595337 1723.700073 1796.030273 1931.125732 3556.928467 3579.512207 3549.732178 3456.070068 3297.441162 3125.830078 2987.139893 4058.313477 4428.476074 4733.949707 4858.435547 4733.949707 4428.476074 4058.313477 2987.139893 3125.830078 3297.441162 3456.070068 3549.732178 3579.512207 3556.928467 1931.125732 1796.030273 1723.700073 1745.595337 1867.106567 2074.544678 2319.120361 1871.645508 1833.578125 1807.608276 1787.801270 1776.304077 1792.663574 1852.144531,
 1920.827515 1911.308594 1934.505127 1973.792236 2008.523926 2028.409424 2030.985962 2042.443481 1903.519775 1802.375977 1764.132202 1789.637207 1872.637939 1986.517456 2738.307617 2763.201904 2752.876953 2691.659424 2579.874512 2474.551025 2418.710938 3030.818359 3268.540283 3479.229980 3569.463379 3479.229980 3268.540283 3030.818359 2418.710938 2474.551025 2579.874512 2691.659424 2752.876953 2763.201904 2738.307617 1986.517456 1872.637939 1789.637207 1764.132202 1802.375977 1903.519775 2042.443481 2030.985962 2028.409424 2008.523926 1973.792236 1934.505127 1911.308594 1920.827515,
 1719.675415 1687.684937 1655.463257 1636.884521 1642.359497 1665.341675 1691.612427 1974.597534 1909.984985 1855.264648 1824.635742 1826.047363 1860.341431 1910.355591 2306.605713 2330.135010 2355.467773 2356.003418 2313.792969 2259.294189 2216.739502 2461.497070 2585.759521 2706.663330 2762.074707 2706.663330 2585.759521 2461.497070 2216.739502 2259.294189 2313.792969 2356.003418 2355.467773 2330.135010 2306.605713 1910.355591 1860.341431 1826.047363 1824.635742 1855.264648 1909.984985 1974.597534 1691.612427 1665.341675 1642.359497 1636.884521 1655.463257 1687.684937 1719.675415,
 657.942932 657.147217 659.002808 654.265930 642.101440 631.869141 631.495056 1421.898560 1395.265747 1375.747559 1369.017822 1375.976074 1395.715942 1419.183472 2042.988892 2052.663086 2062.043457 2057.953125 2032.117432 2001.825928 1981.793823 2237.046143 2301.266357 2370.887695 2403.536133 2370.887695 2301.266357 2237.046143 1981.793823 2001.825928 2032.117432 2057.953125 2062.043457 2052.663086 2042.988892 1419.183472 1395.715942 1375.976074 1369.017822 1375.747559 1395.265747 1421.898560 631.495056 631.869141 642.101440 654.265930 659.002808 657.147217 657.942932,
 -1422.841675 -1423.564331 -1440.890991 -1464.881470 -1470.005981 -1453.831177 -1436.622192 -128.977478 -122.882553 -131.762253 -157.107437 -176.551590 -171.598984 -153.215149 1436.785400 1456.897583 1474.448608 1468.970825 1441.558228 1420.119019 1417.568604 2159.716797 2187.279541 2227.292480 2248.165527 2227.292480 2187.279541 2159.716797 1417.568604 1420.119019 1441.558228 1468.970825 1474.448608 1456.897583 1436.785400 -153.215149 -171.598984 -176.551590 -157.107437 -131.762253 -122.882553 -128.977478 -1436.622192 -1453.831177 -1470.005981 -1464.881470 -1440.890991 -1423.564331 -1422.841675,

Auto-correlations of the modulus of each oriented sub-band
 5.443166 7.034014 8.396422 8.924241 8.298722 6.793701 5.053795 6.326142 8.115141 9.667716 10.233148 9.489337 7.789550 5.820021 7.443304 9.773016 11.803410 12.775113 12.095280 9.942776 7.241543 7.851430 10.999640 14.105947 15.489437 14.105947 10.999640 7.851430 7.241543 9.942776 12.095280 12.775113 11.803410 9.773016 7.443304 5.820021 7.789550 9.489337 10.233148 9.667716 8.115141 6.326142 5.053795 6.793701 8.298722 8.924241 8.396422 7.034014 5.443166,
 33.016258 36.711411 41.899136 47.595757 51.728573 54.145195 55.856903 48.750198 56.450203 66.130501 73.213585 74.640450 73.356529 72.153366 66.867294 78.736916 94.433655 103.224228 98.248535 88.873650 82.368546 80.280243 91.817818 108.514572 118.209274 108.514572 91.817818 80.280243 82.368546 88.873650 98.248535 103.224228 94.433655 78.736916 66.867294 72.153366 73.356529 74.640450 73.213585 66.130501 56.450203 48.750198 55.856903 54.145195 51.728573 47.595757 41.899136 36.711411 33.016258,
 175.439133 192.973663 209.492172 218.118683 216.735458 209.986908 202.055222 243.547134 279.732605 316.994690 335.047974 323.150146 293.657349 263.437500 314.966888 377.324768 443.355164 474.867737 447.505066 385.955383 326.261383 350.180603 425.314758 505.303497 543.184814 505.303497 425.314758 350.180603 326.261383 385.955383 447.505066 474.867737 443.355164 377.324768 314.966888 263.437500 293.657349 323.150146 335.047974 316.994690 279.732605 243.547134 202.055222 209.986908 216.735458 218.118683 209.492172 192.973663 175.439133,
 81.347176 81.235291 79.894135 76.336784 70.635895 64.568512 59.577843 106.587982 111.681862 114.423454 111.975044 102.750389 90.047630 78.642151 125.052994 138.965118 151.446030 155.100159 143.659439 123.418480 104.687851 124.448807 144.881699 166.254944 176.607880 166.254944 144.881699 124.448807 104.687851 123.418480 143.659439 155.100159 151.446030 138.965118 125.052994 78.642151 90.047630 102.750389 111.975044 114.423454 111.681862 106.587982 59.577843 64.568512 70.635895 76.336784 79.894135 81.235291 81.347176,
 4.431742 5.919737 7.209203 7.693632 7.089360 5.671376 4.056844 4.876759 6.631216 8.196443 8.882977 8.303061 6.705898 4.814264 5.778882 8.304094 10.737375 11.931488 11.131056 8.788683 6.118281 6.682191 9.922602 13.080879 14.467505 13.080879 9.922602 6.682191 6.118281 8.788683 11.131056 11.931488 10.737375 8.304094 5.778882 4.814264 6.705898 8.303061 8.882977 8.196443 6.631216 4.876759 4.056844 5.671376 7.089360 7.693632 7.209203 5.919737 4.431742,
 8.953321 11.935595 14.269029 15.210859 15.517180 15.722910 15.661750 15.710618 22.233294 28.138969 29.453873 27.615723 25.931730 24.560444 24.635159 33.865170 44.544350 47.998993 42.354477 35.588871 31.107906 31.165272 39.415131 51.087826 57.764965 51.087826 39.415131 31.165272 31.107906 35.588871 42.354477 47.998993 44.544350 33.865170 24.635159 24.560444 25.931730 27.615723 29.453873 28.138969 22.233294 15.710618 15.661750 15.722910 15.517180 15.210859 14.269029 11.935595 8.953321,
 87.338608 97.136375 103.620949 102.050369 92.379295 79.984138 69.841507 113.966309 143.579803 168.483856 173.502487 153.838104 122.070442 94.055252 139.136963 191.499130 241.333588 259.060242 229.999481 175.494949 125.052269 144.978546 207.113403 271.259613 300.877808 271.259613 207.113403 144.978546 125.052269 175.494949 229.999481 259.060242 241.333588 191.499130 139.136963 94.055252 122.070442 153.838104 173.502487 168.483856 143.579803 113.966309 69.841507 79.984138 92.379295 102.050369 103.620949 97.136375 87.338608,
 50.484734 53.233768 53.116035 50.398155 46.429367 42.026318 37.723038 60.804726 67.443062 71.192719 71.127739 66.016922 56.685490 47.094833 67.845520 80.423584 92.359840 97.902641 90.725182 74.500610 58.734604 67.233246 84.416107 102.842010 111.729836 102.842010 84.416107 67.233246 58.734604 74.500610 90.725182 97.902641 92.359840 80.423584 67.845520 47.094833 56.685490 66.016922 71.127739 71.192719 67.443062 60.804726 37.723038 42.026318 46.429367 50.398155 53.116035 53.233768 50.484734,
 2.200063 3.093761 3.957542 4.387867 4.148073 3.323747 2.305903 2.832014 3.858238 4.909860 5.501740 5.262359 4.249856 2.964223 3.609562 5.264194 6.959732 7.821263 7.229525 5.564513 3.775333 4.444247 6.859581 9.342852 10.475148 9.342852 6.859581 4.444247 3.775333 5.564513 7.229525 7.821263 6.959732 5.264194 3.609562 2.964223 4.249856 5.262359 5.501740 4.909860 3.858238 2.832014 2.305903 3.323747 4.148073 4.387867 3.957542 3.093761 2.200063,
 4.916862 7.313012 9.658448 10.914381 10.745547 9.485538 7.663270 8.174841 12.928188 17.517273 19.433289 18.505959 16.086178 12.907852 13.268765 19.892792 27.129078 30.043238 27.119884 22.053253 16.961571 17.136433 23.795433 31.393269 35.416328 31.393269 23.795433 17.136433 16.961571 22.053253 27.119884 30.043238 27.129078 19.892792 13.268765 12.907852 16.086178 18.505959 19.433289 17.517273 12.928188 8.174841 7.663270 9.485538 10.745547 10.914381 9.658448 7.313012 4.916862,
 5.651821 5.922067 8.148625 10.731823 10.876859 12.377035 15.993780 22.632854 32.775955 45.370804 52.706730 48.280548 41.293251 37.591545 44.967709 65.392517 90.839874 104.714432 92.808411 71.747681 56.299564 59.795891 83.133881 113.472832 130.512207 113.472832 83.133881 59.795891 56.299564 71.747681 92.808411 104.714432 90.839874 65.392517 44.967709 37.591545 41.293251 48.280548 52.706730 45.370804 32.775955 22.632854 15.993780 12.377035 10.876859 10.731823 8.148625 5.922067 5.651821,
 11.057770 13.242840 15.054603 15.634058 14.368943 11.637486 9.227163 18.919889 22.488262 25.985392 27.813398 26.007944 21.507561 17.387217 26.242329 32.339615 39.577625 43.785057 40.633022 32.817871 25.812401 29.281891 37.405334 47.257862 52.313377 47.257862 37.405334 29.281891 25.812401 32.817871 40.633022 43.785057 39.577625 32.339615 26.242329 17.387217 21.507561 26.007944 27.813398 25.985392 22.488262 18.919889 9.227163 11.637486 14.368943 15.634058 15.054603 13.242840 11.057770,
 0.101612 0.363243 0.525068 0.564913 0.500049 0.349753 0.132668 0.996507 1.569638 1.891828 1.804203 1.358164 0.783425 0.300435 1.692494 2.901186 3.887149 4.136065 3.496219 2.383081 1.336562 2.062151 3.635876 5.146276 5.802568 5.146276 3.635876 2.062151 1.336562 2.383081 3.496219 4.136065 3.887149 2.901186 1.692494 0.300435 0.783425 1.358164 1.804203 1.891828 1.569638 0.996507 0.132668 0.349753 0.500049 0.564913 0.525068 0.363243 0.101612,
 -1.999361 -1.141738 -0.602436 -0.444403 -0.136232 0.654314 1.517789 -0.518214 1.057813 2.399034 3.003007 3.164860 3.589987 4.111111 2.350010 5.015976 7.710728 8.941164 8.244892 6.910203 5.690313 5.069406 7.877196 10.929675 12.454225 10.929675 7.877196 5.069406 5.690313 6.910203 8.244892 8.941164 7.710728 5.015976 2.350010 4.111111 3.589987 3.164860 3.003007 2.399034 1.057813 -0.518214 1.517789 0.654314 -0.136232 -0.444403 -0.602436 -1.141738 -1.999361,
 1.181342 -2.062871 -5.109232 -5.696326 -8.614024 -10.564990 -10.070708 9.903665 9.987600 11.826145 12.009974 4.373245 -1.933404 -2.304249 14.491303 18.782112 29.480291 34.990643 22.998549 10.068628 6.700164 12.930200 18.736656 34.880180 46.618843 34.880180 18.736656 12.930200 6.700164 10.068628 22.998549 34.990643 29.480291 18.782112 14.491303 -2.304249 -1.933404 4.373245 12.009974 11.826145 9.987600 9.903665 -10.070708 -10.564990 -8.614024 -5.696326 -5.109232 -2.062871 1.181342,
 0.120648 1.549680 2.069718 1.580788 0.003280 -2.157965 -3.958678 5.527949 7.030835 7.571636 7.349166 5.743981 2.860450 -0.177675 8.430504 11.051970 13.762197 15.453103 13.779445 9.383957 4.824248 8.105106 12.518225 17.449337 19.937424 17.449337 12.518225 8.105106 4.824248 9.383957 13.779445 15.453103 13.762197 11.051970 8.430504 -0.177675 2.860450 5.743981 7.349166 7.571636 7.030835 5.527949 -3.958678 -2.157965 0.003280 1.580788 2.069718 1.549680 0.120648,

Pairwise cross-correlations of the modulus of all oriented sub-bands at the same scale (size QxQ)
 15.489436 10.768733 15.800731 15.841777,
 10.768733 118.209290 178.535202 43.334057,
 15.800731 178.535202 543.184814 235.243881,
 15.841777 43.334057 235.243881 176.607880,
 14.467506 9.522568 17.144331 14.824979,
 9.522568 57.764977 84.902679 21.030716,
 17.144331 84.902679 300.877838 134.726929,
 14.824979 21.030716 134.726929 111.729851,
 10.475147 6.554064 1.781828 9.117123,
 6.554064 35.416328 36.789486 16.682142,
 1.781828 36.789486 130.512222 52.236607,
 9.117123 16.682142 52.236607 52.313385,
 5.802568 3.083100 0.954226 3.820338,
 3.083100 12.454226 13.094660 4.983632,
 0.954226 13.094660 46.618847 17.530880,
 3.820338 4.983632 17.530880 19.937428,

Cross-correlations of the modulus of all oriented sub-bands with all oriented sub-bands at the coarser scale (size QxQ)
 10.914793 8.321873 11.981364 12.204258,
 9.752577 32.570099 33.727573 7.070825,
 18.885273 49.539997 122.165817 66.475464,
 14.536556 18.165848 79.288719 65.970589,
 8.690529 8.321926 2.964854 10.155852,
 6.618091 15.046666 20.496218 12.857994,
 16.727880 21.164339 50.285824 33.141151,
 11.140547 5.863214 18.647018 24.504204,
 4.850015 3.939336 1.280430 6.693104,
 1.946278 6.425909 3.376024 5.045550,
 -0.667089 9.426357 21.292589 9.388901,
 2.084744 8.663852 9.903545 13.898363,

Cross-correlations of the real part of each oriented sub-band with both the real and imaginary part of all phase-doubled oriented sub-bands at the next coarser scale (Q matrices of size 1x2Q, which are computed and stored in a matrix of size Qx2Q)
 -0.661017 -1.311432 -1.980435 -2.364780 1.654935 0.450248 0.298640 0.315117,
 -0.572393 -28.110708 -33.770565 -11.233246 0.457444 4.313390 2.618998 -0.908028,
 -1.812674 -44.162834 -93.102608 -58.111256 -0.276827 5.286934 2.334118 -1.326551,
 -2.047528 -9.700800 -45.196907 -40.901318 0.368226 0.452594 0.337573 1.392632,
 -1.054671 -0.759422 -0.351687 -1.144237 1.277958 0.265953 0.513429 0.193363,
 -0.582552 -10.271667 4.426338 3.155896 0.300192 0.360990 2.793391 2.603376,
 -0.578751 -7.863560 42.383656 12.270928 -0.261936 1.197777 21.234285 16.610226,
 -0.996749 1.640778 24.387388 3.634587 0.378297 1.145290 14.736160 11.506312,
 -0.433107 0.050471 0.112334 0.257250 0.736737 0.122322 0.121957 -0.316020,
 -0.255020 -2.514512 -5.431516 -1.874873 0.107959 -0.131408 4.277126 1.176775,
 0.267327 -6.149169 -18.248859 -7.347208 -0.022757 1.109578 14.823711 6.182103,
 0.296294 -2.329837 -8.251867 -2.693556 0.554336 1.186681 7.437029 3.255440,
