Low-band skewness and kurtosis
 -0.534149 2.309871,
 -0.506687 2.712732,
 -0.577107 2.971392,
 -0.454840 2.025862,
 -0.238571 1.859315,

High-band variance
 946.909485,

Skewness, kurtosis, variance, mean, maximum and minimum of the reconstructed texture
 -0.637582 1.982054 5454.018555 188.500000 255.000000 4.000000,

Auto-correlations of the low-frequency bands at each scale
 625.770813 626.304199 626.889771 629.000000 631.953125 636.039551 639.432800 348.082397 323.147186 313.885376 322.029022 345.129517 385.357452 440.875488 2328.276611 2353.445312 2380.927246 2400.126953 2400.523438 2392.896484 2388.250732 4088.205078 4171.603516 4237.759277 4265.350586 4237.759277 4171.603516 4088.205078 2388.250732 2392.896484 2400.523438 2400.126953 2380.927246 2353.445312 2328.276611 440.875488 385.357452 345.129517 322.029022 313.885376 323.147186 348.082397 639.432800 636.039551 631.953125 629.000000 626.889771 626.304199 625.770813,
 698.119446 691.070618 684.336975 681.946045 685.361755 692.140930 698.321228 639.962952 608.261414 583.881104 571.697632 573.239014 587.074036 608.182068 1502.446045 1526.702637 1553.179321 1572.386230 1576.938843 1574.131348 1571.978760 2456.440186 2516.359863 2567.256104 2588.887207 2567.256104 2516.359863 2456.440186 1571.978760 1574.131348 1576.938843 1572.386230 1553.179321 1526.702637 1502.446045 608.182068 587.074036 573.239014 571.697632 583.881104 608.261414 639.962952 698.321228 692.140930 685.361755 681.946045 684.336975 691.070618 698.119446,
 496.199829 502.694061 506.135284 506.893738 506.800262 506.890167 505.617126 417.223297 408.382690 403.136963 403.329102 410.517029 425.608276 444.772186 1106.783325 1117.156982 1131.792236 1142.478027 1143.011719 1138.557373 1134.433960 1687.839111 1727.159546 1762.847656 1778.404175 1762.847656 1727.159546 1687.839111 1134.433960 1138.557373 1143.011719 1142.478027 1131.792236 1117.156982 1106.783325 444.772186 425.608276 410.517029 403.329102 403.136963 408.382690 417.223297 505.617126 506.890167 506.800262 506.893738 506.135284 502.694061 496.199829,
 180.312866 171.815536 162.127625 157.469482 162.513916 174.673904 188.177155 437.779175 430.861450 428.204926 431.681885 442.210236 457.232422 471.960999 832.205994 841.927612 858.226257 870.767029 872.161194 866.693604 861.529236 1124.552124 1146.878174 1172.501709 1184.607544 1172.501709 1146.878174 1124.552124 861.529236 866.693604 872.161194 870.767029 858.226257 841.927612 832.205994 471.960999 457.232422 442.210236 431.681885 428.204926 430.861450 437.779175 188.177155 174.673904 162.513916 157.469482 162.127625 171.815536 180.312866,
 -569.476318 -567.022095 -568.015747 -572.265259 -576.317749 -577.658325 -576.448364 -99.248840 -103.351234 -109.196007 -112.832115 -110.830833 -104.582390 -99.689835 567.849731 564.861694 567.294983 572.948853 577.126404 579.152222 577.987061 939.108276 944.009949 952.320190 957.168213 952.320190 944.009949 939.108276 577.987061 579.152222 577.126404 572.948853 567.294983 564.861694 567.849731 -99.689835 -104.582390 -110.830833 -112.832115 -109.196007 -103.351234 -99.248840 -576.448364 -577.658325 -576.317749 -572.265259 -568.015747 -567.022095 -569.476318,

Auto-correlations of the modulus of each oriented sub-band
 2.822382 4.064240 5.110181 5.524869 5.103702 4.051793 2.804622 2.907783 4.206868 5.313866 5.766465 5.337760 4.239996 2.933972 3.253280 4.794343 6.131886 6.683271 6.156301 4.829049 3.282347 3.546751 5.292243 6.820793 7.445845 6.820793 5.292243 3.546751 3.282347 4.829049 6.156301 6.683271 6.131886 4.794343 3.253280 2.933972 4.239996 5.337760 5.766465 5.313866 4.206868 2.907783 2.804622 4.051793 5.103702 5.524869 5.110181 4.064240 2.822382,
 17.708687 18.783262 19.629166 19.847357 19.449257 18.849577 18.384155 37.023941 39.989086 42.287495 42.925835 42.028393 40.413441 38.687729 61.754154 66.920860 71.329590 72.803703 70.869614 67.254707 63.316479 74.454208 80.182495 85.424339 87.785088 85.424339 80.182495 74.454208 63.316479 67.254707 70.869614 72.803703 71.329590 66.920860 61.754154 38.687729 40.413441 42.028393 42.925835 42.287495 39.989086 37.023941 18.384155 18.849577 19.449257 19.847357 19.629166 18.783262 17.708687,
 126.234230 128.473312 130.163544 129.354477 125.293915 120.104050 115.717415 268.916748 279.956482 287.957397 289.381317 282.444092 270.284607 256.571167 446.276306 470.550049 488.510010 494.301392 484.463562 463.355347 437.032654 528.570801 561.019714 586.014282 596.032471 586.014282 561.019714 528.570801 437.032654 463.355347 484.463562 494.301392 488.510010 470.550049 446.276306 256.571167 270.284607 282.444092 289.381317 287.957397 279.956482 268.916748 115.717415 120.104050 125.293915 129.354477 130.163544 128.473312 126.234230,
 21.953804 22.315632 22.485756 22.187653 21.195801 19.655682 18.071587 40.649155 42.261108 43.597466 43.962364 42.542259 39.425064 35.761078 62.114948 66.176628 69.891144 71.602493 69.532776 64.342140 58.421535 70.839020 77.084045 82.846481 85.422676 82.846481 77.084045 70.839020 58.421535 64.342140 69.532776 71.602493 69.891144 66.176628 62.114948 35.761078 39.425064 42.542259 43.962364 43.597466 42.261108 40.649155 18.071587 19.655682 21.195801 22.187653 22.485756 22.315632 21.953804,
 1.290357 1.910235 2.456113 2.677197 2.452047 1.891677 1.242004 1.399765 2.050726 2.627634 2.871139 2.649454 2.074295 1.401447 1.779882 2.638410 3.403740 3.722382 3.418128 2.658246 1.792969 2.067974 3.111999 4.055414 4.446860 4.055414 3.111999 2.067974 1.792969 2.658246 3.418128 3.722382 3.403740 2.638410 1.779882 1.401447 2.074295 2.649454 2.871139 2.627634 2.050726 1.399765 1.242004 1.891677 2.452047 2.677197 2.456113 1.910235 1.290357,
 2.034239 2.569071 2.907801 2.944963 2.731231 2.471446 2.280799 15.493650 17.580042 19.004335 19.134027 18.288237 17.332628 16.544031 32.670807 36.677097 40.107845 40.929531 38.877171 35.963093 33.440994 41.193748 45.493309 49.958885 52.111000 49.958885 45.493309 41.193748 33.440994 35.963093 38.877171 40.929531 40.107845 36.677097 32.670807 16.544031 17.332628 18.288237 19.134027 19.004335 17.580042 15.493650 2.280799 2.471446 2.731231 2.944963 2.907801 2.569071 2.034239,
 1.381495 6.816830 12.734070 17.871609 20.210430 20.008816 18.912231 92.351135 106.138283 119.123138 128.581970 131.374115 128.443863 122.931427 214.350052 236.877808 256.334229 267.794128 266.628601 255.734192 240.478561 285.797638 309.977081 329.402527 337.579620 329.402527 309.977081 285.797638 240.478561 255.734192 266.628601 267.794128 256.334229 236.877808 214.350052 122.931427 128.443863 131.374115 128.581970 119.123138 106.138283 92.351135 18.912231 20.008816 20.210430 17.871609 12.734070 6.816830 1.381495,
 5.862808 7.339506 8.627560 9.227604 8.713280 7.296076 5.664187 17.076410 19.874691 22.624025 24.506716 24.438089 22.448261 19.845106 32.029263 36.426651 41.083233 44.203636 43.526005 39.684784 35.322224 40.927681 46.224297 51.693420 54.290886 51.693420 46.224297 40.927681 35.322224 39.684784 43.526005 44.203636 41.083233 36.426651 32.029263 19.845106 22.448261 24.438089 24.506716 22.624025 19.874691 17.076410 5.664187 7.296076 8.713280 9.227604 8.627560 7.339506 5.862808,
 0.344127 0.592294 0.856629 0.991760 0.910745 0.664941 0.382803 0.379696 0.654021 0.945589 1.113534 1.053438 0.815261 0.540723 0.654291 1.095992 1.553286 1.782725 1.626280 1.210590 0.787650 0.928368 1.514058 2.120665 2.395314 2.120665 1.514058 0.928368 0.787650 1.210590 1.626280 1.782725 1.553286 1.095992 0.654291 0.540723 0.815261 1.053438 1.113534 0.945589 0.654021 0.379696 0.382803 0.664941 0.910745 0.991760 0.856629 0.592294 0.344127,
 -3.014997 -1.387747 0.521283 2.187942 3.679478 5.224264 6.587117 4.241513 7.215010 10.702174 13.163601 14.189706 14.609011 14.775321 13.729613 17.739674 22.430822 25.170494 24.522348 22.545681 20.738346 20.635880 24.262815 28.582394 30.903286 28.582394 24.262815 20.635880 20.738346 22.545681 24.522348 25.170494 22.430822 17.739674 13.729613 14.775321 14.609011 14.189706 13.163601 10.702174 7.215010 4.241513 6.587117 5.224264 3.679478 2.187942 0.521283 -1.387747 -3.014997,
 -20.748600 -20.074463 -18.068151 -15.345881 -11.891212 -6.808384 0.106263 25.234873 32.066479 38.875977 42.959755 43.636398 43.025364 42.702698 81.363708 95.234917 107.570450 113.380943 110.285904 101.975166 92.195969 111.789581 127.733200 141.434174 147.374603 141.434174 127.733200 111.789581 92.195969 101.975166 110.285904 113.380943 107.570450 95.234917 81.363708 42.702698 43.025364 43.636398 42.959755 38.875977 32.066479 25.234873 0.106263 -6.808384 -11.891212 -15.345881 -18.068151 -20.074463 -20.748600,
 -2.305323 -2.226482 -1.817671 -1.500073 -1.633306 -2.267279 -2.531526 3.235201 3.780428 4.901891 5.807008 5.242889 3.377058 1.943160 9.244180 11.068213 14.025295 16.081161 14.695154 11.088014 8.201909 11.539065 14.652232 19.039223 21.412004 19.039223 14.652232 11.539065 8.201909 11.088014 14.695154 16.081161 14.025295 11.068213 9.244180 1.943160 3.377058 5.242889 5.807008 4.901891 3.780428 3.235201 -2.531526 -2.267279 -1.633306 -1.500073 -1.817671 -2.226482 -2.305323,
 -0.036013 0.128059 0.306417 0.438009 0.482266 0.439243 0.357371 0.169264 0.334209 0.509299 0.597707 0.561558 0.445223 0.321617 0.496067 0.822843 1.142233 1.254081 1.081628 0.752509 0.441929 0.714193 1.216013 1.726975 1.956602 1.726975 1.216013 0.714193 0.441929 0.752509 1.081628 1.254081 1.142233 0.822843 0.496067 0.321617 0.445223 0.561558 0.597707 0.509299 0.334209 0.169264 0.357371 0.439243 0.482266 0.438009 0.306417 0.128059 -0.036013,
 0.820662 -0.056605 -1.804800 -3.475689 -4.095224 -3.399578 -2.076098 3.815157 4.303019 3.122410 0.494237 -2.091069 -3.356450 -3.197846 6.079558 8.579935 10.087854 8.720165 5.078369 1.734034 0.028170 4.598384 7.618170 11.419955 13.404469 11.419955 7.618170 4.598384 0.028170 1.734034 5.078369 8.720165 10.087854 8.579935 6.079558 -3.197846 -3.356450 -2.091069 0.494237 3.122410 4.303019 3.815157 -2.076098 -3.399578 -4.095224 -3.475689 -1.804800 -0.056605 0.820662,
 -15.653035 -15.982085 -15.710182 -14.119670 -11.608780 -9.344537 -8.053313 -3.654632 -1.823647 -0.022148 1.660913 2.054510 0.495153 -2.199256 25.312117 31.704412 37.082897 39.580753 37.229893 30.745436 22.884851 39.398727 49.194359 57.604088 61.156731 57.604088 49.194359 39.398727 22.884851 30.745436 37.229893 39.580753 37.082897 31.704412 25.312117 -2.199256 0.495153 2.054510 1.660913 -0.022148 -1.823647 -3.654632 -8.053313 -9.344537 -11.608780 -14.119670 -15.710182 -15.982085 -15.653035,
 -0.801773 -0.285262 0.022789 0.152034 0.057633 -0.071729 0.104548 0.902430 1.476197 2.075409 2.832027 3.013979 2.355730 1.599814 3.454890 4.541214 6.452709 8.270165 7.917784 5.703544 3.731416 4.727671 6.718782 9.775633 11.481263 9.775633 6.718782 4.727671 3.731416 5.703544 7.917784 8.270165 6.452709 4.541214 3.454890 1.599814 2.355730 3.013979 2.832027 2.075409 1.476197 0.902430 0.104548 -0.071729 0.057633 0.152034 0.022789 -0.285262 -0.801773,

Pairwise cross-correlations of the modulus of all oriented sub-bands at the same scale (size QxQ)
 7.445846 3.648404 -2.806812 3.963945,
 3.648404 87.785103 210.069931 69.094025,
 -2.806812 210.069931 596.032532 203.970276,
 3.963945 69.094025 203.970276 85.422668,
 4.446860 3.640418 1.753944 4.963420,
 3.640418 52.111004 118.869949 42.666744,
 1.753944 118.869949 337.579620 118.997627,
 4.963420 42.666744 118.997627 54.290894,
 2.395314 1.836288 0.952986 1.726752,
 1.836288 30.903290 56.686546 16.161102,
 0.952986 56.686546 147.374603 46.674961,
 1.726752 16.161102 46.674961 21.412006,
 1.956602 2.113839 1.179197 1.592322,
 2.113839 13.404469 20.560175 7.982715,
 1.179197 20.560175 61.156731 20.687706,
 1.592322 7.982715 20.687706 11.481263,

Cross-correlations of the modulus of all oriented sub-bands with all oriented sub-bands at the coarser scale (size QxQ)
 4.635241 3.789483 -0.549706 5.591990,
 2.891694 10.103455 20.700491 9.132109,
 -0.084440 17.337477 53.578033 14.750992,
 2.590263 7.369340 17.642588 9.330905,
 2.418620 2.611090 0.792131 2.074849,
 2.993625 8.520878 13.954465 6.442593,
 3.971546 15.177975 30.658752 11.609404,
 3.704926 7.366379 9.340335 5.977713,
 0.942029 0.265661 -1.726115 1.320725,
 0.382363 3.880473 5.385613 6.021849,
 -0.879117 5.073104 14.451913 9.400435,
 0.761629 2.416116 4.075745 3.639754,

Cross-correlations of the real part of each oriented sub-band with both the real and imaginary part of all phase-doubled oriented sub-bands at the next coarser scale (Q matrices of size 1x2Q, which are computed and stored in a matrix of size Qx2Q)
 -0.886194 -0.235915 -0.037637 -0.302986 0.777103 0.228891 0.210507 -0.042316,
 -0.494853 -16.874161 -32.253147 -6.357672 0.271871 6.179883 17.980700 6.789363,
 -0.127190 -39.274055 -76.566284 -15.590971 -0.020606 14.153950 49.985954 20.703730,
 -0.521926 -11.760164 -22.546631 -5.259631 0.288363 4.510206 18.545168 8.175611,
 -0.310880 -0.097880 -0.403048 -0.320749 0.280195 0.296559 -0.035020 -0.079730,
 -0.082273 4.197974 7.151427 1.381579 0.225436 -2.118601 -12.274818 -6.048211,
 -0.042281 10.150229 12.574303 -0.833319 0.076322 -12.149870 -44.631809 -19.183960,
 -0.230054 2.612524 0.359862 -2.937260 0.166039 -5.669315 -19.183363 -7.603233,
 -0.280549 -0.254327 -0.221530 -0.669821 -0.274300 0.383694 0.056282 0.155307,
 -0.155353 -2.953478 -8.144511 -1.352157 0.025632 4.095661 -5.690788 -2.517214,
 -0.024304 -6.621412 -22.327019 -8.610972 0.335266 3.501100 -18.797920 -6.325577,
 -0.284832 -2.345490 -9.060904 -6.176664 0.016200 -0.047535 -6.804083 -1.844260,
