Low-band skewness and kurtosis
 -0.673226 2.219623,
 -0.567113 2.167879,
 -0.486824 1.964623,
 -0.242394 1.373886,
 -0.201276 1.452280,

High-band variance
 787.257996,

Skewness, kurtosis, variance, mean, maximum and minimum of the reconstructed texture
 -0.747536 2.021379 5990.046875 191.934509 255.000000 4.000000,

Auto-correlations of the low-frequency bands at each scale
 1807.973633 1796.796997 1786.498291 1776.220947 1762.506348 1749.321411 1739.540527 1706.176636 1656.489746 1630.676025 1632.209839 1658.244873 1711.637207 1788.537964 3253.308105 3317.622559 3386.933350 3447.479492 3486.844971 3515.567871 3543.229004 4751.590820 4875.729004 4971.051758 5009.298828 4971.051758 4875.729004 4751.590820 3543.229004 3515.567871 3486.844971 3447.479492 3386.933350 3317.622559 3253.308105 1788.537964 1711.637207 1658.244873 1632.209839 1630.676025 1656.489746 1706.176636 1739.540527 1749.321411 1762.506348 1776.220947 1786.498291 1796.796997 1807.973633,
 1891.541016 1891.063843 1885.104492 1875.259155 1863.265381 1851.492065 1839.735840 1711.918335 1687.868896 1675.783325 1677.919800 1693.605591 1725.454346 1771.327026 2535.477295 2571.431152 2617.437744 2658.077393 2679.200439 2689.442383 2699.175049 3463.603516 3541.728027 3608.368408 3636.912598 3608.368408 3541.728027 3463.603516 2699.175049 2689.442383 2679.200439 2658.077393 2617.437744 2571.431152 2535.477295 1771.327026 1725.454346 1693.605591 1677.919800 1675.783325 1687.868896 1711.918335 1839.735840 1851.492065 1863.265381 1875.259155 1885.104492 1891.063843 1891.541016,
 1524.203369 1513.740356 1502.799561 1495.523071 1493.874268 1496.306763 1500.270752 1609.009155 1595.996460 1590.354248 1593.794067 1605.684814 1625.728394 1650.912964 2199.275879 2220.352051 2250.930176 2275.615479 2281.414551 2277.196777 2274.759277 2712.254883 2756.439697 2802.016846 2823.337891 2802.016846 2756.439697 2712.254883 2274.759277 2277.196777 2281.414551 2275.615479 2250.930176 2220.352051 2199.275879 1650.912964 1625.728394 1605.684814 1593.794067 1590.354248 1595.996460 1609.009155 1500.270752 1496.306763 1493.874268 1495.523071 1502.799561 1513.740356 1524.203369,
 713.504883 721.587097 728.976929 736.661438 742.369019 745.791809 748.047729 1315.655396 1308.021851 1303.099243 1304.212646 1307.065796 1311.508423 1317.824097 1932.228394 1929.816284 1936.892212 1945.753540 1943.035034 1935.133667 1930.519897 2284.561035 2300.261475 2323.125732 2336.059814 2323.125732 2300.261475 2284.561035 1930.519897 1935.133667 1943.035034 1945.753540 1936.892212 1929.816284 1932.228394 1317.824097 1311.508423 1307.065796 1304.212646 1303.099243 1308.021851 1315.655396 748.047729 745.791809 742.369019 736.661438 728.976929 721.587097 713.504883,
 -1447.774414 -1454.599487 -1457.039673 -1454.754883 -1450.715698 -1444.938843 -1440.350830 -30.971199 -35.668777 -33.077538 -26.204987 -21.076508 -17.763981 -17.528732 1438.499390 1440.186279 1448.898804 1457.823730 1458.985962 1455.033203 1449.496460 2088.983887 2096.609619 2107.267822 2113.057861 2107.267822 2096.609619 2088.983887 1449.496460 1455.033203 1458.985962 1457.823730 1448.898804 1440.186279 1438.499390 -17.528732 -17.763981 -21.076508 -26.204987 -33.077538 -35.668777 -30.971199 -1440.350830 -1444.938843 -1450.715698 -1454.754883 -1457.039673 -1454.599487 -1447.774414,

Auto-correlations of the modulus of each oriented sub-band
 2.863196 4.126979 5.217062 5.662941 5.232311 4.142311 2.867141 3.083862 4.400928 5.542902 6.015846 5.571377 4.437836 3.109189 3.484226 4.990833 6.315097 6.870224 6.353362 5.045732 3.533793 3.806266 5.494703 6.988860 7.604656 6.988860 5.494703 3.806266 3.533793 5.045732 6.353362 6.870224 6.315097 4.990833 3.484226 3.109189 4.437836 5.571377 6.015846 5.542902 4.400928 3.083862 2.867141 4.142311 5.232311 5.662941 5.217062 4.126979 2.863196,
 34.561329 37.254055 39.637459 41.648670 43.098373 43.914845 44.455883 54.210110 59.851467 64.659210 67.654854 68.939514 68.892036 67.933365 78.087982 86.427742 93.813545 97.405396 96.552818 93.169792 88.764923 93.297577 101.275993 108.475914 111.686508 108.475914 101.275993 93.297577 88.764923 93.169792 96.552818 97.405396 93.813545 86.427742 78.087982 67.933365 68.892036 68.939514 67.654854 64.659210 59.851467 54.210110 44.455883 43.914845 43.098373 41.648670 39.637459 37.254055 34.561329,
 220.795212 235.380966 247.564713 255.128540 257.482147 256.818451 255.849747 339.148651 367.544006 390.834015 403.400085 403.361969 394.871948 383.744415 477.032684 520.572144 556.014282 572.669678 565.782104 541.766235 511.104401 554.492859 600.992126 638.569885 653.603027 638.569885 600.992126 554.492859 511.104401 541.766235 565.782104 572.669678 556.014282 520.572144 477.032684 383.744415 394.871948 403.361969 403.400085 390.834015 367.544006 339.148651 255.849747 256.818451 257.482147 255.128540 247.564713 235.380966 220.795212,
 39.192261 40.544365 41.766209 41.880459 40.620556 38.699989 37.131409 54.529472 58.190567 61.763905 63.103729 60.977795 56.285110 51.697456 69.848473 76.839012 84.219780 87.831985 84.311684 75.744408 67.592049 75.650894 84.938644 95.097260 99.916985 95.097260 84.938644 75.650894 67.592049 75.744408 84.311684 87.831985 84.219780 76.839012 69.848473 51.697456 56.285110 60.977795 63.103729 61.763905 58.190567 54.529472 37.131409 38.699989 40.620556 41.880459 41.766209 40.544365 39.192261,
 1.899485 2.731129 3.478662 3.796457 3.512540 2.772348 1.911208 1.967199 2.831204 3.609417 3.939053 3.642602 2.876395 1.992038 2.493029 3.612408 4.638021 5.066608 4.647854 3.629292 2.505050 2.877505 4.212310 5.461601 5.992285 5.461601 4.212310 2.877505 2.505050 3.629292 4.647854 5.066608 4.638021 3.612408 2.493029 1.992038 2.876395 3.642602 3.939053 3.609417 2.831204 1.967199 1.911208 2.772348 3.512540 3.796457 3.478662 2.731129 1.899485,
 20.330444 22.080702 23.527607 24.242462 24.036190 23.014048 21.533260 32.766998 36.653622 39.680649 40.560760 39.445465 37.245289 34.591324 45.914963 52.620018 58.498634 60.328613 57.488976 52.558121 47.487671 52.446693 59.741295 66.952240 70.311844 66.952240 59.741295 52.446693 47.487671 52.558121 57.488976 60.328613 58.498634 52.620018 45.914963 34.591324 37.245289 39.445465 40.560760 39.680649 36.653622 32.766998 21.533260 23.014048 24.036190 24.242462 23.527607 22.080702 20.330444,
 125.323959 135.431717 142.297958 143.117798 137.173843 126.995621 114.875351 213.882584 231.923889 245.214233 248.694733 240.094177 223.398865 202.685867 305.125793 334.539795 357.374725 365.673401 354.592926 330.014893 298.940613 344.545197 380.609039 409.224213 421.078735 409.224213 380.609039 344.545197 298.940613 330.014893 354.592926 365.673401 357.374725 334.539795 305.125793 202.685867 223.398865 240.094177 248.694733 245.214233 231.923889 213.882584 114.875351 126.995621 137.173843 143.117798 142.297958 135.431717 125.323959,
 20.435040 20.943621 21.312866 21.435328 21.143799 20.614340 20.036457 31.834951 32.822685 34.206074 35.385704 35.198757 33.488747 31.178522 42.644089 45.229122 48.971344 51.809952 50.754845 46.511768 42.147980 47.023422 51.422882 56.980381 59.894024 56.980381 51.422882 47.023422 42.147980 46.511768 50.754845 51.809952 48.971344 45.229122 42.644089 31.178522 33.488747 35.198757 35.385704 34.206074 32.822685 31.834951 20.036457 20.614340 21.143799 21.435328 21.312866 20.943621 20.435040,
 1.451142 2.016629 2.467172 2.620429 2.403755 1.912428 1.339296 1.549109 2.199877 2.711755 2.883476 2.646735 2.117429 1.518980 1.845070 2.702790 3.465744 3.762824 3.419960 2.648481 1.836456 2.139136 3.231851 4.298063 4.767770 4.298063 3.231851 2.139136 1.836456 2.648481 3.419960 3.762824 3.465744 2.702790 1.845070 1.518980 2.117429 2.646735 2.883476 2.711755 2.199877 1.549109 1.339296 1.912428 2.403755 2.620429 2.467172 2.016629 1.451142,
 7.480686 7.161031 7.437095 8.267092 9.258405 10.039996 10.270800 14.511540 15.467942 16.637899 17.281366 17.177893 16.838654 16.216011 22.113159 24.932346 28.012722 29.059753 27.248837 24.768917 22.913422 25.638042 28.795967 32.942665 35.202347 32.942665 28.795967 25.638042 22.913422 24.768917 27.248837 29.059753 28.012722 24.932346 22.113159 16.216011 16.838654 17.177893 17.281366 16.637899 15.467942 14.511540 10.270800 10.039996 9.258405 8.267092 7.437095 7.161031 7.480686,
 42.761780 45.825405 51.219315 57.203201 60.818108 61.995441 61.966988 93.930328 100.943344 109.092812 115.600830 116.629997 113.325470 108.131561 151.339005 163.714584 175.413788 182.263290 179.697296 170.682785 159.288986 180.054810 194.881958 207.640366 213.401779 207.640366 194.881958 180.054810 159.288986 170.682785 179.697296 182.263290 175.413788 163.714584 151.339005 108.131561 113.325470 116.629997 115.600830 109.092812 100.943344 93.930328 61.966988 61.995441 60.818108 57.203201 51.219315 45.825405 42.761780,
 9.954438 10.152813 11.256456 12.390162 12.677876 11.691338 10.139491 15.460013 16.561815 18.926950 20.972229 20.805223 18.244280 15.362039 20.547327 23.081089 27.386675 30.668461 29.336180 24.534855 20.340300 22.491486 26.504530 32.307411 35.502075 32.307411 26.504530 22.491486 20.340300 24.534855 29.336180 30.668461 27.386675 23.081089 20.547327 15.362039 18.244280 20.805223 20.972229 18.926950 16.561815 15.460013 10.139491 11.691338 12.677876 12.390162 11.256456 10.152813 9.954438,
 0.238852 0.506181 0.690523 0.736318 0.680734 0.578405 0.449993 0.396259 0.861574 1.266779 1.435607 1.327320 1.051007 0.743174 0.762999 1.454259 2.105984 2.367654 2.099232 1.518266 0.938676 1.069507 1.861051 2.666899 3.031011 2.666899 1.861051 1.069507 0.938676 1.518266 2.099232 2.367654 2.105984 1.454259 0.762999 0.743174 1.051007 1.327320 1.435607 1.266779 0.861574 0.396259 0.449993 0.578405 0.680734 0.736318 0.690523 0.506181 0.238852,
 -3.234173 -3.287586 -3.269698 -3.067954 -1.882264 -0.015288 1.977053 -1.461350 0.558009 2.999119 3.821926 4.654073 6.074738 7.007145 2.628919 5.961555 11.220047 13.157581 11.415649 10.059549 9.520376 7.398755 9.849606 14.927620 18.225637 14.927620 9.849606 7.398755 9.520376 10.059549 11.415649 13.157581 11.220047 5.961555 2.628919 7.007145 6.074738 4.654073 3.821926 2.999119 0.558009 -1.461350 1.977053 -0.015288 -1.882264 -3.067954 -3.269698 -3.287586 -3.234173,
 -24.806190 -24.623329 -23.743389 -22.220076 -19.292294 -14.590272 -9.462140 0.843122 7.063723 14.449926 20.625904 25.010294 28.495710 30.815632 42.359646 54.000530 66.088745 74.168381 75.975586 73.425575 68.676575 74.398621 85.992737 96.314377 100.768448 96.314377 85.992737 74.398621 68.676575 73.425575 75.975586 74.168381 66.088745 54.000530 42.359646 30.815632 28.495710 25.010294 20.625904 14.449926 7.063723 0.843122 -9.462140 -14.590272 -19.292294 -22.220076 -23.743389 -24.623329 -24.806190,
 -1.095594 -1.351462 -1.609606 -1.064369 -0.337669 -0.478367 -1.171612 2.231134 2.418157 3.434415 5.198728 5.991199 5.091437 4.198020 7.067624 7.795787 10.180588 13.069777 12.904579 10.427464 9.253427 10.493924 11.581621 14.842175 17.239775 14.842175 11.581621 10.493924 9.253427 10.427464 12.904579 13.069777 10.180588 7.795787 7.067624 4.198020 5.091437 5.991199 5.198728 3.434415 2.418157 2.231134 -1.171612 -0.478367 -0.337669 -1.064369 -1.609606 -1.351462 -1.095594,

Pairwise cross-correlations of the modulus of all oriented sub-bands at the same scale (size QxQ)
 7.604657 5.521539 4.724014 5.340837,
 5.521539 111.686546 244.041855 75.294502,
 4.724014 244.041855 653.603027 227.662537,
 5.340837 75.294502 227.662537 99.917000,
 5.992285 4.598864 2.460413 4.465624,
 4.598864 70.311852 154.108704 49.512703,
 2.460413 154.108704 421.078766 140.571472,
 4.465624 49.512703 140.571472 59.894032,
 4.767770 3.197876 2.645123 3.752874,
 3.197876 35.202347 75.022758 25.973083,
 2.645123 75.022758 213.401779 72.088715,
 3.752874 25.973083 72.088715 35.502079,
 3.031012 3.779510 7.036950 2.933410,
 3.779510 18.225637 34.475281 12.821791,
 7.036950 34.475281 100.768456 38.486847,
 2.933410 12.821791 38.486847 17.239775,

Cross-correlations of the modulus of all oriented sub-bands with all oriented sub-bands at the coarser scale (size QxQ)
 5.266809 3.663980 -2.110480 3.201008,
 6.434014 23.923529 49.948727 20.952383,
 12.022634 55.382298 151.516632 65.922470,
 6.938163 21.456440 57.386002 30.848072,
 3.703741 2.907754 -0.551452 3.758795,
 4.064935 11.420902 25.393339 10.854609,
 6.427494 27.860769 83.217087 28.530386,
 5.223760 10.596078 27.609816 13.433046,
 2.092958 3.844948 3.740607 1.625277,
 2.405497 5.783987 9.338807 5.250042,
 5.485850 6.962444 27.861244 16.439535,
 3.369579 4.341799 11.939527 7.728829,

Cross-correlations of the real part of each oriented sub-band with both the real and imaginary part of all phase-doubled oriented sub-bands at the next coarser scale (Q matrices of size 1x2Q, which are computed and stored in a matrix of size Qx2Q)
 -1.224437 -0.609044 -0.266713 -0.385011 0.967891 0.105088 0.031902 -0.109693,
 -0.576104 -21.987268 -46.931034 -16.270660 0.238975 -7.959301 -20.195866 -5.643415,
 -0.003929 -47.024200 -123.917618 -50.046268 -0.047910 -19.941950 -53.575550 -15.017651,
 -0.501858 -13.738967 -43.571117 -20.470804 0.344221 -6.337119 -17.500908 -4.859424,
 -0.895342 -0.410296 0.062285 -0.197877 0.593789 -0.142720 -0.081873 -0.424925,
 -0.488672 5.906073 24.968031 9.134258 0.319528 4.985371 13.137418 2.534198,
 0.010175 19.853052 74.714333 28.366482 0.224527 12.123873 29.912748 5.284744,
 -0.304148 7.361361 28.083527 10.710356 0.407688 3.365078 8.362147 0.414992,
 -0.738844 -0.078343 0.343950 -0.192622 1.061371 0.552079 -0.119446 -0.171255,
 -0.669453 12.542111 27.664316 6.073967 0.493542 3.304672 -1.723837 -0.963233,
 -0.213640 28.594086 63.613884 15.888919 -0.060111 1.848299 -8.805571 -5.335194,
 -0.292990 8.452902 19.175879 4.910035 0.421934 -0.430038 -4.888288 -3.216675,
