Low-band skewness and kurtosis
 -0.553879 2.152441,
 -0.412470 2.164741,
 -0.296309 2.128546,
 -0.202031 2.026495,
 -0.179940 1.741411,

High-band variance
 957.975952,

Skewness, kurtosis, variance, mean, maximum and minimum of the reconstructed texture
 -0.678175 1.976083 5919.023438 188.319702 255.000000 3.000000,

Auto-correlations of the low-frequency bands at each scale
 1539.356812 1409.597412 1319.223755 1287.567261 1324.483765 1417.320068 1532.772095 1924.550659 1637.930542 1399.794678 1313.195923 1410.456787 1636.025269 1890.115845 2957.499512 3074.553223 3182.079102 3238.120605 3193.283203 3068.597168 2915.611816 3591.332520 4113.092285 4568.413086 4757.722656 4568.413086 4113.092285 3591.332520 2915.611816 3068.597168 3193.283203 3238.120605 3182.079102 3074.553223 2957.499512 1890.115845 1636.025269 1410.456787 1313.195923 1399.794678 1637.930542 1924.550659 1532.772095 1417.320068 1324.483765 1287.567261 1319.223755 1409.597412 1539.356812,
 1650.431152 1608.029663 1569.391602 1535.437012 1514.616455 1516.856567 1539.163574 1760.408569 1526.882446 1341.552856 1270.759277 1327.548462 1475.598267 1649.080933 2266.883545 2293.599365 2335.130859 2364.227539 2338.806641 2271.438721 2194.912842 2587.472656 2916.558838 3214.227539 3340.753174 3214.227539 2916.558838 2587.472656 2194.912842 2271.438721 2338.806641 2364.227539 2335.130859 2293.599365 2266.883545 1649.080933 1475.598267 1327.548462 1270.759277 1341.552856 1526.882446 1760.408569 1539.163574 1516.856567 1514.616455 1535.437012 1569.391602 1608.029663 1650.431152,
 1443.241943 1452.398804 1466.708618 1479.589355 1490.200073 1495.683472 1485.962646 1658.261230 1588.883057 1533.074219 1513.251587 1535.242432 1585.654297 1638.928711 1992.852051 1998.306763 1999.520874 1982.874634 1933.114868 1873.110718 1834.390137 2076.396729 2210.054199 2343.155029 2402.988770 2343.155029 2210.054199 2076.396729 1834.390137 1873.110718 1933.114868 1982.874634 1999.520874 1998.306763 1992.852051 1638.928711 1585.654297 1535.242432 1513.251587 1533.074219 1588.883057 1658.261230 1485.962646 1495.683472 1490.200073 1479.589355 1466.708618 1452.398804 1443.241943,
 634.292236 635.639160 641.686523 654.345337 678.778809 705.766968 720.624634 1220.926514 1214.570557 1201.159546 1190.515625 1191.752808 1204.233887 1215.420898 1718.443604 1742.746094 1759.396851 1754.159424 1718.444214 1675.694580 1647.574463 1898.778687 1955.087769 2021.576660 2054.519531 2021.576660 1955.087769 1898.778687 1647.574463 1675.694580 1718.444214 1754.159424 1759.396851 1742.746094 1718.443604 1215.420898 1204.233887 1191.752808 1190.515625 1201.159546 1214.570557 1220.926514 720.624634 705.766968 678.778809 654.345337 641.686523 635.639160 634.292236,
 -1273.299316 -1308.448975 -1317.345825 -1293.284912 -1250.263306 -1214.365967 -1207.372803 -30.858170 -64.313423 -80.628860 -66.562912 -27.787384 10.017004 21.292019 1236.003052 1256.313843 1282.145874 1296.386475 1287.998413 1264.883423 1242.133911 1757.854248 1811.614014 1874.741211 1903.995361 1874.741211 1811.614014 1757.854248 1242.133911 1264.883423 1287.998413 1296.386475 1282.145874 1256.313843 1236.003052 21.292019 10.017004 -27.787384 -66.562912 -80.628860 -64.313423 -30.858170 -1207.372803 -1214.365967 -1250.263306 -1293.284912 -1317.345825 -1308.448975 -1273.299316,

Auto-correlations of the modulus of each oriented sub-band
 5.281213 6.495524 7.659700 8.299404 8.185915 7.506962 6.651791 6.339286 7.812906 9.056072 9.666354 9.418446 8.406132 7.031775 7.998107 10.486717 12.546267 13.334131 12.480434 10.426586 8.050106 8.729502 12.232918 15.850283 17.518291 15.850283 12.232918 8.729502 8.050106 10.426586 12.480434 13.334131 12.546267 10.486717 7.998107 7.031775 8.406132 9.418446 9.666354 9.056072 7.812906 6.339286 6.651791 7.506962 8.185915 8.299404 7.659700 6.495524 5.281213,
 69.715973 75.232117 83.239502 91.151268 96.725922 100.101273 102.048645 86.109993 99.876778 116.411636 127.533951 128.795624 124.479607 118.988457 108.666451 131.339844 157.675323 171.917068 164.491913 146.683472 129.904846 126.383362 151.039062 179.421997 193.956375 179.421997 151.039062 126.383362 129.904846 146.683472 164.491913 171.917068 157.675323 131.339844 108.666451 118.988457 124.479607 128.795624 127.533951 116.411636 99.876778 86.109993 102.048645 100.101273 96.725922 91.151268 83.239502 75.232117 69.715973,
 209.544510 224.051208 242.301224 254.963898 254.607681 244.626648 233.183243 247.679810 286.324738 335.392212 364.683105 351.382751 311.533051 274.122742 291.861389 361.081787 448.079681 495.846710 460.528473 379.770142 310.280579 318.535645 402.958252 506.639709 559.453186 506.639709 402.958252 318.535645 310.280579 379.770142 460.528473 495.846710 448.079681 361.081787 291.861389 274.122742 311.533051 351.382751 364.683105 335.392212 286.324738 247.679810 233.183243 244.626648 254.607681 254.963898 242.301224 224.051208 209.544510,
 103.509796 101.565628 98.167740 92.879700 86.060486 79.718262 74.592514 124.834068 129.513046 132.797546 130.991058 121.002983 107.276344 95.451942 138.639206 152.943604 168.037903 174.083527 161.262085 138.850128 119.574631 136.901093 157.833740 182.130203 194.897003 182.130203 157.833740 136.901093 119.574631 138.850128 161.262085 174.083527 168.037903 152.943604 138.639206 95.451942 107.276344 121.002983 130.991058 132.797546 129.513046 124.834068 74.592514 79.718262 86.060486 92.879700 98.167740 101.565628 103.509796,
 3.964581 4.729638 5.379352 5.729016 5.745737 5.485410 5.028501 4.393906 5.450600 6.335287 6.744201 6.616559 6.040245 5.169166 5.153753 6.973411 8.637630 9.329891 8.696793 7.183708 5.523421 5.796079 8.307119 10.931151 12.152223 10.931151 8.307119 5.796079 5.523421 7.183708 8.696793 9.329891 8.637630 6.973411 5.153753 5.169166 6.040245 6.616559 6.744201 6.335287 5.450600 4.393906 5.028501 5.485410 5.745737 5.729016 5.379352 4.729638 3.964581,
 58.778221 64.047394 68.316940 70.982498 71.736115 70.434433 67.363609 68.072739 78.426308 88.218666 92.388840 89.680901 83.333702 75.905472 77.781509 94.273849 111.573082 118.707512 110.535072 95.788162 81.899460 82.941277 101.313454 121.761215 132.119629 121.761215 101.313454 82.941277 81.899460 95.788162 110.535072 118.707512 111.573082 94.273849 77.781509 75.905472 83.333702 89.680901 92.388840 88.218666 78.426308 68.072739 67.363609 70.434433 71.736115 70.982498 68.316940 64.047394 58.778221,
 123.608871 139.652802 150.008926 149.314453 135.617783 117.087128 104.417725 147.165329 181.061981 214.997620 226.072327 201.379700 160.713470 130.415787 166.275574 221.153519 285.099823 313.590027 276.607697 209.012222 156.467285 170.654922 234.763351 314.821136 355.884125 314.821136 234.763351 170.654922 156.467285 209.012222 276.607697 313.590027 285.099823 221.153519 166.275574 130.415787 160.713470 201.379700 226.072327 214.997620 181.061981 147.165329 104.417725 117.087128 135.617783 149.314453 150.008926 139.652802 123.608871,
 51.354931 50.054493 47.523548 44.606037 41.409573 38.312206 36.311138 65.473152 68.723343 70.806801 70.242729 64.417870 54.806988 46.179436 73.663963 84.403976 95.371780 100.230766 91.866882 75.099564 59.774788 71.087982 87.608131 105.840012 114.904327 105.840012 87.608131 71.087982 59.774788 75.099564 91.866882 100.230766 95.371780 84.403976 73.663963 46.179436 54.806988 64.417870 70.242729 70.806801 68.723343 65.473152 36.311138 38.312206 41.409573 44.606037 47.523548 50.054493 51.354931,
 2.269675 2.634317 2.936496 3.037675 2.839317 2.434068 2.035138 2.469424 3.008342 3.526336 3.776554 3.582883 2.995984 2.316068 2.567580 3.594002 4.726497 5.297564 4.847927 3.685685 2.491936 2.715202 4.281815 6.053519 6.905990 6.053519 4.281815 2.715202 2.491936 3.685685 4.847927 5.297564 4.726497 3.594002 2.567580 2.316068 2.995984 3.582883 3.776554 3.526336 3.008342 2.469424 2.035138 2.434068 2.839317 3.037675 2.936496 2.634317 2.269675,
 5.859244 7.754210 10.438811 12.540154 12.937100 11.822420 9.745914 8.107476 12.913513 18.654987 21.479523 19.782406 15.716095 11.490603 10.693803 18.727268 28.748613 33.247982 28.394232 19.673489 12.517640 12.380599 21.450253 33.270901 39.538540 33.270901 21.450253 12.380599 12.517640 19.673489 28.394232 33.247982 28.748613 18.727268 10.693803 11.490603 15.716095 19.782406 21.479523 18.654987 12.913513 8.107476 9.745914 11.822420 12.937100 12.540154 10.438811 7.754210 5.859244,
 24.112812 30.284224 37.004410 41.633232 41.648346 37.631714 31.559998 33.549248 48.491837 64.623383 72.533470 66.405121 52.002045 38.591415 40.416779 64.942360 93.514305 107.120514 93.604927 65.952080 42.910065 43.683411 71.886497 106.390793 123.600449 106.390793 71.886497 43.683411 42.910065 65.952080 93.604927 107.120514 93.514305 64.942360 40.416779 38.591415 52.002045 66.405121 72.533470 64.623383 48.491837 33.549248 31.559998 37.631714 41.648346 41.633232 37.004410 30.284224 24.112812,
 12.180525 13.915450 16.159664 18.773354 20.046894 18.933502 16.231308 19.456738 23.930187 28.901066 33.011833 33.206989 28.796997 22.680431 24.963474 32.999161 41.794914 47.659637 45.476723 36.699806 27.052914 27.713140 38.244022 49.303852 54.668083 49.303852 38.244022 27.713140 27.052914 36.699806 45.476723 47.659637 41.794914 32.999161 24.963474 22.680431 28.796997 33.206989 33.011833 28.901066 23.930187 19.456738 16.231308 18.933502 20.046894 18.773354 16.159664 13.915450 12.180525,
 0.293039 1.168022 1.845404 2.054438 1.704834 0.963674 0.137525 -0.284556 0.563096 1.274237 1.577916 1.399242 0.875120 0.245869 0.277870 1.616467 2.905401 3.561381 3.289969 2.330567 1.174430 1.336214 3.056970 4.684647 5.393632 4.684647 3.056970 1.336214 1.174430 2.330567 3.289969 3.561381 2.905401 1.616467 0.277870 0.245869 0.875120 1.399242 1.577916 1.274237 0.563096 -0.284556 0.137525 0.963674 1.704834 2.054438 1.845404 1.168022 0.293039,
 -0.745206 -0.286189 0.569872 1.156758 1.244547 0.986039 1.011785 0.578431 1.461431 3.131207 3.749546 2.708124 1.595690 1.130578 2.249084 3.813143 6.919961 8.248741 5.870709 3.270587 2.114174 2.879327 4.558943 8.269554 10.876366 8.269554 4.558943 2.879327 2.114174 3.270587 5.870709 8.248741 6.919961 3.813143 2.249084 1.130578 1.595690 2.708124 3.749546 3.131207 1.461431 0.578431 1.011785 0.986039 1.244547 1.156758 0.569872 -0.286189 -0.745206,
 3.585084 8.083364 11.909640 14.294291 13.354962 9.569154 6.025184 11.220261 18.353209 25.012144 28.275856 25.065950 17.617460 11.199100 16.663948 26.514118 36.701416 41.606201 36.395935 25.432228 15.890561 18.227598 29.246552 41.513275 47.529625 41.513275 29.246552 18.227598 15.890561 25.432228 36.395935 41.606201 36.701416 26.514118 16.663948 11.199100 17.617460 25.065950 28.275856 25.012144 18.353209 11.220261 6.025184 9.569154 13.354962 14.294291 11.909640 8.083364 3.585084,
 -1.682914 1.357116 3.256441 5.427806 7.102810 6.270726 3.393860 2.235628 6.455418 10.389536 14.002760 14.568655 10.483070 5.103755 6.011374 11.697726 18.155991 23.034412 21.319351 14.029138 7.115677 7.789824 14.692765 22.859428 27.254162 22.859428 14.692765 7.789824 7.115677 14.029138 21.319351 23.034412 18.155991 11.697726 6.011374 5.103755 10.483070 14.568655 14.002760 10.389536 6.455418 2.235628 3.393860 6.270726 7.102810 5.427806 3.256441 1.357116 -1.682914,

Pairwise cross-correlations of the modulus of all oriented sub-bands at the same scale (size QxQ)
 17.518291 22.837626 20.882898 17.778790,
 22.837626 193.956406 214.032669 37.772430,
 20.882898 214.032669 559.453247 226.667816,
 17.778790 37.772430 226.667816 194.897018,
 12.152224 14.168926 14.183889 9.691652,
 14.168926 132.119629 143.659973 20.804676,
 14.183889 143.659973 355.884155 134.164001,
 9.691652 20.804676 134.164001 114.904335,
 6.905990 6.292451 5.844589 4.384456,
 6.292451 39.538544 36.047279 6.601058,
 5.844589 36.047279 123.600449 61.827286,
 4.384456 6.601058 61.827286 54.668091,
 5.393632 2.343986 2.238800 4.037376,
 2.343986 10.876366 10.701400 2.383979,
 2.238800 10.701400 47.529625 24.756769,
 4.037376 2.383979 24.756769 27.254162,

Cross-correlations of the modulus of all oriented sub-bands with all oriented sub-bands at the coarser scale (size QxQ)
 9.091739 11.689860 9.266776 8.938456,
 17.761503 70.635735 67.942947 17.469475,
 22.107182 70.929352 149.674927 85.703888,
 12.822352 10.122673 70.409782 72.849670,
 5.028620 7.834711 7.103776 4.658051,
 10.041201 24.884890 30.057468 9.386553,
 12.300679 24.184402 75.375763 44.953011,
 5.514173 5.630035 37.399891 32.554329,
 4.007214 2.601086 4.072379 3.893187,
 2.771755 5.717421 1.947038 -0.986922,
 3.040600 4.517970 3.411040 0.183247,
 3.462668 1.902058 -1.244275 2.533048,

Cross-correlations of the real part of each oriented sub-band with both the real and imaginary part of all phase-doubled oriented sub-bands at the next coarser scale (Q matrices of size 1x2Q, which are computed and stored in a matrix of size Qx2Q)
 -3.071236 -6.187783 -3.757275 -4.585384 1.984305 0.165182 0.190467 -0.352221,
 -6.417931 -44.993214 -31.324032 -8.538500 0.540980 5.233046 10.077835 2.734948,
 -5.278340 -45.415150 -80.731804 -69.121521 -0.431361 10.213943 32.254219 11.088616,
 -3.554240 -6.582235 -46.071301 -60.804153 0.580420 3.417367 14.648689 5.036180,
 -0.908654 -1.927159 -0.994711 -1.208205 1.392104 0.459812 0.108166 -0.208198,
 -1.907876 -2.214064 -9.330917 -3.777770 0.946481 -4.265603 -3.019182 -0.382569,
 -0.883433 -0.924434 -42.488270 -25.686995 0.462485 -10.420810 -8.860241 -5.944841,
 -0.733042 -1.666140 -25.735971 -20.202316 0.446841 -2.888657 -2.840830 -6.039463,
 -1.038208 -0.855075 -0.257373 -0.891886 -0.136774 -0.406192 -0.248470 0.289701,
 -0.735128 -0.480716 -0.009848 -0.952670 -0.226791 -1.926514 4.895716 0.916004,
 -0.250169 -0.926652 -12.409843 -10.174523 -0.431994 1.599593 9.490748 -0.520605,
 -0.575816 -1.087370 -9.718752 -9.680747 -0.598334 1.411026 0.284676 -1.214527,
