Low-band skewness and kurtosis
 -0.700183 2.275237,
 -0.593023 2.226865,
 -0.490915 2.110642,
 -0.445469 1.929228,
 -0.362428 1.807781,

High-band variance
 925.751160,

Skewness, kurtosis, variance, mean, maximum and minimum of the reconstructed texture
 -0.794761 2.124179 6308.709473 190.645264 255.000000 0.000000,

Auto-correlations of the low-frequency bands at each scale
 2730.749756 2533.277588 2411.148682 2370.186523 2392.856201 2471.139404 2595.055908 3019.305908 2728.790283 2461.718750 2359.746582 2480.256348 2769.126221 3083.593018 3478.028320 3688.084717 3861.828369 3947.202148 3914.560303 3812.430908 3688.031738 3853.352783 4437.283203 4973.330078 5199.587891 4973.330078 4437.283203 3853.352783 3688.031738 3812.430908 3914.560303 3947.202148 3861.828369 3688.084717 3478.028320 3083.593018 2769.126221 2480.256348 2359.746582 2461.718750 2728.790283 3019.305908 2595.055908 2471.139404 2392.856201 2370.186523 2411.148682 2533.277588 2730.749756,
 2495.136963 2437.958740 2403.398926 2384.317383 2380.305664 2405.397705 2466.682861 2838.012939 2659.538574 2472.523193 2370.507324 2394.768799 2525.569336 2686.815674 3092.332031 3157.843750 3222.027100 3253.427979 3210.948486 3119.371094 3020.115723 3178.962158 3507.629395 3831.324219 3973.366699 3831.324219 3507.629395 3178.962158 3020.115723 3119.371094 3210.948486 3253.427979 3222.027100 3157.843750 3092.332031 2686.815674 2525.569336 2394.768799 2370.507324 2472.523193 2659.538574 2838.012939 2466.682861 2405.397705 2380.305664 2384.317383 2403.398926 2437.958740 2495.136963,
 2096.529297 2067.507812 2051.266357 2059.419434 2081.094971 2101.208008 2114.494629 2486.533447 2405.490723 2314.884766 2273.696289 2295.603027 2358.201172 2421.779541 2760.470947 2817.530518 2860.395752 2867.444580 2820.523682 2756.116455 2710.211670 2853.331299 3022.005127 3201.341797 3284.321045 3201.341797 3022.005127 2853.331299 2710.211670 2756.116455 2820.523682 2867.444580 2860.395752 2817.530518 2760.470947 2421.779541 2358.201172 2295.603027 2273.696289 2314.884766 2405.490723 2486.533447 2114.494629 2101.208008 2081.094971 2059.419434 2051.266357 2067.507812 2096.529297,
 768.947327 763.503540 778.446289 815.649353 865.817993 917.360840 965.028748 1671.891846 1679.228149 1689.880371 1708.258057 1727.984863 1745.088257 1756.820068 2383.411377 2450.040771 2510.132080 2536.448975 2508.887939 2445.430908 2373.499268 2645.561035 2763.441650 2874.145508 2922.487305 2874.145508 2763.441650 2645.561035 2373.499268 2445.430908 2508.887939 2536.448975 2510.132080 2450.040771 2383.411377 1756.820068 1745.088257 1727.984863 1708.258057 1689.880371 1679.228149 1671.891846 965.028748 917.360840 865.817993 815.649353 778.446289 763.503540 768.947327,
 -1704.865601 -1744.610474 -1794.098511 -1808.106323 -1775.763550 -1733.128052 -1706.084106 -48.936481 -124.995110 -169.198792 -144.479401 -69.548477 1.150978 31.037327 1646.658691 1662.490601 1738.008667 1821.389771 1847.850952 1811.421753 1748.293457 2407.596436 2523.008545 2667.450439 2736.425049 2667.450439 2523.008545 2407.596436 1748.293457 1811.421753 1847.850952 1821.389771 1738.008667 1662.490601 1646.658691 31.037327 1.150978 -69.548477 -144.479401 -169.198792 -124.995110 -48.936481 -1706.084106 -1733.128052 -1775.763550 -1808.106323 -1794.098511 -1744.610474 -1704.865601,

Auto-correlations of the modulus of each oriented sub-band
 9.042843 10.370087 11.515643 11.905106 11.282193 9.983894 8.630703 9.725729 11.396437 12.641238 12.981129 12.348580 10.960249 9.273651 10.705782 13.476152 15.751245 16.568630 15.559675 13.255245 10.643873 11.225208 15.070798 19.259794 21.254957 19.259794 15.070798 11.225208 10.643873 13.255245 15.559675 16.568630 15.751245 13.476152 10.705782 9.273651 10.960249 12.348580 12.981129 12.641238 11.396437 9.725729 8.630703 9.983894 11.282193 11.905106 11.515643 10.370087 9.042843,
 132.429169 138.278625 146.436050 155.843887 163.840164 168.616516 169.264160 148.316650 163.137421 180.469452 194.623169 200.716156 199.471985 192.474487 171.560028 196.862366 224.040146 240.604095 237.585922 222.195496 202.732147 193.709732 221.787659 249.811142 263.261169 249.811142 221.787659 193.709732 202.732147 222.195496 237.585922 240.604095 224.040146 196.862366 171.560028 192.474487 199.471985 200.716156 194.623169 180.469452 163.137421 148.316650 169.264160 168.616516 163.840164 155.843887 146.436050 138.278625 132.429169,
 282.461212 299.364441 318.828308 329.424835 325.463806 314.325256 302.687225 315.669922 352.791870 398.446259 421.938599 403.830963 366.986694 336.877563 346.571289 405.169067 482.289398 522.826782 484.802826 413.672485 360.544678 363.953674 430.116394 520.490540 569.962280 520.490540 430.116394 363.953674 360.544678 413.672485 484.802826 522.826782 482.289398 405.169067 346.571289 336.877563 366.986694 403.830963 421.938599 398.446259 352.791870 315.669922 302.687225 314.325256 325.463806 329.424835 318.828308 299.364441 282.461212,
 172.669403 171.589798 168.326447 162.466751 154.019409 145.215225 137.293427 190.401459 196.533813 199.882614 197.464539 186.081253 170.439636 156.256927 199.538986 215.623062 230.981995 236.656342 222.930878 199.283371 178.144363 194.904510 217.552612 242.483795 255.469238 242.483795 217.552612 194.904510 178.144363 199.283371 222.930878 236.656342 230.981995 215.623062 199.538986 156.256927 170.439636 186.081253 197.464539 199.882614 196.533813 190.401459 137.293427 145.215225 154.019409 162.466751 168.326447 171.589798 172.669403,
 5.441922 6.529068 7.532836 8.035764 7.724368 6.711752 5.550565 6.114912 7.616781 8.954674 9.597755 9.222332 7.982563 6.459377 7.004826 9.469834 11.923134 13.094960 12.198242 9.809529 7.191190 7.608103 11.056651 14.700511 16.402012 14.700511 11.056651 7.608103 7.191190 9.809529 12.198242 13.094960 11.923134 9.469834 7.004826 6.459377 7.982563 9.222332 9.597755 8.954674 7.616781 6.114912 5.550565 6.711752 7.724368 8.035764 7.532836 6.529068 5.441922,
 54.149727 59.446831 66.384903 72.686447 76.894836 77.739006 74.873009 64.619736 74.606071 86.193993 93.802338 95.031807 91.362312 84.705093 78.206161 93.515831 110.713074 119.475327 114.555283 102.809593 90.808548 88.658340 105.048599 123.483383 132.752350 123.483383 105.048599 88.658340 90.808548 102.809593 114.555283 119.475327 110.713074 93.515831 78.206161 84.705093 91.362312 95.031807 93.802338 86.193993 74.606071 64.619736 74.873009 77.739006 76.894836 72.686447 66.384903 59.446831 54.149727,
 121.357224 128.228577 139.320694 148.920258 148.307877 138.710999 126.944962 137.843582 153.070801 179.342865 199.000061 191.593964 165.575623 141.901382 150.876999 179.317108 225.802383 255.851456 236.041306 189.345428 154.042709 157.330460 195.147552 251.974701 283.310394 251.974701 195.147552 157.330460 154.042709 189.345428 236.041306 255.851456 225.802383 179.317108 150.876999 141.901382 165.575623 191.593964 199.000061 179.342865 153.070801 137.843582 126.944962 138.710999 148.307877 148.920258 139.320694 128.228577 121.357224,
 87.274467 87.388084 84.213181 79.106575 73.065308 66.668907 60.734016 98.071121 103.291496 104.627655 101.581604 93.576630 82.394356 72.264801 102.059212 114.014877 123.903381 126.782410 117.720428 101.322311 86.426201 97.786255 113.968414 130.947586 139.261169 130.947586 113.968414 97.786255 86.426201 101.322311 117.720428 126.782410 123.903381 114.014877 102.059212 72.264801 82.394356 93.576630 101.581604 104.627655 103.291496 98.071121 60.734016 66.668907 73.065308 79.106575 84.213181 87.388084 87.274467,
 3.332794 4.348362 5.375391 5.877854 5.583906 4.609405 3.416659 3.596638 4.670250 5.645088 6.052073 5.685650 4.680921 3.499835 4.507105 6.374779 8.219705 9.039088 8.288447 6.462189 4.566367 5.197247 7.838264 10.590857 11.835464 10.590857 7.838264 5.197247 4.566367 6.462189 8.288447 9.039088 8.219705 6.374779 4.507105 3.499835 4.680921 5.685650 6.052073 5.645088 4.670250 3.596638 3.416659 4.609405 5.583906 5.877854 5.375391 4.348362 3.332794,
 24.945326 28.465080 31.417168 32.883896 32.855377 31.732887 29.263292 27.482830 34.257805 40.174416 42.222725 40.497009 37.350060 33.666561 30.398516 40.034309 50.116600 53.910233 49.456741 42.042015 35.379917 33.644180 43.104774 54.233818 59.933727 54.233818 43.104774 33.644180 35.379917 42.042015 49.456741 53.910233 50.116600 40.034309 30.398516 33.666561 37.350060 40.497009 42.222725 40.174416 34.257805 27.482830 29.263292 31.732887 32.855377 32.883896 31.417168 28.465080 24.945326,
 30.472404 43.106956 55.306976 61.593597 60.898972 55.711113 47.230141 34.990925 55.360214 77.679657 88.898453 82.856857 67.583595 52.281773 42.109768 70.140091 103.034431 119.720070 106.705070 78.537430 53.904987 49.950188 80.280403 116.443161 134.497375 116.443161 80.280403 49.950188 53.904987 78.537430 106.705070 119.720070 103.034431 70.140091 42.109768 52.281773 67.583595 82.856857 88.898453 77.679657 55.360214 34.990925 47.230141 55.711113 60.898972 61.593597 55.306976 43.106956 30.472404,
 35.023075 40.838310 44.214348 43.841385 39.352280 31.931147 22.945549 41.555218 51.601227 58.885559 60.238651 53.677940 41.674911 28.532322 44.697517 59.520432 72.458755 77.403137 69.318771 52.781006 35.730362 42.212940 60.089706 77.600983 85.744446 77.600983 60.089706 42.212940 35.730362 52.781006 69.318771 77.403137 72.458755 59.520432 44.697517 28.532322 41.674911 53.677940 60.238651 58.885559 51.601227 41.555218 22.945549 31.931147 39.352280 43.841385 44.214348 40.838310 35.023075,
 0.419251 1.656860 2.694321 3.062109 2.554028 1.372049 0.099235 0.396977 1.729976 2.973385 3.533643 3.152089 2.018407 0.702095 0.947007 2.662952 4.366191 5.190334 4.623450 3.101794 1.446565 1.633649 3.622674 5.606312 6.514891 5.606312 3.622674 1.633649 1.446565 3.101794 4.623450 5.190334 4.366191 2.662952 0.947007 0.702095 2.018407 3.152089 3.533643 2.973385 1.729976 0.396977 0.099235 1.372049 2.554028 3.062109 2.694321 1.656860 0.419251,
 0.503343 0.565950 1.049634 1.627421 1.870998 1.434661 0.831885 1.727849 3.179479 4.913831 5.782738 5.565594 4.582353 3.331037 3.848437 7.511846 11.492553 12.865965 10.742827 7.432689 4.581349 4.750324 9.132809 14.469940 17.286766 14.469940 9.132809 4.750324 4.581349 7.432689 10.742827 12.865965 11.492553 7.511846 3.848437 3.331037 4.582353 5.565594 5.782738 4.913831 3.179479 1.727849 0.831885 1.434661 1.870998 1.627421 1.049634 0.565950 0.503343,
 3.661980 6.464501 9.712183 13.306952 15.995007 16.584225 14.921774 15.992971 22.000692 29.312117 34.166359 32.567307 26.606108 20.198301 26.095018 36.741405 50.023533 57.461792 51.210155 37.732952 26.170698 29.479935 42.981750 59.865685 68.787949 59.865685 42.981750 29.479935 26.170698 37.732952 51.210155 57.461792 50.023533 36.741405 26.095018 20.198301 26.606108 32.567307 34.166359 29.312117 22.000692 15.992971 14.921774 16.584225 15.995007 13.306952 9.712183 6.464501 3.661980,
 0.909330 2.433494 3.004750 3.262487 3.699429 4.499875 5.585897 4.438183 7.591761 9.490583 9.726791 8.305153 6.520800 5.937531 8.320840 14.003139 19.277403 21.340221 18.328737 12.774439 8.587205 10.236718 16.927105 24.505964 28.153374 24.505964 16.927105 10.236718 8.587205 12.774439 18.328737 21.340221 19.277403 14.003139 8.320840 5.937531 6.520800 8.305153 9.726791 9.490583 7.591761 4.438183 5.585897 4.499875 3.699429 3.262487 3.004750 2.433494 0.909330,

Pairwise cross-correlations of the modulus of all oriented sub-bands at the same scale (size QxQ)
 21.254957 31.870371 43.643654 32.408123,
 31.870371 263.261230 270.802307 32.623066,
 43.643654 270.802307 569.962341 242.606644,
 32.408123 32.623066 242.606644 255.469254,
 16.402014 17.903732 22.778400 16.006182,
 17.903732 132.752380 116.753357 6.140409,
 22.778400 116.753357 283.310425 130.964050,
 16.006182 6.140409 130.964050 139.261200,
 11.835464 11.419189 16.684267 14.889733,
 11.419189 59.933735 54.254898 6.855665,
 16.684267 54.254898 134.497391 73.911713,
 14.889733 6.855665 73.911713 85.744453,
 6.514892 3.470114 8.033274 6.031936,
 3.470114 17.286768 22.884537 8.228036,
 8.033274 22.884537 68.787956 32.325386,
 6.031936 8.228036 32.325386 28.153378,

Cross-correlations of the modulus of all oriented sub-bands with all oriented sub-bands at the coarser scale (size QxQ)
 12.051788 16.965250 24.329250 16.110956,
 24.699913 109.793091 93.202515 9.046879,
 37.865379 100.619438 171.937439 92.769081,
 21.935118 7.992709 98.141418 104.778275,
 9.274267 10.321157 13.319994 11.131035,
 10.726650 41.260841 23.636082 -6.826484,
 17.840117 35.025681 72.247047 38.444828,
 10.749393 4.283979 56.537960 53.117062,
 5.361773 5.306071 9.313498 5.590847,
 7.961547 12.357828 12.851339 5.614268,
 10.246872 14.979772 25.947626 19.326445,
 8.311697 4.633605 16.066980 18.765732,

Cross-correlations of the real part of each oriented sub-band with both the real and imaginary part of all phase-doubled oriented sub-bands at the next coarser scale (Q matrices of size 1x2Q, which are computed and stored in a matrix of size Qx2Q)
 -2.030777 -5.263630 -4.273948 -4.515615 1.647496 -0.896885 -0.454220 -0.193169,
 -4.714238 -40.359978 -23.482248 -1.886635 -0.039596 -11.100885 -11.247133 -0.728829,
 -5.290646 -35.629677 -31.072615 -24.545820 -0.375947 -10.950213 -12.147795 -0.635701,
 -4.136122 -3.341653 -15.385470 -30.248505 0.512049 -0.952594 0.664569 0.361565,
 -0.577729 -3.079097 -2.071627 -1.554157 1.100033 0.083243 -0.085226 0.171939,
 -2.450650 -20.986954 -9.606280 -0.390291 0.384758 3.066583 7.074364 -0.505464,
 -2.721312 -18.036224 -22.648273 -13.456917 0.066518 4.195748 8.304197 -1.169921,
 -1.679162 -2.010887 -15.659292 -15.680180 0.659384 0.438229 -0.797855 0.667726,
 1.694672 1.833517 0.342621 0.491669 1.324209 2.408157 0.590433 0.357343,
 1.651120 6.464919 8.419127 1.053869 0.691949 9.288731 6.260062 1.233721,
 0.154178 5.723352 18.287367 5.141561 -0.152222 6.513164 27.210157 13.908533,
 0.326540 1.288055 5.774693 4.612782 0.291453 0.917290 16.855965 11.510347,
