Low-band skewness and kurtosis
 -0.575073 2.155242,
 -0.488137 2.310337,
 -0.264128 2.089183,
 0.013878 1.809945,
 0.191509 1.636976,

High-band variance
 916.168701,

Skewness, kurtosis, variance, mean, maximum and minimum of the reconstructed texture
 -0.693535 2.005454 5698.491211 190.226013 255.000000 5.000000,

Auto-correlations of the low-frequency bands at each scale
 1474.281494 1472.903442 1491.675049 1522.889526 1557.766602 1593.088745 1625.449951 1765.166016 1614.072754 1499.755615 1442.647095 1446.216553 1507.188477 1608.804443 3194.187744 3198.164795 3177.164795 3123.397461 3031.330322 2928.433838 2844.448975 4067.375977 4307.550781 4496.163086 4571.305176 4496.163086 4307.550781 4067.375977 2844.448975 2928.433838 3031.330322 3123.397461 3177.164795 3198.164795 3194.187744 1608.804443 1507.188477 1446.216553 1442.647095 1499.755615 1614.072754 1765.166016 1625.449951 1593.088745 1557.766602 1522.889526 1491.675049 1472.903442 1474.281494,
 1421.216553 1423.152832 1437.456299 1465.324585 1503.346436 1540.159668 1565.804443 1461.268555 1396.339111 1355.688965 1351.195557 1384.372070 1449.909912 1533.151855 2360.150879 2384.775635 2397.439697 2383.762939 2337.138916 2285.646240 2254.185547 2970.132080 3119.207520 3247.088867 3301.309326 3247.088867 3119.207520 2970.132080 2254.185547 2285.646240 2337.138916 2383.762939 2397.439697 2384.775635 2360.150879 1533.151855 1449.909912 1384.372070 1351.195557 1355.688965 1396.339111 1461.268555 1565.804443 1540.159668 1503.346436 1465.324585 1437.456299 1423.152832 1421.216553,
 1547.931885 1529.912598 1503.142578 1472.676392 1442.645508 1412.402832 1380.510986 1541.444580 1482.855469 1433.003174 1406.114014 1407.095947 1430.633057 1465.289795 1859.506348 1887.984375 1923.989624 1953.055298 1961.617798 1959.357666 1959.048340 2262.047119 2356.077393 2441.227295 2478.261719 2441.227295 2356.077393 2262.047119 1959.048340 1959.357666 1961.617798 1953.055298 1923.989624 1887.984375 1859.506348 1465.289795 1430.633057 1407.095947 1406.114014 1433.003174 1482.855469 1541.444580 1380.510986 1412.402832 1442.645508 1472.676392 1503.142578 1529.912598 1547.931885,
 631.900085 624.255066 615.411682 606.461548 602.512756 604.810852 610.189514 1226.847046 1199.484619 1168.846436 1142.689819 1126.921875 1124.001221 1131.911743 1732.300171 1740.507812 1742.554199 1731.323608 1701.757324 1667.746094 1645.338013 1928.401245 1978.725708 2028.195679 2050.718994 2028.195679 1978.725708 1928.401245 1645.338013 1667.746094 1701.757324 1731.323608 1742.554199 1740.507812 1732.300171 1131.911743 1124.001221 1126.921875 1142.689819 1168.846436 1199.484619 1226.847046 610.189514 604.810852 602.512756 606.461548 615.411682 624.255066 631.900085,
 -1261.269775 -1263.597168 -1260.250244 -1253.651978 -1242.853027 -1233.921875 -1237.050293 -55.949402 -64.247437 -75.118439 -86.160431 -86.602188 -71.929306 -55.825012 1258.708984 1273.241577 1279.184448 1265.080200 1237.247925 1220.906372 1226.281982 1809.071167 1832.746826 1867.305176 1885.204224 1867.305176 1832.746826 1809.071167 1226.281982 1220.906372 1237.247925 1265.080200 1279.184448 1273.241577 1258.708984 -55.825012 -71.929306 -86.602188 -86.160431 -75.118439 -64.247437 -55.949402 -1237.050293 -1233.921875 -1242.853027 -1253.651978 -1260.250244 -1263.597168 -1261.269775,

Auto-correlations of the modulus of each oriented sub-band
 3.592412 4.780424 5.820320 6.233897 5.798192 4.739407 3.513663 4.185441 5.442027 6.500631 6.906262 6.440183 5.309973 3.971389 4.950926 6.565658 7.996943 8.637690 8.103833 6.630221 4.870832 5.358157 7.449355 9.387846 10.216572 9.387846 7.449355 5.358157 4.870832 6.630221 8.103833 8.637690 7.996943 6.565658 4.950926 3.971389 5.309973 6.440183 6.906262 6.500631 5.442027 4.185441 3.513663 4.739407 5.798192 6.233897 5.820320 4.780424 3.592412,
 46.371014 48.137112 50.202053 51.762447 52.452358 52.505291 52.322239 58.182732 63.517570 69.573448 72.739975 71.957985 69.482643 67.212128 73.854118 83.176628 94.437981 99.804520 95.444054 87.344322 80.891075 84.043198 94.074860 106.894318 113.687157 106.894318 94.074860 84.043198 80.891075 87.344322 95.444054 99.804520 94.437981 83.176628 73.854118 67.212128 69.482643 71.957985 72.739975 69.573448 63.517570 58.182732 52.322239 52.505291 52.452358 51.762447 50.202053 48.137112 46.371014,
 295.744476 303.178467 310.718201 314.730225 312.088074 304.106995 294.756500 370.368286 398.859802 425.540771 438.869293 430.325745 404.838928 374.650696 459.197479 515.374573 567.172546 591.219238 571.934875 521.459900 463.840546 502.938110 573.747559 638.312500 666.251831 638.312500 573.747559 502.938110 463.840546 521.459900 571.934875 591.219238 567.172546 515.374573 459.197479 374.650696 404.838928 430.325745 438.869293 425.540771 398.859802 370.368286 294.756500 304.106995 312.088074 314.730225 310.718201 303.178467 295.744476,
 84.389305 83.972198 82.843506 81.172951 79.109787 76.635864 73.995110 102.824921 106.059250 108.322418 108.367645 104.649872 97.609238 89.933411 119.139000 128.715179 137.556580 141.249023 135.586334 123.020157 109.806694 122.547653 136.961121 151.072098 157.543671 151.072098 136.961121 122.547653 109.806694 123.020157 135.586334 141.249023 137.556580 128.715179 119.139000 89.933411 97.609238 104.649872 108.367645 108.322418 106.059250 102.824921 73.995110 76.635864 79.109787 81.172951 82.843506 83.972198 84.389305,
 2.335105 3.283843 4.145030 4.516179 4.206770 3.393235 2.456916 2.555876 3.500889 4.359962 4.716748 4.367756 3.502313 2.529637 3.224467 4.625940 5.950772 6.537759 6.001229 4.650484 3.179204 3.721191 5.596202 7.434777 8.247160 7.434777 5.596202 3.721191 3.179204 4.650484 6.001229 6.537759 5.950772 4.625940 3.224467 2.529637 3.502313 4.367756 4.716748 4.359962 3.500889 2.555876 2.456916 3.393235 4.206770 4.516179 4.145030 3.283843 2.335105,
 27.509729 29.045132 30.333952 30.553156 30.029894 29.600948 29.443190 34.362118 38.303062 41.951195 42.707851 40.829536 38.783577 37.318157 42.895718 49.726555 57.154915 59.523518 55.162949 49.297638 44.954746 47.564964 54.701122 63.760162 68.665359 63.760162 54.701122 47.564964 44.954746 49.297638 55.162949 59.523518 57.154915 49.726555 42.895718 37.318157 38.783577 40.829536 42.707851 41.951195 38.303062 34.362118 29.443190 29.600948 30.029894 30.553156 30.333952 29.045132 27.509729,
 194.489517 202.768494 208.649048 210.310028 206.603027 199.471497 192.225571 243.057877 267.394653 285.633240 291.177002 280.802917 259.382080 235.622635 290.194397 335.201691 371.817230 384.992950 367.157867 327.767792 283.161743 307.787750 362.928650 410.677643 430.671326 410.677643 362.928650 307.787750 283.161743 327.767792 367.157867 384.992950 371.817230 335.201691 290.194397 235.622635 259.382080 280.802917 291.177002 285.633240 267.394653 243.057877 192.225571 199.471497 206.603027 210.310028 208.649048 202.768494 194.489517,
 46.665745 48.405735 49.648285 49.348663 46.790703 42.685940 38.742184 58.398151 62.821796 66.620056 67.756241 64.050705 56.475231 48.678509 68.148026 77.067879 86.121765 90.552048 85.443359 73.476830 61.504787 69.728645 82.396362 95.812767 102.244255 95.812767 82.396362 69.728645 61.504787 73.476830 85.443359 90.552048 86.121765 77.067879 68.148026 48.678509 56.475231 64.050705 67.756241 66.620056 62.821796 58.398151 38.742184 42.685940 46.790703 49.348663 49.648285 48.405735 46.665745,
 1.074160 1.562421 2.017940 2.220783 2.075190 1.688493 1.260948 1.184436 1.688610 2.160905 2.361092 2.211154 1.847998 1.460405 1.500650 2.189505 2.924047 3.272810 3.010253 2.379225 1.759864 1.948895 2.897509 3.956414 4.455104 3.956414 2.897509 1.948895 1.759864 2.379225 3.010253 3.272810 2.924047 2.189505 1.500650 1.460405 1.847998 2.211154 2.361092 2.160905 1.688610 1.184436 1.260948 1.688493 2.075190 2.220783 2.017940 1.562421 1.074160,
 17.895319 19.080557 19.838844 19.054077 17.168808 15.677313 14.905760 25.009167 28.387224 30.844933 30.107573 26.638222 23.289976 21.240875 30.388069 36.553169 42.405548 43.399204 38.489014 32.304604 27.808594 31.467493 38.085449 45.925903 49.988007 45.925903 38.085449 31.467493 27.808594 32.304604 38.489014 43.399204 42.405548 36.553169 30.388069 21.240875 23.289976 26.638222 30.107573 30.844933 28.387224 25.009167 14.905760 15.677313 17.168808 19.054077 19.838844 19.080557 17.895319,
 72.683182 78.258087 80.513718 78.839378 72.461136 65.619858 63.415558 98.077232 112.729248 123.048424 124.121735 113.222801 97.372284 85.819862 118.187988 143.848679 165.866165 172.862015 158.377853 132.306412 108.811981 122.389259 152.619720 182.396790 195.859833 182.396790 152.619720 122.389259 108.811981 132.306412 158.377853 172.862015 165.866165 143.848679 118.187988 85.819862 97.372284 113.222801 124.121735 123.048424 112.729248 98.077232 63.415558 65.619858 72.461136 78.839378 80.513718 78.258087 72.683182,
 11.918502 12.469645 13.557754 15.120662 16.065496 15.339903 13.748368 15.757778 18.194967 21.201296 23.867764 23.683714 20.138647 16.036230 18.119831 23.030596 29.467970 34.111294 31.975031 24.599501 17.778606 18.574537 25.658243 34.725643 39.523972 34.725643 25.658243 18.574537 17.778606 24.599501 31.975031 34.111294 29.467970 23.030596 18.119831 16.036230 20.138647 23.683714 23.867764 21.201296 18.194967 15.757778 13.748368 15.339903 16.065496 15.120662 13.557754 12.469645 11.918502,
 -0.162505 0.070009 0.244541 0.296399 0.223983 0.115189 0.038747 -0.120376 0.187581 0.501144 0.702666 0.727229 0.593216 0.362679 0.123295 0.731606 1.412503 1.813720 1.678479 1.126934 0.520237 0.532339 1.409167 2.388908 2.851163 2.388908 1.409167 0.532339 0.520237 1.126934 1.678479 1.813720 1.412503 0.731606 0.123295 0.362679 0.593216 0.727229 0.702666 0.501144 0.187581 -0.120376 0.038747 0.115189 0.223983 0.296399 0.244541 0.070009 -0.162505,
 -0.602241 -0.579111 -0.126605 0.039805 -0.028503 0.028628 0.298904 1.162467 1.937360 3.011926 3.069785 2.211846 1.663573 1.452318 2.926286 4.611142 6.959697 7.571321 5.686607 3.886379 3.098504 3.727758 5.326596 8.245507 10.057692 8.245507 5.326596 3.727758 3.098504 3.886379 5.686607 7.571321 6.959697 4.611142 2.926286 1.452318 1.663573 2.211846 3.069785 3.011926 1.937360 1.162467 0.298904 0.028628 -0.028503 0.039805 -0.126605 -0.579111 -0.602241,
 -8.017570 -7.538556 -1.534598 7.199180 11.630566 12.226544 11.061810 -4.050687 0.135869 10.465796 22.173826 25.531000 22.753937 17.845589 4.420604 12.944942 27.005732 39.301685 38.037903 29.071098 19.678825 14.167150 25.197130 39.214985 47.407631 39.214985 25.197130 14.167150 19.678825 29.071098 38.037903 39.301685 27.005732 12.944942 4.420604 17.845589 22.753937 25.531000 22.173826 10.465796 0.135869 -4.050687 11.061810 12.226544 11.630566 7.199180 -1.534598 -7.538556 -8.017570,
 -0.699283 -0.327924 0.273270 0.658229 0.239903 -0.733527 -1.554160 1.908000 2.735569 4.036905 5.224726 5.160452 3.920720 2.690552 5.074275 6.863665 9.374928 11.380209 10.915142 8.645654 6.578217 7.374215 9.809169 12.863697 14.508048 12.863697 9.809169 7.374215 6.578217 8.645654 10.915142 11.380209 9.374928 6.863665 5.074275 2.690552 3.920720 5.160452 5.224726 4.036905 2.735569 1.908000 -1.554160 -0.733527 0.239903 0.658229 0.273270 -0.327924 -0.699283,

Pairwise cross-correlations of the modulus of all oriented sub-bands at the same scale (size QxQ)
 10.216572 8.952541 15.032869 13.806530,
 8.952541 113.687172 229.892212 74.575226,
 15.032869 229.892212 666.251892 269.416931,
 13.806530 74.575226 269.416931 157.543686,
 8.247161 7.141980 11.139826 10.010859,
 7.141980 68.665359 141.723022 48.908257,
 11.139826 141.723022 430.671356 175.643234,
 10.010859 48.908257 175.643234 102.244270,
 4.455105 5.477393 9.419552 6.197000,
 5.477393 49.988007 85.778076 23.975698,
 9.419552 85.778076 195.859833 62.404263,
 6.197000 23.975698 62.404263 39.523972,
 2.851163 1.717318 2.261093 3.546363,
 1.717318 10.057692 13.415835 5.426690,
 2.261093 13.415835 47.407631 13.009089,
 3.546363 5.426690 13.009089 14.508048,

Cross-correlations of the modulus of all oriented sub-bands with all oriented sub-bands at the coarser scale (size QxQ)
 6.883695 6.181234 8.455439 10.461369,
 10.503212 41.425228 84.951927 35.727123,
 22.045429 91.281601 224.865860 102.356331,
 13.625066 36.314445 100.146225 60.377022,
 3.743391 6.258059 9.083188 8.145037,
 5.506144 26.832375 45.337601 17.271530,
 12.434360 49.974197 100.728195 37.342102,
 7.968106 18.904068 38.682545 21.736614,
 1.847289 1.951814 0.465816 3.244028,
 2.466867 6.762853 11.723104 7.485357,
 4.229808 12.321861 29.763897 12.345949,
 1.702396 5.318052 3.374097 5.164592,

Cross-correlations of the real part of each oriented sub-band with both the real and imaginary part of all phase-doubled oriented sub-bands at the next coarser scale (Q matrices of size 1x2Q, which are computed and stored in a matrix of size Qx2Q)
 -0.958686 -0.735954 -0.408818 -1.443287 0.552520 -0.016381 -0.035638 0.290432,
 -0.620612 -19.593628 -24.389517 -6.435690 0.081569 -6.464114 -9.956073 -3.115672,
 -0.648384 -33.786278 -51.063679 -24.594606 -0.154624 -11.188322 -25.494617 -10.440662,
 -1.035070 -7.320353 -14.873171 -15.882442 0.089002 -2.468825 -9.292482 -3.841226,
 0.301456 -0.855069 -0.664829 -1.038496 0.037712 0.383720 0.096111 -0.339108,
 -0.302703 -17.561195 -20.182093 -3.273901 0.299087 -1.445045 -13.218684 -4.220542,
 -0.573952 -26.658106 -35.384274 -13.493278 0.197488 -8.095367 -36.910450 -12.326396,
 -0.180580 -4.844817 -8.956436 -10.473598 0.183820 -3.009501 -12.615650 -5.696008,
 0.318434 -0.276501 -0.031181 -0.183078 -0.891881 -0.312713 0.017313 0.410539,
 0.113187 -15.909512 -29.871002 -6.300531 -0.349340 -4.253917 -8.764152 -2.289536,
 -0.013729 -32.492207 -74.352173 -18.373095 -0.297652 -6.233561 -19.244165 -4.617668,
 0.106600 -8.819862 -24.378086 -7.126881 -0.802405 -1.166848 -5.182034 0.206191,
