Low-band skewness and kurtosis
 -0.570857 2.231738,
 -0.457598 2.323541,
 -0.280494 2.239389,
 -0.249552 1.995748,
 -0.110515 1.661476,

High-band variance
 1031.730347,

Skewness, kurtosis, variance, mean, maximum and minimum of the reconstructed texture
 -0.715276 2.063680 5782.390625 189.555054 255.000000 2.000000,

Auto-correlations of the low-frequency bands at each scale
 1284.970215 1240.794678 1204.600708 1179.926147 1170.869019 1185.278320 1228.606689 1307.813843 1125.226685 997.122864 965.401733 1044.820190 1220.946167 1448.473267 2549.484375 2652.668945 2770.793457 2869.578125 2916.326172 2920.500000 2897.861328 3749.170654 4110.572266 4402.987305 4520.285156 4402.987305 4110.572266 3749.170654 2897.861328 2920.500000 2916.326172 2869.578125 2770.793457 2652.668945 2549.484375 1448.473267 1220.946167 1044.820190 965.401733 997.122864 1125.226685 1307.813843 1228.606689 1185.278320 1170.869019 1179.926147 1204.600708 1240.794678 1284.970215,
 1360.162598 1363.043457 1365.056152 1363.402344 1355.337402 1348.223633 1354.329834 1260.340576 1145.249268 1068.968018 1056.277100 1108.226807 1217.427246 1361.285156 1933.538696 1964.372925 2021.926392 2081.067139 2108.670654 2113.698975 2110.908447 2595.660156 2797.094482 2972.367188 3046.766113 2972.367188 2797.094482 2595.660156 2110.908447 2113.698975 2108.670654 2081.067139 2021.926392 1964.372925 1933.538696 1361.285156 1217.427246 1108.226807 1056.277100 1068.968018 1145.249268 1260.340576 1354.329834 1348.223633 1355.337402 1363.402344 1365.056152 1363.043457 1360.162598,
 1226.843506 1233.901245 1235.136108 1228.038330 1213.417114 1196.085815 1177.542236 1393.335815 1347.475464 1312.926270 1297.183594 1301.429932 1328.622681 1371.072632 1666.970703 1678.635010 1708.980835 1741.962524 1757.405151 1764.888184 1775.390625 1961.830566 2036.986694 2110.630615 2144.519287 2110.630615 2036.986694 1961.830566 1775.390625 1764.888184 1757.405151 1741.962524 1708.980835 1678.635010 1666.970703 1371.072632 1328.622681 1301.429932 1297.183594 1312.926270 1347.475464 1393.335815 1177.542236 1196.085815 1213.417114 1228.038330 1235.136108 1233.901245 1226.843506,
 620.952881 614.295532 604.837952 594.749573 587.455139 583.527344 580.545166 1031.442993 1012.090576 993.656189 980.719116 975.837463 979.634033 988.836304 1470.448975 1480.550293 1492.548462 1500.317505 1498.138794 1492.234131 1488.648682 1751.646362 1784.182617 1815.292725 1829.487427 1815.292725 1784.182617 1751.646362 1488.648682 1492.234131 1498.138794 1500.317505 1492.548462 1480.550293 1470.448975 988.836304 979.634033 975.837463 980.719116 993.656189 1012.090576 1031.442993 580.545166 583.527344 587.455139 594.749573 604.837952 614.295532 620.952881,
 -1121.874146 -1127.176880 -1128.738770 -1125.579224 -1118.187744 -1110.612427 -1108.990112 0.065161 -9.356476 -22.250797 -30.947016 -28.232693 -15.490522 -2.623403 1123.645142 1131.065796 1132.751343 1125.933472 1114.097534 1106.317749 1107.296753 1588.474487 1605.500488 1626.471313 1636.428467 1626.471313 1605.500488 1588.474487 1107.296753 1106.317749 1114.097534 1125.933472 1132.751343 1131.065796 1123.645142 -2.623403 -15.490522 -28.232693 -30.947016 -22.250797 -9.356476 0.065161 -1108.990112 -1110.612427 -1118.187744 -1125.579224 -1128.738770 -1127.176880 -1121.874146,

Auto-correlations of the modulus of each oriented sub-band
 4.136109 5.228600 6.162476 6.510265 6.101480 5.173746 4.157994 4.675511 5.864601 6.863211 7.274384 6.894281 5.920729 4.810004 5.736554 7.481812 8.935843 9.486787 8.875772 7.449419 5.826699 6.357420 8.664847 10.915334 11.911311 10.915334 8.664847 6.357420 5.826699 7.449419 8.875772 9.486787 8.935843 7.481812 5.736554 4.810004 5.920729 6.894281 7.274384 6.863211 5.864601 4.675511 4.157994 5.173746 6.101480 6.510265 6.162476 5.228600 4.136109,
 53.562019 58.429115 63.902687 68.579697 71.362679 72.910637 74.129082 74.391052 85.004082 96.359627 103.726006 104.530571 101.390846 97.468704 99.269974 116.454193 134.804214 144.506943 139.912704 127.651428 115.458618 116.479469 134.951141 154.826813 164.447113 154.826813 134.951141 116.479469 115.458618 127.651428 139.912704 144.506943 134.804214 116.454193 99.269974 97.468704 101.390846 104.530571 103.726006 96.359627 85.004082 74.391052 74.129082 72.910637 71.362679 68.579697 63.902687 58.429115 53.562019,
 203.827408 221.133026 239.177078 249.490768 247.025009 236.759064 225.844284 274.653198 316.633026 360.192535 381.852844 366.927704 329.777985 293.246582 348.871185 422.596100 500.404266 537.582886 504.319611 429.893463 359.062531 385.065674 473.700256 568.390259 613.361084 568.390259 473.700256 385.065674 359.062531 429.893463 504.319611 537.582886 500.404266 422.596100 348.871185 293.246582 329.777985 366.927704 381.852844 360.192535 316.633026 274.653198 225.844284 236.759064 247.025009 249.490768 239.177078 221.133026 203.827408,
 55.320221 54.789551 54.573753 53.458832 50.634193 46.707542 42.961792 72.670090 75.977654 80.521278 82.420273 77.455467 67.630211 58.689465 86.919373 97.089493 110.511810 117.828590 109.478790 91.983414 77.289841 89.185257 104.861099 124.891724 135.476517 124.891724 104.861099 89.185257 77.289841 91.983414 109.478790 117.828590 110.511810 97.089493 86.919373 58.689465 67.630211 77.455467 82.420273 80.521278 75.977654 72.670090 42.961792 46.707542 50.634193 53.458832 54.573753 54.789551 55.320221,
 3.524461 4.155756 4.609643 4.690183 4.360848 3.755520 3.120082 3.890906 4.761005 5.391301 5.506332 5.094904 4.371038 3.628540 4.401742 5.856108 7.154430 7.582964 6.890894 5.564566 4.283946 4.755641 6.638612 8.601059 9.501058 8.601059 6.638612 4.755641 4.283946 5.564566 6.890894 7.582964 7.154430 5.856108 4.401742 3.628540 4.371038 5.094904 5.506332 5.391301 4.761005 3.890906 3.120082 3.755520 4.360848 4.690183 4.609643 4.155756 3.524461,
 18.963203 23.490250 28.521198 31.757935 32.968826 32.657616 30.933777 26.836887 35.781406 45.493294 50.555859 50.109131 47.067066 42.895107 39.376560 52.931168 68.290443 75.492615 70.456200 60.536865 51.191860 49.792343 63.729202 80.045914 88.445908 80.045914 63.729202 49.792343 51.191860 60.536865 70.456200 75.492615 68.290443 52.931168 39.376560 42.895107 47.067066 50.109131 50.555859 45.493294 35.781406 26.836887 30.933777 32.657616 32.968826 31.757935 28.521198 23.490250 18.963203,
 83.423920 98.191879 115.064018 125.632599 124.420280 114.353287 102.447174 115.842018 147.212463 179.751465 196.165390 186.742065 160.285645 132.400513 156.239410 208.819397 262.127228 286.846008 265.817902 216.015686 165.552399 178.228958 240.687012 303.803619 332.398438 303.803619 240.687012 178.228958 165.552399 216.015686 265.817902 286.846008 262.127228 208.819397 156.239410 132.400513 160.285645 186.742065 196.165390 179.751465 147.212463 115.842018 102.447174 114.353287 124.420280 125.632599 115.064018 98.191879 83.423920,
 33.708084 33.917221 33.172894 31.882215 29.742113 26.920078 24.459255 41.612057 44.526966 46.842949 47.380188 43.577301 36.435894 30.411472 46.600334 53.676582 62.188095 67.050964 61.187729 48.759377 38.908142 45.575409 55.939579 69.694298 77.224838 69.694298 55.939579 45.575409 38.908142 48.759377 61.187729 67.050964 62.188095 53.676582 46.600334 30.411472 36.435894 43.577301 47.380188 46.842949 44.526966 41.612057 24.459255 26.920078 29.742113 31.882215 33.172894 33.917221 33.708084,
 1.506757 1.718809 1.870856 1.868586 1.674537 1.336006 0.982346 1.678480 2.092034 2.339125 2.299620 2.031409 1.662720 1.345312 2.343180 3.255515 4.043161 4.234739 3.698970 2.809739 2.073520 2.620228 3.786742 5.057350 5.656703 5.057350 3.786742 2.620228 2.073520 2.809739 3.698970 4.234739 4.043161 3.255515 2.343180 1.345312 1.662720 2.031409 2.299620 2.339125 2.092034 1.678480 0.982346 1.336006 1.674537 1.868586 1.870856 1.718809 1.506757,
 2.840974 3.589893 3.579998 3.062512 2.537781 2.120928 2.118937 6.196968 9.369845 11.629264 11.818970 10.762578 9.391711 7.961450 10.200807 16.408674 22.452433 24.161537 21.016535 16.454836 12.483222 12.994934 19.492897 27.107807 30.950661 27.107807 19.492897 12.994934 12.483222 16.454836 21.016535 24.161537 22.452433 16.408674 10.200807 7.961450 9.391711 10.762578 11.818970 11.629264 9.369845 6.196968 2.118937 2.120928 2.537781 3.062512 3.579998 3.589893 2.840974,
 -6.296338 -4.337767 -0.048339 5.119965 8.247875 8.401798 6.610703 5.525373 15.791993 28.908699 38.104664 37.472137 29.446541 20.142889 24.051403 45.371326 69.269478 82.170013 74.498192 54.015652 33.754009 36.597275 63.044800 91.465134 104.914246 91.465134 63.044800 36.597275 33.754009 54.015652 74.498192 82.170013 69.269478 45.371326 24.051403 20.142889 29.446541 37.472137 38.104664 28.908699 15.791993 5.525373 6.610703 8.401798 8.247875 5.119965 -0.048339 -4.337767 -6.296338,
 0.210143 -0.555834 -0.635640 -0.082241 0.629337 1.001986 0.875194 2.024625 2.543498 3.774855 5.354548 6.085405 5.118920 3.184183 4.531472 7.144667 10.903069 14.379854 13.950569 9.836035 5.482126 6.006742 10.530724 16.449610 19.789042 16.449610 10.530724 6.006742 5.482126 9.836035 13.950569 14.379854 10.903069 7.144667 4.531472 3.184183 5.118920 6.085405 5.354548 3.774855 2.543498 2.024625 0.875194 1.001986 0.629337 -0.082241 -0.635640 -0.555834 0.210143,
 0.158307 0.524932 0.859760 0.990485 0.831159 0.479640 0.126440 0.061188 0.348955 0.650263 0.811237 0.720502 0.433491 0.121293 0.129244 0.482293 0.899736 1.139416 0.982180 0.542593 0.109445 0.283722 0.865186 1.517187 1.829520 1.517187 0.865186 0.283722 0.109445 0.542593 0.982180 1.139416 0.899736 0.482293 0.129244 0.121293 0.433491 0.720502 0.811237 0.650263 0.348955 0.061188 0.126440 0.479640 0.831159 0.990485 0.859760 0.524932 0.158307,
 -0.797073 -0.400720 0.473356 0.985417 0.326066 -0.291001 -0.517757 0.618397 1.529018 3.149013 3.944848 2.972807 2.011964 1.580258 2.514632 3.924877 6.532997 7.858665 6.065614 4.264731 3.437496 3.782962 5.111378 7.850925 9.901964 7.850925 5.111378 3.782962 3.437496 4.264731 6.065614 7.858665 6.532997 3.924877 2.514632 1.580258 2.011964 2.972807 3.944848 3.149013 1.529018 0.618397 -0.517757 -0.291001 0.326066 0.985417 0.473356 -0.400720 -0.797073,
 8.705101 9.922938 10.633948 10.223835 8.256070 5.063916 1.213108 20.022493 23.673714 27.262701 28.803608 27.027266 22.781368 17.842978 30.743513 37.317963 44.070168 47.367435 44.875954 38.575760 31.865755 36.363731 44.273399 52.243568 55.915298 52.243568 44.273399 36.363731 31.865755 38.575760 44.875954 47.367435 44.070168 37.317963 30.743513 17.842978 22.781368 27.027266 28.803608 27.262701 23.673714 20.022493 1.213108 5.063916 8.256070 10.223835 10.633948 9.922938 8.705101,
 0.016306 0.717165 1.663855 2.463699 2.657575 1.814242 0.670207 0.901613 2.238535 4.164994 6.016303 6.257094 4.404929 2.378899 2.136605 4.373326 7.625273 10.367855 9.575703 6.155911 3.197157 3.043657 6.069946 10.188576 12.547956 10.188576 6.069946 3.043657 3.197157 6.155911 9.575703 10.367855 7.625273 4.373326 2.136605 2.378899 4.404929 6.257094 6.016303 4.164994 2.238535 0.901613 0.670207 1.814242 2.657575 2.463699 1.663855 0.717165 0.016306,

Pairwise cross-correlations of the modulus of all oriented sub-bands at the same scale (size QxQ)
 11.911312 15.058952 16.415020 13.294074,
 15.058952 164.447113 246.285431 60.442581,
 16.415020 246.285431 613.361084 207.358383,
 13.294074 60.442581 207.358383 135.476517,
 9.501059 11.171684 17.102087 9.627003,
 11.171684 88.445923 123.573311 27.110674,
 17.102087 123.573311 332.398499 119.748581,
 9.627003 27.110674 119.748581 77.224846,
 5.656704 3.299110 1.718798 3.286047,
 3.299110 30.950661 41.355946 6.324102,
 1.718798 41.355946 104.914253 25.754553,
 3.286047 6.324102 25.754553 19.789043,
 1.829520 0.808841 2.532691 1.837089,
 0.808841 9.901964 16.131792 1.277528,
 2.532691 16.131792 55.915298 16.468586,
 1.837089 1.277528 16.468586 12.547958,

Cross-correlations of the modulus of all oriented sub-bands with all oriented sub-bands at the coarser scale (size QxQ)
 7.071131 8.692114 10.707337 7.945346,
 13.555863 41.931400 51.629276 16.514351,
 21.767254 67.840256 112.524017 45.368877,
 12.903312 24.895111 54.638115 37.026909,
 4.567348 3.950608 1.364017 2.957596,
 8.219642 15.210030 13.694922 4.109828,
 15.231512 11.616884 17.450039 9.321465,
 7.653732 -0.950757 -2.320985 7.422618,
 1.790030 1.241279 7.522190 3.763645,
 2.093922 5.010140 11.006142 3.895155,
 0.549401 6.721310 10.656651 2.717201,
 1.074809 0.109522 5.920141 4.037511,

Cross-correlations of the real part of each oriented sub-band with both the real and imaginary part of all phase-doubled oriented sub-bands at the next coarser scale (Q matrices of size 1x2Q, which are computed and stored in a matrix of size Qx2Q)
 -1.103420 -1.908099 -1.177208 -1.184553 0.587956 -0.332293 0.072118 0.014282,
 -1.534639 -26.834959 -20.763870 -4.945158 0.183690 1.296510 5.956056 0.526908,
 -1.565628 -32.235439 -39.243759 -25.343060 -0.048309 4.495285 6.550172 -1.204838,
 -1.117852 -4.417010 -14.706064 -18.405695 0.159772 0.957045 -0.712465 -1.420763,
 0.239571 -0.279235 -0.494668 -0.630916 0.256345 -0.245436 -0.190712 -0.238773,
 -0.310481 -9.604471 -19.525707 -6.305629 0.322805 0.985157 4.694760 0.276858,
 -0.340600 -17.198944 -45.564278 -23.183693 -0.107078 4.432377 4.791166 -5.091081,
 0.066648 -3.830870 -16.438835 -13.442501 -0.137319 1.358464 -2.533917 -5.279249,
 -0.412289 -0.221727 -0.136749 0.077310 -0.223578 0.228606 0.079761 -0.010874,
 -0.179779 -6.489205 -12.877067 -3.368070 -0.047154 8.454728 16.245712 1.800391,
 0.071518 -14.861137 -33.812359 -13.071494 0.086392 16.458788 36.625423 6.280620,
 -0.038516 -4.741728 -12.442770 -6.376539 -0.042830 4.176635 10.737926 2.709248,
