Low-band skewness and kurtosis
 -0.614417 2.386434,
 -0.592070 2.640033,
 -0.568077 2.470886,
 -0.502698 2.220610,
 -0.435032 1.810481,

High-band variance
 912.079529,

Skewness, kurtosis, variance, mean, maximum and minimum of the reconstructed texture
 -0.695930 2.047818 5689.178223 189.494202 255.000000 0.000000,

Auto-correlations of the low-frequency bands at each scale
 1109.196533 1078.175781 1066.564331 1074.857910 1097.587524 1127.465088 1156.527100 1262.700439 1114.219727 998.896118 945.876038 966.003418 1054.098145 1187.330811 2886.462891 2920.340088 2926.742676 2895.299805 2824.719238 2745.197021 2685.030273 4009.330566 4269.691895 4474.279785 4555.384766 4474.279785 4269.691895 4009.330566 2685.030273 2745.197021 2824.719238 2895.299805 2926.742676 2920.340088 2886.462891 1187.330811 1054.098145 966.003418 945.876038 998.896118 1114.219727 1262.700439 1156.527100 1127.465088 1097.587524 1074.857910 1066.564331 1078.175781 1109.196533,
 1259.827637 1244.705933 1235.713623 1233.498413 1232.235840 1223.386353 1203.907227 1208.655884 1112.080322 1034.690308 994.699280 1001.209778 1050.925537 1127.630737 2040.921997 2063.059814 2074.258545 2061.122070 2023.302368 1988.032715 1973.486694 2724.835449 2882.718262 3014.750488 3069.631348 3014.750488 2882.718262 2724.835449 1973.486694 1988.032715 2023.302368 2061.122070 2074.258545 2063.059814 2040.921997 1127.630737 1050.925537 1001.209778 994.699280 1034.690308 1112.080322 1208.655884 1203.907227 1223.386353 1232.235840 1233.498413 1235.713623 1244.705933 1259.827637,
 1120.685791 1129.563965 1140.661621 1157.071045 1177.705078 1196.651123 1208.210938 1212.517578 1165.647339 1128.924683 1111.669189 1116.778198 1145.026489 1189.697754 1692.306885 1691.490967 1687.149780 1668.805420 1630.379028 1593.416992 1575.416260 1999.257935 2075.062988 2146.344971 2178.615723 2146.344971 2075.062988 1999.257935 1575.416260 1593.416992 1630.379028 1668.805420 1687.149780 1691.490967 1692.306885 1189.697754 1145.026489 1116.778198 1111.669189 1128.924683 1165.647339 1212.517578 1208.210938 1196.651123 1177.705078 1157.071045 1140.661621 1129.563965 1120.685791,
 417.821228 415.299591 415.353149 415.893311 414.016479 411.696991 412.918396 929.273254 918.048889 911.300598 909.705017 911.684021 917.914368 926.934021 1437.542725 1440.687744 1447.990601 1450.418945 1441.748169 1431.923828 1428.676025 1668.968262 1692.266602 1720.681641 1735.071655 1720.681641 1692.266602 1668.968262 1428.676025 1431.923828 1441.748169 1450.418945 1447.990601 1440.687744 1437.542725 926.934021 917.914368 911.684021 909.705017 911.300598 918.048889 929.273254 412.918396 411.696991 414.016479 415.893311 415.353149 415.299591 417.821228,
 -1014.600708 -1015.401733 -1020.825928 -1027.711426 -1030.580078 -1027.885742 -1022.681885 -42.917988 -49.010872 -58.496914 -66.717255 -68.502525 -61.479385 -50.789761 1020.249878 1023.908813 1027.796387 1028.198975 1023.404480 1018.790039 1017.237549 1518.797485 1531.978516 1547.543579 1555.129517 1547.543579 1531.978516 1518.797485 1017.237549 1018.790039 1023.404480 1028.198975 1027.796387 1023.908813 1020.249878 -50.789761 -61.479385 -68.502525 -66.717255 -58.496914 -49.010872 -42.917988 -1022.681885 -1027.885742 -1030.580078 -1027.711426 -1020.825928 -1015.401733 -1014.600708,

Auto-correlations of the modulus of each oriented sub-band
 3.517330 4.584172 5.495618 5.821916 5.359785 4.314590 3.116045 3.776921 4.968422 5.960519 6.306243 5.810358 4.705166 3.446866 4.397698 5.988850 7.401473 8.005007 7.438982 5.987505 4.313060 4.881811 6.907629 8.756899 9.535517 8.756899 6.907629 4.881811 4.313060 5.987505 7.438982 8.005007 7.401473 5.988850 4.397698 3.446866 4.705166 5.810358 6.306243 5.960519 4.968422 3.776921 3.116045 4.314590 5.359785 5.821916 5.495618 4.584172 3.517330,
 21.927263 25.085817 28.274338 30.044647 30.393730 30.418734 30.715136 38.925980 46.056900 53.326088 56.659031 55.243240 52.116562 49.663574 59.478283 70.959167 83.304260 88.755615 83.839569 74.651642 66.882904 71.529579 83.674210 97.590179 104.576843 97.590179 83.674210 71.529579 66.882904 74.651642 83.839569 88.755615 83.304260 70.959167 59.478283 49.663574 52.116562 55.243240 56.659031 53.326088 46.056900 38.925980 30.715136 30.418734 30.393730 30.044647 28.274338 25.085817 21.927263,
 137.393784 148.366440 157.132782 158.637756 151.617584 140.964188 131.894821 227.641327 262.462494 292.857971 303.621643 287.642944 255.075287 221.141022 325.685791 391.305939 450.606323 474.506073 446.831543 385.687042 320.083618 367.750031 448.931824 524.258301 557.127808 524.258301 448.931824 367.750031 320.083618 385.687042 446.831543 474.506073 450.606323 391.305939 325.685791 221.141022 255.075287 287.642944 303.621643 292.857971 262.462494 227.641327 131.894821 140.964188 151.617584 158.637756 157.132782 148.366440 137.393784,
 43.863323 43.910732 43.497776 41.853619 38.812733 35.195850 32.268597 63.776562 68.267776 72.257393 73.037392 68.465508 59.854630 51.130413 81.464233 92.789284 104.129929 109.106323 102.503830 87.738426 72.771637 85.699707 102.064896 118.826202 126.547806 118.826202 102.064896 85.699707 72.771637 87.738426 102.503830 109.106323 104.129929 92.789284 81.464233 51.130413 59.854630 68.465508 73.037392 72.257393 68.267776 63.776562 32.268597 35.195850 38.812733 41.853619 43.497776 43.910732 43.863323,
 2.185428 2.680616 3.158434 3.328809 3.028344 2.391885 1.727661 2.408163 3.001165 3.563438 3.772186 3.455204 2.740601 1.977525 2.763164 3.696508 4.637738 5.079906 4.681532 3.661739 2.597324 3.079918 4.429685 5.887157 6.571392 5.887157 4.429685 3.079918 2.597324 3.661739 4.681532 5.079906 4.637738 3.696508 2.763164 1.977525 2.740601 3.455204 3.772186 3.563438 3.001165 2.408163 1.727661 2.391885 3.028344 3.328809 3.158434 2.680616 2.185428,
 6.526313 8.377512 10.463121 11.916990 12.564541 12.738714 12.747845 14.378379 19.869186 25.363941 28.054817 27.733021 26.210266 24.540176 26.567060 35.723343 45.402676 49.641495 46.391727 40.237427 34.624458 35.591797 44.865082 55.404655 60.712116 55.404655 44.865082 35.591797 34.624458 40.237427 46.391727 49.641495 45.402676 35.723343 26.567060 24.540176 26.210266 27.733021 28.054817 25.363941 19.869186 14.378379 12.747845 12.738714 12.564541 11.916990 10.463121 8.377512 6.526313,
 48.247311 58.805504 71.378670 78.453117 75.200020 65.078896 52.111912 89.244751 120.456627 150.640839 164.981033 154.782257 127.963814 96.434143 141.824921 197.796509 249.782745 273.242706 253.080048 203.771729 148.196869 169.804230 237.618103 299.826813 327.105408 299.826813 237.618103 169.804230 148.196869 203.771729 253.080048 273.242706 249.782745 197.796509 141.824921 96.434143 127.963814 154.782257 164.981033 150.640839 120.456627 89.244751 52.111912 65.078896 75.200020 78.453117 71.378670 58.805504 48.247311,
 16.500900 16.664375 16.786173 17.399868 17.884413 17.023735 15.216606 26.734818 29.419882 32.532066 35.006916 33.842110 28.853876 23.561756 36.021412 42.727276 51.288334 56.902557 53.001064 42.560215 33.315815 38.765953 48.754486 61.384747 68.065399 61.384747 48.754486 38.765953 33.315815 42.560215 53.001064 56.902557 51.288334 42.727276 36.021412 23.561756 28.853876 33.842110 35.006916 32.532066 29.419882 26.734818 15.216606 17.023735 17.884413 17.399868 16.786173 16.664375 16.500900,
 1.155408 1.481931 1.776311 1.914064 1.846318 1.595927 1.267670 1.320511 1.727446 2.087706 2.228215 2.086000 1.743207 1.379338 1.574309 2.251383 3.008086 3.413693 3.174503 2.481500 1.789464 2.004970 2.977075 4.066196 4.578610 4.066196 2.977075 2.004970 1.789464 2.481500 3.174503 3.413693 3.008086 2.251383 1.574309 1.379338 1.743207 2.086000 2.228215 2.087706 1.727446 1.320511 1.267670 1.595927 1.846318 1.914064 1.776311 1.481931 1.155408,
 2.883486 3.836035 4.437816 4.318394 3.964535 3.752353 3.406464 5.834133 8.259586 10.185924 10.011474 8.570668 7.581362 6.918941 9.595172 13.526289 17.852325 18.743284 15.675255 12.474241 10.528026 11.737215 15.305874 20.574615 23.610945 20.574615 15.305874 11.737215 10.528026 12.474241 15.675255 18.743284 17.852325 13.526289 9.595172 6.918941 7.581362 8.570668 10.011474 10.185924 8.259586 5.834133 3.406464 3.752353 3.964535 4.318394 4.437816 3.836035 2.883486,
 31.754978 34.347393 38.090702 42.498444 44.296329 41.522709 35.181385 50.772594 62.357113 75.404762 85.493172 86.162651 76.683365 62.407749 75.605942 98.016136 120.865372 134.508057 129.616974 109.912865 86.394241 92.124695 119.911156 146.178131 157.993286 146.178131 119.911156 92.124695 86.394241 109.912865 129.616974 134.508057 120.865372 98.016136 75.605942 62.407749 76.683365 86.162651 85.493172 75.404762 62.357113 50.772594 35.181385 41.522709 44.296329 42.498444 38.090702 34.347393 31.754978,
 9.548856 9.101433 9.111795 8.743464 7.281263 4.929871 2.231017 14.960574 16.628077 18.424191 19.526760 17.991177 13.672846 8.811900 19.239376 23.310434 28.309502 31.776649 29.217445 22.065794 15.410221 19.594273 25.838587 33.674889 37.871883 33.674889 25.838587 19.594273 15.410221 22.065794 29.217445 31.776649 28.309502 23.310434 19.239376 8.811900 13.672846 17.991177 19.526760 18.424191 16.628077 14.960574 2.231017 4.929871 7.281263 8.743464 9.111795 9.101433 9.548856,
 0.333323 0.590908 0.832925 0.984196 0.963731 0.765362 0.457903 0.558884 0.878627 1.197279 1.395401 1.370071 1.140025 0.796591 0.955936 1.501491 1.983850 2.171606 1.941722 1.434554 0.897332 1.132798 1.897523 2.628345 2.949798 2.628345 1.897523 1.132798 0.897332 1.434554 1.941722 2.171606 1.983850 1.501491 0.955936 0.796591 1.140025 1.370071 1.395401 1.197279 0.878627 0.558884 0.457903 0.765362 0.963731 0.984196 0.832925 0.590908 0.333323,
 -0.317889 -0.153485 -0.221098 -0.277198 -0.168132 -0.321278 -0.602931 -0.106759 0.739173 1.759891 2.178114 2.031519 1.628693 1.213662 1.101185 3.042897 5.759282 6.876201 5.495358 3.683726 2.616533 2.351265 4.399305 7.727994 9.725797 7.727994 4.399305 2.351265 2.616533 3.683726 5.495358 6.876201 5.759282 3.042897 1.101185 1.213662 1.628693 2.031519 2.178114 1.759891 0.739173 -0.106759 -0.602931 -0.321278 -0.168132 -0.277198 -0.221098 -0.153485 -0.317889,
 -4.201586 -9.895273 -15.226919 -18.581329 -18.082476 -13.013538 -5.481493 -1.929124 -3.684062 -5.178446 -6.970229 -8.236813 -7.019168 -3.204128 6.985751 12.649507 18.157360 19.658958 15.831860 9.954829 5.329356 12.179823 21.987612 31.825022 36.344345 31.825022 21.987612 12.179823 5.329356 9.954829 15.831860 19.658958 18.157360 12.649507 6.985751 -3.204128 -7.019168 -8.236813 -6.970229 -5.178446 -3.684062 -1.929124 -5.481493 -13.013538 -18.082476 -18.581329 -15.226919 -9.895273 -4.201586,
 -0.506696 -1.394075 -2.220489 -2.101766 -1.062552 0.370577 1.615026 0.734386 0.374913 0.447764 0.762347 0.596988 0.062162 -0.124749 1.380162 2.636240 5.172371 6.885852 5.327333 1.927210 -0.378870 0.622171 3.462814 8.111519 10.742243 8.111519 3.462814 0.622171 -0.378870 1.927210 5.327333 6.885852 5.172371 2.636240 1.380162 -0.124749 0.062162 0.596988 0.762347 0.447764 0.374913 0.734386 1.615026 0.370577 -1.062552 -2.101766 -2.220489 -1.394075 -0.506696,

Pairwise cross-correlations of the modulus of all oriented sub-bands at the same scale (size QxQ)
 9.535520 7.526814 7.684302 11.099504,
 7.526814 104.576851 190.555435 54.674660,
 7.684302 190.555435 557.127930 206.157379,
 11.099504 54.674660 206.157379 126.547844,
 6.571392 5.999637 6.567368 6.278812,
 5.999637 60.712116 111.058250 30.775803,
 6.567368 111.058250 327.105438 110.845688,
 6.278812 30.775803 110.845688 68.065399,
 4.578609 2.423574 1.853729 4.637662,
 2.423574 23.610947 43.014057 11.870664,
 1.853729 43.014057 157.993286 54.462166,
 4.637662 11.870664 54.462166 37.871887,
 2.949798 2.205372 1.585734 1.309467,
 2.205372 9.725797 11.962852 2.255429,
 1.585734 11.962852 36.344345 12.231919,
 1.309467 2.255429 12.231919 10.742245,

Cross-correlations of the modulus of all oriented sub-bands with all oriented sub-bands at the coarser scale (size QxQ)
 5.549370 5.084034 0.561552 6.115755,
 7.690802 26.148340 34.154102 11.996250,
 14.172089 38.284641 77.993553 32.148643,
 9.430136 11.083801 25.127607 23.555006,
 3.545859 3.534576 1.929989 4.434347,
 4.798303 7.679252 13.697972 9.544275,
 7.157612 15.357127 47.598961 16.746317,
 5.127927 9.231092 23.522884 11.421146,
 1.966527 1.013051 -0.176933 1.111581,
 2.342600 1.604887 -1.007136 1.597420,
 2.585897 0.513710 -5.713154 -1.812463,
 2.986188 0.313222 -3.827799 0.860575,

Cross-correlations of the real part of each oriented sub-band with both the real and imaginary part of all phase-doubled oriented sub-bands at the next coarser scale (Q matrices of size 1x2Q, which are computed and stored in a matrix of size Qx2Q)
 -1.121656 -0.830675 -0.714586 -1.664644 0.773960 -0.011397 0.214341 -0.315816,
 -0.607129 -31.110689 -41.195160 -9.912065 0.280611 -0.775670 -3.420018 -0.934180,
 -0.913892 -56.630566 -100.495865 -41.564877 0.092349 -3.074065 -8.482066 -1.931702,
 -1.612307 -13.684877 -36.298183 -26.000134 0.409847 -1.271386 -1.355710 -0.878759,
 -0.326190 -0.418195 -0.490764 -0.800201 0.962206 0.081989 -0.170310 -0.041840,
 -0.147110 -10.168469 -14.621040 -6.202719 0.403871 3.541086 1.327493 0.821689,
 -0.162082 -19.178967 -42.902084 -24.173725 0.263325 4.847144 1.464994 5.884233,
 -0.464909 -4.965902 -18.851736 -13.941059 0.881688 0.205212 0.224283 4.261070,
 -0.047899 -0.341509 -0.299230 -0.548753 0.897304 0.234509 -0.170318 -0.045884,
 0.000761 -6.983684 -13.307891 -4.288454 0.269221 -3.098516 -8.692785 -0.518110,
 -0.135954 -14.137314 -38.560509 -17.028913 0.176732 -7.304337 -13.133253 2.384614,
 -0.252390 -4.436301 -15.583283 -9.536505 0.536921 -1.710716 -1.254560 2.630501,
