Low-band skewness and kurtosis
 -0.353493 2.186596,
 -0.128431 2.360753,
 0.558261 2.952098,
 0.989769 3.304650,
 0.701198 2.016619,

High-band variance
 1184.057251,

Skewness, kurtosis, variance, mean, maximum and minimum of the reconstructed texture
 -0.571910 1.880223 5227.863281 187.749451 255.000000 7.000000,

Auto-correlations of the low-frequency bands at each scale
 -564.608887 -562.107849 -558.204834 -552.419128 -545.930786 -538.064148 -529.802124 -587.488525 -625.444580 -649.284790 -657.120789 -650.724243 -628.518311 -592.251343 1751.509033 1752.320557 1754.453003 1750.875610 1733.930298 1711.416260 1691.173096 3626.845215 3699.700195 3755.540039 3778.317383 3755.540039 3699.700195 3626.845215 1691.173096 1711.416260 1733.930298 1750.875610 1754.453003 1752.320557 1751.509033 -592.251343 -628.518311 -650.724243 -657.120789 -649.284790 -625.444580 -587.488525 -529.802124 -538.064148 -545.930786 -552.419128 -558.204834 -562.107849 -564.608887,
 480.909149 480.026276 478.620728 476.493286 472.603027 467.937714 462.385956 -351.359833 -378.896088 -396.771576 -401.590271 -393.069794 -371.819183 -341.594025 638.243408 642.883606 648.891235 651.097961 644.961304 635.394104 627.801636 1882.629272 1936.099854 1978.379395 1995.583862 1978.379395 1936.099854 1882.629272 627.801636 635.394104 644.961304 651.097961 648.891235 642.883606 638.243408 -341.594025 -371.819183 -393.069794 -401.590271 -396.771576 -378.896088 -351.359833 462.385956 467.937714 472.603027 476.493286 478.620728 480.026276 480.909149,
 282.049225 282.462372 280.784668 279.409851 279.622498 280.906036 282.251068 304.101074 292.608551 282.990479 277.839111 277.256775 281.167755 288.483765 519.422363 523.049438 528.218933 529.691162 522.365173 511.238647 502.932495 739.538391 764.384521 788.455566 799.413757 788.455566 764.384521 739.538391 502.932495 511.238647 522.365173 529.691162 528.218933 523.049438 519.422363 288.483765 281.167755 277.256775 277.839111 282.990479 292.608551 304.101074 282.251068 280.906036 279.622498 279.409851 280.784668 282.462372 282.049225,
 63.647057 59.011349 56.640923 60.737457 70.109093 79.006889 83.237663 171.969040 167.662109 162.468033 160.589478 164.101059 172.433167 182.561264 405.927643 412.946747 418.179321 417.116760 408.675720 400.209137 397.859344 549.257385 564.148926 581.495789 589.878601 581.495789 564.148926 549.257385 397.859344 400.209137 408.675720 417.116760 418.179321 412.946747 405.927643 182.561264 172.433167 164.101059 160.589478 162.468033 167.662109 171.969040 83.237663 79.006889 70.109093 60.737457 56.640923 59.011349 63.647057,
 -261.592834 -260.528442 -259.999542 -259.698303 -261.140472 -264.097900 -265.500854 -66.595589 -69.446030 -70.354050 -68.307167 -67.757080 -69.470383 -69.234505 260.377960 257.465759 260.299683 265.786987 265.997070 262.336365 261.558990 445.923126 446.857056 453.413391 457.815186 453.413391 446.857056 445.923126 261.558990 262.336365 265.997070 265.786987 260.299683 257.465759 260.377960 -69.234505 -69.470383 -67.757080 -68.307167 -70.354050 -69.446030 -66.595589 -265.500854 -264.097900 -261.140472 -259.698303 -259.999542 -260.528442 -261.592834,

Auto-correlations of the modulus of each oriented sub-band
 2.080197 2.999786 3.758566 4.045297 3.724239 2.947887 2.028785 2.182708 3.176408 4.002185 4.312092 3.953771 3.103871 2.114317 2.387945 3.558279 4.561340 4.955688 4.532689 3.515738 2.350865 2.534165 3.840381 4.988051 5.457477 4.988051 3.840381 2.534165 2.350865 3.515738 4.532689 4.955688 4.561340 3.558279 2.387945 2.114317 3.103871 3.953771 4.312092 4.002185 3.176408 2.182708 2.028785 2.947887 3.724239 4.045297 3.758566 2.999786 2.080197,
 14.324679 15.012107 15.117716 14.837937 14.504454 14.133248 13.608880 32.261871 35.116821 36.972397 37.137100 36.140900 34.711304 33.044998 55.891434 61.201134 65.531624 66.788071 64.712502 61.124748 57.160980 68.427917 74.357361 79.680557 82.089767 79.680557 74.357361 68.427917 57.160980 61.124748 64.712502 66.788071 65.531624 61.201134 55.891434 33.044998 34.711304 36.140900 37.137100 36.972397 35.116821 32.261871 13.608880 14.133248 14.504454 14.837937 15.117716 15.012107 14.324679,
 95.912415 97.965393 99.635056 99.160156 95.582474 90.127533 84.420227 238.241119 250.345367 259.687256 262.909973 257.947144 246.754181 232.398529 420.868469 447.675354 467.846863 475.780975 467.769958 447.251282 419.630310 512.392944 547.506653 573.741638 584.095215 573.741638 547.506653 512.392944 419.630310 447.251282 467.769958 475.780975 467.846863 447.675354 420.868469 232.398529 246.754181 257.947144 262.909973 259.687256 250.345367 238.241119 84.420227 90.127533 95.582474 99.160156 99.635056 97.965393 95.912415,
 12.287654 12.689095 12.996118 12.898817 12.406737 11.678250 10.698890 32.564217 34.118225 35.371487 35.947983 35.394306 33.428009 30.533112 57.447121 61.234474 64.528999 66.355499 65.142815 61.042374 55.839592 68.958160 74.677109 79.688538 81.924202 79.688538 74.677109 68.958160 55.839592 61.042374 65.142815 66.355499 64.528999 61.234474 57.447121 30.533112 33.428009 35.394306 35.947983 35.371487 34.118225 32.564217 10.698890 11.678250 12.406737 12.898817 12.996118 12.689095 12.287654,
 0.829214 1.313375 1.742715 1.924856 1.758077 1.319143 0.802861 0.883051 1.388931 1.832271 2.011559 1.827613 1.369386 0.837551 1.070737 1.670805 2.201258 2.412081 2.181635 1.631414 1.009141 1.188924 1.889817 2.523211 2.787078 2.523211 1.889817 1.188924 1.009141 1.631414 2.181635 2.412081 2.201258 1.670805 1.070737 0.837551 1.369386 1.827613 2.011559 1.832271 1.388931 0.883051 0.802861 1.319143 1.758077 1.924856 1.742715 1.313375 0.829214,
 13.528492 15.072552 16.505064 17.062210 16.345358 14.965149 13.592102 25.468143 28.401175 30.903627 31.703442 30.485888 28.210855 25.844982 38.925663 43.520702 47.666286 49.130791 47.114628 43.414165 39.579136 45.504986 50.544270 55.397232 57.665001 55.397232 50.544270 45.504986 39.579136 43.414165 47.114628 49.130791 47.666286 43.520702 38.925663 25.844982 28.210855 30.485888 31.703442 30.903627 28.401175 25.468143 13.592102 14.965149 16.345358 17.062210 16.505064 15.072552 13.528492,
 94.207298 104.325417 111.902489 114.407730 110.595070 102.694237 93.310768 188.211411 206.239960 219.816223 225.270966 220.497833 208.458710 192.960709 296.197723 323.571228 344.135620 352.639038 345.803894 327.406189 302.809357 349.805237 380.950256 404.329163 413.551941 404.329163 380.950256 349.805237 302.809357 327.406189 345.803894 352.639038 344.135620 323.571228 296.197723 192.960709 208.458710 220.497833 225.270966 219.816223 206.239960 188.211411 93.310768 102.694237 110.595070 114.407730 111.902489 104.325417 94.207298,
 8.748201 9.779041 10.771770 11.292715 11.047021 10.259005 9.258163 21.394186 23.685974 25.815882 27.072199 26.779222 24.972069 22.436197 35.606117 39.591099 43.331036 45.474068 44.521900 40.881306 36.449478 42.418320 47.538467 52.257355 54.352867 52.257355 47.538467 42.418320 36.449478 40.881306 44.521900 45.474068 43.331036 39.591099 35.606117 22.436197 24.972069 26.779222 27.072199 25.815882 23.685974 21.394186 9.258163 10.259005 11.047021 11.292715 10.771770 9.779041 8.748201,
 0.218484 0.427855 0.613730 0.696718 0.633662 0.459244 0.248581 0.221611 0.455293 0.663807 0.757965 0.690446 0.501099 0.271169 0.382846 0.745544 1.097678 1.255012 1.117460 0.777408 0.412397 0.548577 1.024160 1.505179 1.719275 1.505179 1.024160 0.548577 0.412397 0.777408 1.117460 1.255012 1.097678 0.745544 0.382846 0.271169 0.501099 0.690446 0.757965 0.663807 0.455293 0.221611 0.248581 0.459244 0.633662 0.696718 0.613730 0.427855 0.218484,
 2.164493 2.836598 3.148935 2.891546 2.388824 1.790419 1.164773 4.273960 5.738354 6.720111 6.346269 5.246988 4.311470 3.518630 6.930150 9.311877 11.767782 12.072405 10.074856 8.040994 6.799993 8.280692 10.432610 13.566842 15.351965 13.566842 10.432610 8.280692 6.799993 8.040994 10.074856 12.072405 11.767782 9.311877 6.930150 3.518630 4.311470 5.246988 6.346269 6.720111 5.738354 4.273960 1.164773 1.790419 2.388824 2.891546 3.148935 2.836598 2.164493,
 0.729913 1.856120 2.352974 1.211619 -1.732970 -5.534936 -9.277685 16.185827 20.089556 23.015907 23.468609 20.882233 16.255232 10.935741 43.751842 52.054466 58.664082 61.277634 58.737743 52.294991 44.058155 59.927204 70.378609 78.634819 81.917702 78.634819 70.378609 59.927204 44.058155 52.294991 58.737743 61.277634 58.664082 52.054466 43.751842 10.935741 16.255232 20.882233 23.468609 23.015907 20.089556 16.185827 -9.277685 -5.534936 -1.732970 1.211619 2.352974 1.856120 0.729913,
 -0.617001 -0.793142 -0.830774 -0.922704 -1.118060 -1.420238 -1.700230 0.701662 1.107923 1.846803 2.743396 3.127107 2.485482 1.407925 4.037034 5.576067 7.796252 9.848459 9.829840 7.755861 5.529865 6.741550 9.198397 12.304398 13.963590 12.304398 9.198397 6.741550 5.529865 7.755861 9.829840 9.848459 7.796252 5.576067 4.037034 1.407925 2.485482 3.127107 2.743396 1.846803 1.107923 0.701662 -1.700230 -1.420238 -1.118060 -0.922704 -0.830774 -0.793142 -0.617001,
 -0.015087 0.099394 0.251694 0.337335 0.297989 0.175885 0.063881 -0.047771 0.047363 0.162666 0.231860 0.225900 0.170739 0.114210 0.011811 0.113718 0.301793 0.468874 0.489348 0.356402 0.187292 0.146793 0.390649 0.702080 0.857695 0.702080 0.390649 0.146793 0.187292 0.356402 0.489348 0.468874 0.301793 0.113718 0.011811 0.114210 0.170739 0.225900 0.231860 0.162666 0.047363 -0.047771 0.063881 0.175885 0.297989 0.337335 0.251694 0.099394 -0.015087,
 -0.184118 0.425647 1.074623 1.384959 1.221610 0.667927 0.105700 0.952487 1.546771 2.304898 2.541716 2.179598 1.540582 0.873069 2.753806 3.461043 4.568401 4.895886 4.051003 3.031032 2.267636 3.367704 4.168904 5.538147 6.382017 5.538147 4.168904 3.367704 2.267636 3.031032 4.051003 4.895886 4.568401 3.461043 2.753806 0.873069 1.540582 2.179598 2.541716 2.304898 1.546771 0.952487 0.105700 0.667927 1.221610 1.384959 1.074623 0.425647 -0.184118,
 3.558882 4.680162 5.181506 4.884918 4.147143 3.543570 3.052949 16.174084 17.731722 18.955549 19.296959 18.432825 16.884977 15.106127 28.827471 31.800409 34.766560 36.095726 34.532536 31.073812 27.313845 33.603020 38.026062 42.490032 44.564251 42.490032 38.026062 33.603020 27.313845 31.073812 34.532536 36.095726 34.766560 31.800409 28.827471 15.106127 16.884977 18.432825 19.296959 18.955549 17.731722 16.174084 3.052949 3.543570 4.147143 4.884918 5.181506 4.680162 3.558882,
 -0.745406 -0.684830 0.131010 1.499995 2.401444 2.588476 2.583856 0.494936 0.731572 2.125759 4.053838 4.875668 4.337638 3.392543 1.713347 2.743545 5.122656 7.405738 7.341741 5.401201 3.459797 2.787657 4.726717 7.566160 9.149902 7.566160 4.726717 2.787657 3.459797 5.401201 7.341741 7.405738 5.122656 2.743545 1.713347 3.392543 4.337638 4.875668 4.053838 2.125759 0.731572 0.494936 2.583856 2.588476 2.401444 1.499995 0.131010 -0.684830 -0.745406,

Pairwise cross-correlations of the modulus of all oriented sub-bands at the same scale (size QxQ)
 5.457477 2.209777 -1.602376 2.769804,
 2.209777 82.089767 203.288269 66.571892,
 -1.602376 203.288269 584.095337 201.000717,
 2.769804 66.571892 201.000717 81.924210,
 2.787079 0.105930 -3.928028 0.890313,
 0.105930 57.665001 143.016708 46.263355,
 -3.928028 143.016708 413.551971 138.481094,
 0.890313 46.263355 138.481094 54.352875,
 1.719275 1.442198 0.868274 0.882195,
 1.442198 15.351967 29.173529 8.204027,
 0.868274 29.173529 81.917709 27.952539,
 0.882195 8.204027 27.952539 13.963591,
 0.857695 0.688165 -0.321576 0.627973,
 0.688165 6.382017 12.306368 4.060779,
 -0.321576 12.306368 44.564255 14.184481,
 0.627973 4.060779 14.184481 9.149902,

Cross-correlations of the modulus of all oriented sub-bands with all oriented sub-bands at the coarser scale (size QxQ)
 3.191704 0.608965 -5.556989 1.095036,
 1.394104 6.376308 13.406952 3.906212,
 0.335928 14.025785 42.556675 9.023879,
 2.097455 4.113209 7.679086 3.076086,
 1.484639 1.499256 0.127039 0.985786,
 0.590078 6.087237 13.288858 3.857884,
 -0.365781 11.195890 28.894138 8.258084,
 1.075938 4.012111 6.742402 2.643613,
 0.659938 1.071900 -0.237570 0.699196,
 0.787042 1.634974 1.535357 1.358991,
 0.158302 -0.037041 1.339548 0.098709,
 0.051001 -0.552732 -2.117404 -1.130002,

Cross-correlations of the real part of each oriented sub-band with both the real and imaginary part of all phase-doubled oriented sub-bands at the next coarser scale (Q matrices of size 1x2Q, which are computed and stored in a matrix of size Qx2Q)
 -0.866015 -0.343525 -0.176969 -0.342531 0.439306 0.133389 0.022877 -0.091419,
 -0.446753 -27.785515 -67.229134 -22.866030 0.187092 -0.295021 -5.403367 -3.220218,
 -0.121508 -69.902336 -188.585373 -70.247864 -0.005228 -3.429780 -18.120377 -10.064199,
 -0.449623 -22.909254 -68.404831 -28.301126 0.187850 -1.841290 -7.167148 -4.100402,
 -0.246656 -0.034052 -0.041436 -0.203096 0.172184 0.169272 0.025766 0.058085,
 -0.136303 -0.128354 -2.474138 -1.587317 0.116796 0.745670 -3.423802 -1.637803,
 -0.094333 -2.224363 -10.945610 -7.572433 0.043643 -0.887132 -15.792011 -5.766261,
 -0.186696 -1.407199 -5.600597 -4.503629 0.055120 -0.998241 -7.498735 -2.259245,
 -0.057570 -0.232234 -0.011903 -0.079793 0.107267 0.126384 0.160066 -0.034251,
 -0.052415 0.607681 0.628930 -0.017772 0.259378 0.004289 0.311421 1.225487,
 -0.134449 1.521111 -0.343801 -0.590210 0.122121 -0.356785 3.284584 3.439300,
 -0.161322 0.153565 -0.923584 -0.637364 -0.048548 0.073792 2.669894 1.029365,
