Low-band skewness and kurtosis
 -0.521326 2.077229,
 -0.416909 2.114128,
 -0.252933 1.847061,
 -0.101555 1.518123,
 -0.073074 1.575362,

High-band variance
 964.754883,

Skewness, kurtosis, variance, mean, maximum and minimum of the reconstructed texture
 -0.658755 1.944463 5775.895508 188.970337 255.000000 3.000000,

Auto-correlations of the low-frequency bands at each scale
 1508.515015 1497.693726 1499.220093 1506.507324 1514.973755 1528.024292 1549.663208 1660.380493 1485.738403 1360.559570 1315.376709 1360.915771 1489.172974 1668.432983 2987.239014 3030.289307 3066.404541 3080.270508 3057.591553 3014.840576 2969.348389 3966.622070 4271.314453 4508.789062 4602.450195 4508.789062 4271.314453 3966.622070 2969.348389 3014.840576 3057.591553 3080.270508 3066.404541 3030.289307 2987.239014 1668.432983 1489.172974 1360.915771 1315.376709 1360.559570 1485.738403 1660.380493 1549.663208 1528.024292 1514.973755 1506.507324 1499.220093 1497.693726 1508.515015,
 1668.613525 1624.300171 1579.907593 1542.544922 1517.207397 1504.098999 1499.837891 1590.441772 1485.942871 1406.418457 1370.461182 1382.741943 1438.270508 1521.119751 2235.892334 2276.310547 2319.314941 2347.974365 2344.947754 2325.464355 2307.558350 2879.253662 3048.794434 3189.709961 3248.375488 3189.709961 3048.794434 2879.253662 2307.558350 2325.464355 2344.947754 2347.974365 2319.314941 2276.310547 2235.892334 1521.119751 1438.270508 1382.741943 1370.461182 1406.418457 1485.942871 1590.441772 1499.837891 1504.098999 1517.207397 1542.544922 1579.907593 1624.300171 1668.613525,
 1258.272095 1269.151855 1283.895386 1301.749634 1321.294800 1340.464600 1357.784546 1520.083618 1459.681763 1415.763428 1398.500854 1414.277588 1464.760376 1538.494995 2002.405396 1998.583374 1994.510376 1977.546387 1941.907593 1905.688110 1883.001831 2216.388672 2317.493652 2406.344971 2444.208984 2406.344971 2317.493652 2216.388672 1883.001831 1905.688110 1941.907593 1977.546387 1994.510376 1998.583374 2002.405396 1538.494995 1464.760376 1414.277588 1398.500854 1415.763428 1459.681763 1520.083618 1357.784546 1340.464600 1321.294800 1301.749634 1283.895386 1269.151855 1258.272095,
 554.304810 563.945129 577.488403 589.432007 596.222778 600.134338 601.140625 1095.962524 1070.613892 1055.363525 1052.432861 1059.846924 1078.494507 1101.935181 1675.763184 1672.276611 1672.551636 1671.850952 1663.947388 1657.839355 1656.538086 1972.610718 2008.091309 2041.696899 2057.625000 2041.696899 2008.091309 1972.610718 1656.538086 1657.839355 1663.947388 1671.850952 1672.551636 1672.276611 1675.763184 1101.935181 1078.494507 1059.846924 1052.432861 1055.363525 1070.613892 1095.962524 601.140625 600.134338 596.222778 589.432007 577.488403 563.945129 554.304810,
 -1213.854980 -1215.221558 -1220.641846 -1225.120117 -1225.839111 -1224.421265 -1221.755371 -39.972836 -43.569721 -48.072472 -49.362846 -47.396790 -44.838139 -42.553768 1214.451416 1215.213623 1220.143433 1226.022705 1227.552856 1224.386230 1219.943604 1790.738770 1799.017334 1809.958130 1815.373535 1809.958130 1799.017334 1790.738770 1219.943604 1224.386230 1227.552856 1226.022705 1220.143433 1215.213623 1214.451416 -42.553768 -44.838139 -47.396790 -49.362846 -48.072472 -43.569721 -39.972836 -1221.755371 -1224.421265 -1225.839111 -1225.120117 -1220.641846 -1215.221558 -1213.854980,

Auto-correlations of the modulus of each oriented sub-band
 2.767122 3.756049 4.621433 4.979424 4.655495 3.816522 2.830888 3.299220 4.365836 5.298736 5.697032 5.348735 4.417193 3.314965 4.086331 5.477148 6.661340 7.147739 6.689586 5.518222 4.118050 4.453537 6.281767 8.034580 8.795136 8.034580 6.281767 4.453537 4.118050 5.518222 6.689586 7.147739 6.661340 5.477148 4.086331 3.314965 4.417193 5.348735 5.697032 5.298736 4.365836 3.299220 2.830888 3.816522 4.655495 4.979424 4.621433 3.756049 2.767122,
 35.871689 40.131580 45.118336 49.788246 52.902874 54.739811 56.389297 56.013634 64.096832 73.448845 79.993820 81.459999 80.006912 78.129677 78.575844 90.699188 104.829437 112.755692 109.488220 101.162064 93.520775 93.913849 106.284935 120.847488 128.444641 120.847488 106.284935 93.913849 93.520775 101.162064 109.488220 112.755692 104.829437 90.699188 78.575844 78.129677 80.006912 81.459999 79.993820 73.448845 64.096832 56.013634 56.389297 54.739811 52.902874 49.788246 45.118336 40.131580 35.871689,
 199.842834 213.629578 227.923309 236.441620 234.005707 223.775696 213.061951 284.627167 319.891144 354.591034 371.767822 360.017914 329.171539 297.050140 371.984711 434.484192 495.952820 524.523010 499.316284 440.431946 380.180511 413.617035 488.974396 563.696289 597.815796 563.696289 488.974396 413.617035 380.180511 440.431946 499.316284 524.523010 495.952820 434.484192 371.984711 297.050140 329.171539 360.017914 371.767822 354.591034 319.891144 284.627167 213.061951 223.775696 234.005707 236.441620 227.923309 213.629578 199.842834,
 70.957184 69.477226 67.873154 65.420349 61.657166 57.505898 53.711452 92.761543 94.648895 96.522156 96.012131 90.556335 82.263824 74.702415 110.179245 118.035858 126.858017 130.839249 123.587845 110.054047 98.030121 112.720230 125.394501 140.129395 147.823883 140.129395 125.394501 112.720230 98.030121 110.054047 123.587845 130.839249 126.858017 118.035858 110.179245 74.702415 82.263824 90.556335 96.012131 96.522156 94.648895 92.761543 53.711452 57.505898 61.657166 65.420349 67.873154 69.477226 70.957184,
 2.432136 2.783476 3.036034 3.051584 2.778274 2.281947 1.736419 2.804597 3.264000 3.617898 3.682672 3.388408 2.827691 2.202557 3.257634 4.223318 5.147793 5.525335 5.108661 4.156875 3.138546 3.651800 5.053376 6.496932 7.160875 6.496932 5.053376 3.651800 3.138546 4.156875 5.108661 5.525335 5.147793 4.223318 3.257634 2.202557 2.827691 3.388408 3.682672 3.617898 3.264000 2.804597 1.736419 2.281947 2.778274 3.051584 3.036034 2.783476 2.432136,
 19.308744 21.602118 23.123854 23.515827 23.564711 23.780706 23.483980 28.161720 34.421684 39.732571 40.724274 38.459400 36.092369 34.126740 38.000416 47.615276 58.103573 61.465714 55.931499 48.407093 42.922222 44.337593 53.510452 65.445778 71.806648 65.445778 53.510452 44.337593 42.922222 48.407093 55.931499 61.465714 58.103573 47.615276 38.000416 34.126740 36.092369 38.459400 40.724274 39.732571 34.421684 28.161720 23.483980 23.780706 23.564711 23.515827 23.123854 21.602118 19.308744,
 69.177452 83.109917 95.077110 99.341545 93.147316 80.008171 65.770836 113.071541 143.348679 169.439423 179.035187 165.892609 137.674149 107.381828 158.035721 207.755890 252.361938 270.062378 248.547913 201.677490 151.823807 174.341736 233.654572 288.994507 313.202271 288.994507 233.654572 174.341736 151.823807 201.677490 248.547913 270.062378 252.361938 207.755890 158.035721 107.381828 137.674149 165.892609 179.035187 169.439423 143.348679 113.071541 65.770836 80.008171 93.147316 99.341545 95.077110 83.109917 69.177452,
 22.125793 22.349899 22.628202 22.793634 21.909868 19.590195 16.895409 31.195045 33.481869 35.761333 37.247147 35.352642 29.884501 24.348572 38.595989 44.748344 51.645786 55.945328 51.978130 42.058098 33.212429 39.279949 48.620808 59.745644 65.607956 59.745644 48.620808 39.279949 33.212429 42.058098 51.978130 55.945328 51.645786 44.748344 38.595989 24.348572 29.884501 35.352642 37.247147 35.761333 33.481869 31.195045 16.895409 19.590195 21.909868 22.793634 22.628202 22.349899 22.125793,
 1.123023 1.280777 1.418667 1.458457 1.383256 1.220254 1.059553 1.661227 1.804396 1.913212 1.938869 1.826668 1.585495 1.337846 2.146948 2.622551 3.149431 3.418606 3.162076 2.514593 1.870044 2.281022 3.144712 4.142394 4.629432 4.142394 3.144712 2.281022 1.870044 2.514593 3.162076 3.418606 3.149431 2.622551 2.146948 1.337846 1.585495 1.826668 1.938869 1.913212 1.804396 1.661227 1.059553 1.220254 1.383256 1.458457 1.418667 1.280777 1.123023,
 -0.874529 0.095259 1.245815 2.417169 3.635208 4.584448 5.073748 3.342430 5.886590 8.558037 9.943798 9.916439 9.259756 8.324320 7.919861 12.430438 17.678505 19.912870 17.663986 14.021312 10.985538 11.018111 15.783066 21.925688 25.294485 21.925688 15.783066 11.018111 10.985538 14.021312 17.663986 19.912870 17.678505 12.430438 7.919861 8.324320 9.259756 9.916439 9.943798 8.558037 5.886590 3.342430 5.073748 4.584448 3.635208 2.417169 1.245815 0.095259 -0.874529,
 11.926898 12.947422 14.577526 14.784861 13.153841 11.641077 12.721927 24.105028 33.420723 43.461208 47.719963 42.719334 31.866747 21.865850 35.493820 57.873600 81.315681 92.131210 82.063713 58.307095 34.359787 40.446091 70.365051 100.896942 114.733688 100.896942 70.365051 40.446091 34.359787 58.307095 82.063713 92.131210 81.315681 57.873600 35.493820 21.865850 31.866747 42.719334 47.719963 43.461208 33.420723 24.105028 12.721927 11.641077 13.153841 14.784861 14.577526 12.947422 11.926898,
 7.453364 7.083075 6.681419 7.063814 8.527555 10.119743 10.562846 12.707217 13.169126 14.820228 17.710196 19.574730 18.395647 15.032992 17.128971 20.444855 26.093296 31.330105 30.987961 25.048199 18.172379 19.036457 25.647226 33.930237 38.204800 33.930237 25.647226 19.036457 18.172379 25.048199 30.987961 31.330105 26.093296 20.444855 17.128971 15.032992 18.395647 19.574730 17.710196 14.820228 13.169126 12.707217 10.562846 10.119743 8.527555 7.063814 6.681419 7.083075 7.453364,
 0.308689 0.337414 0.339560 0.309974 0.223112 0.072645 -0.087294 0.440726 0.645867 0.750279 0.700133 0.496709 0.223460 0.005055 0.452164 0.981436 1.406327 1.500763 1.179320 0.633809 0.143996 0.361063 1.055575 1.758342 2.074912 1.758342 1.055575 0.361063 0.143996 0.633809 1.179320 1.500763 1.406327 0.981436 0.452164 0.005055 0.223460 0.496709 0.700133 0.750279 0.645867 0.440726 -0.087294 0.072645 0.223112 0.309974 0.339560 0.337414 0.308689,
 -1.856983 -1.787916 -1.685364 -1.400513 -1.075490 -1.137701 -2.108785 0.914208 2.831185 4.503235 4.976972 4.289444 3.060445 1.647717 3.751802 7.137652 11.160252 12.549465 10.438454 7.259301 4.847241 5.529877 8.901152 13.626913 16.208282 13.626913 8.901152 5.529877 4.847241 7.259301 10.438454 12.549465 11.160252 7.137652 3.751802 1.647717 3.060445 4.289444 4.976972 4.503235 2.831185 0.914208 -2.108785 -1.137701 -1.075490 -1.400513 -1.685364 -1.787916 -1.856983,
 -16.945848 -14.286905 -12.077027 -11.323156 -13.017623 -17.060204 -22.071623 5.484230 14.126806 21.177608 23.469177 19.004848 9.808138 0.219582 27.090345 42.674854 56.301270 61.429756 54.325073 39.083424 23.406363 34.523701 53.278870 70.960625 78.633942 70.960625 53.278870 34.523701 23.406363 39.083424 54.325073 61.429756 56.301270 42.674854 27.090345 0.219582 9.808138 19.004848 23.469177 21.177608 14.126806 5.484230 -22.071623 -17.060204 -13.017623 -11.323156 -12.077027 -14.286905 -16.945848,
 0.854545 0.938023 -0.089196 -1.145712 -1.686322 -2.268499 -2.586139 2.863750 3.751308 3.612698 3.110423 1.972003 0.039666 -1.047150 3.590129 5.537896 7.371556 8.551787 6.632180 3.008339 0.877504 2.715706 5.213700 8.913097 11.326227 8.913097 5.213700 2.715706 0.877504 3.008339 6.632180 8.551787 7.371556 5.537896 3.590129 -1.047150 0.039666 1.972003 3.110423 3.612698 3.751308 2.863750 -2.586139 -2.268499 -1.686322 -1.145712 -0.089196 0.938023 0.854545,

Pairwise cross-correlations of the modulus of all oriented sub-bands at the same scale (size QxQ)
 8.795137 8.431874 14.078748 11.827548,
 8.431874 128.444656 209.980789 51.896130,
 14.078748 209.980789 597.815918 231.142593,
 11.827548 51.896130 231.142593 147.823883,
 7.160875 6.453659 11.345877 7.104766,
 6.453659 71.806656 116.699272 27.267651,
 11.345877 116.699272 313.202301 104.490044,
 7.104766 27.267651 104.490044 65.607964,
 4.629432 1.939146 4.082246 2.867962,
 1.939146 25.294487 32.568535 4.432370,
 4.082246 32.568535 114.733688 48.320358,
 2.867962 4.432370 48.320358 38.204800,
 2.074912 1.900202 0.785881 -0.454684,
 1.900202 16.208282 27.403246 5.791643,
 0.785881 27.403246 78.633949 23.423840,
 -0.454684 5.791643 23.423840 11.326227,

Cross-correlations of the modulus of all oriented sub-bands with all oriented sub-bands at the coarser scale (size QxQ)
 5.020175 4.818939 5.478554 5.740521,
 8.201969 32.655552 47.493137 11.822643,
 19.921598 55.394791 140.529190 61.519146,
 11.776049 16.535105 60.220455 41.962498,
 3.129677 1.883276 4.891982 4.273968,
 6.548627 8.914108 13.361741 4.699351,
 13.249836 12.153755 45.210545 24.006088,
 7.059843 1.520680 19.162535 15.621430,
 1.746883 2.674663 2.142220 0.038062,
 0.845269 3.930994 2.690910 -0.825396,
 1.227211 9.811893 6.880991 -1.813010,
 0.799934 5.450153 2.522629 -0.294286,

Cross-correlations of the real part of each oriented sub-band with both the real and imaginary part of all phase-doubled oriented sub-bands at the next coarser scale (Q matrices of size 1x2Q, which are computed and stored in a matrix of size Qx2Q)
 -0.730120 -1.372543 -1.399362 -1.212897 0.934421 -0.043098 0.214523 -0.043502,
 -0.921294 -27.547031 -27.883781 -5.056913 0.313511 -3.349159 -6.766273 -0.390886,
 -1.229032 -37.437206 -54.418236 -27.370863 -0.007957 -5.765407 -12.603599 3.224685,
 -0.989850 -6.135540 -20.330332 -20.494816 0.385040 -0.978796 -0.797903 3.573417,
 0.146150 -0.508631 -0.487535 -0.713683 -0.072714 0.098980 0.086795 0.427245,
 0.017050 -7.276212 1.624479 0.453579 -0.042362 -3.988843 -7.565473 -1.163410,
 -0.202562 -5.087218 6.366616 -4.798984 -0.387035 -6.349770 -10.238434 0.047058,
 -0.155906 0.766206 0.264171 -6.589929 -0.352203 -0.753303 0.675605 2.376298,
 -0.569786 -0.172914 -0.211192 -0.637640 -0.105177 0.181314 0.221912 -0.011227,
 -0.362699 -6.881432 -11.759429 -5.209184 -0.076577 -0.627388 -0.493644 2.272645,
 -0.255357 -13.302344 -43.228046 -25.037518 0.078844 -1.285316 11.409874 12.094504,
 -0.332524 -3.613394 -20.397091 -15.500402 0.134869 0.135324 9.673800 7.456859,
