Low-band skewness and kurtosis
 -0.490992 2.149337,
 -0.323544 2.221830,
 -0.130604 2.072074,
 0.038547 2.198166,
 0.044727 1.855835,

High-band variance
 985.746948,

Skewness, kurtosis, variance, mean, maximum and minimum of the reconstructed texture
 -0.636167 1.952378 5528.409180 188.551575 255.000000 3.000000,

Auto-correlations of the low-frequency bands at each scale
 883.801025 833.567017 792.041626 762.824829 748.918823 757.708618 794.740723 899.673218 733.298950 621.621033 592.796448 653.396301 795.247192 987.405518 2355.083496 2449.452393 2554.786865 2633.655273 2652.573975 2626.455811 2573.459473 3609.183350 3951.859375 4224.498047 4334.063477 4224.498047 3951.859375 3609.183350 2573.459473 2626.455811 2652.573975 2633.655273 2554.786865 2449.452393 2355.083496 987.405518 795.247192 653.396301 592.796448 621.621033 733.298950 899.673218 794.740723 757.708618 748.918823 762.824829 792.041626 833.567017 883.801025,
 955.905212 945.771973 936.895508 930.574524 927.455322 930.409668 943.174377 958.546326 846.940247 771.601135 751.378418 788.437561 880.049011 1009.152161 1647.733032 1689.635254 1745.612671 1785.095093 1776.844360 1740.315430 1702.406128 2257.760498 2486.874268 2681.448486 2763.146484 2681.448486 2486.874268 2257.760498 1702.406128 1740.315430 1776.844360 1785.095093 1745.612671 1689.635254 1647.733032 1009.152161 880.049011 788.437561 751.378418 771.601135 846.940247 958.546326 943.174377 930.409668 927.455322 930.574524 936.895508 945.771973 955.905212,
 716.689514 694.192078 666.625854 646.836182 648.991699 667.510925 690.209656 884.763733 804.658875 739.803528 708.539795 718.445129 766.097473 836.816589 1297.241943 1318.972046 1357.222046 1385.448364 1377.074829 1348.887329 1323.373047 1600.010132 1729.035278 1851.582520 1906.489014 1851.582520 1729.035278 1600.010132 1323.373047 1348.887329 1377.074829 1385.448364 1357.222046 1318.972046 1297.241943 836.816589 766.097473 718.445129 708.539795 739.803528 804.658875 884.763733 690.209656 667.510925 648.991699 646.836182 666.625854 694.192078 716.689514,
 400.165161 420.157776 439.180573 451.106873 450.528290 440.540100 429.619690 697.308105 662.398193 625.638916 610.887268 626.878418 665.857910 706.718262 1059.762207 1053.584961 1050.315063 1049.308716 1042.007935 1035.107666 1032.247070 1275.167725 1329.198242 1387.460205 1415.331543 1387.460205 1329.198242 1275.167725 1032.247070 1035.107666 1042.007935 1049.308716 1050.315063 1053.584961 1059.762207 706.718262 665.857910 626.878418 610.887268 625.638916 662.398193 697.308105 429.619690 440.540100 450.528290 451.106873 439.180573 420.157776 400.165161,
 -772.040649 -777.105774 -782.684814 -783.939575 -777.521606 -768.770081 -765.436279 -59.687134 -63.875233 -65.711967 -64.826805 -61.206642 -56.184338 -53.354462 765.837524 771.189270 780.842834 786.385010 782.432678 774.269592 768.570312 1147.145630 1159.653564 1176.996704 1185.680420 1176.996704 1159.653564 1147.145630 768.570312 774.269592 782.432678 786.385010 780.842834 771.189270 765.837524 -53.354462 -56.184338 -61.206642 -64.826805 -65.711967 -63.875233 -59.687134 -765.436279 -768.770081 -777.521606 -783.939575 -782.684814 -777.105774 -772.040649,

Auto-correlations of the modulus of each oriented sub-band
 4.526695 5.859035 7.005795 7.473246 7.020047 5.865541 4.514953 5.191814 6.706466 8.009414 8.556638 8.078435 6.803414 5.262714 6.408283 8.598803 10.488998 11.226787 10.430864 8.550480 6.401722 7.045354 9.845627 12.473788 13.599887 12.473788 9.845627 7.045354 6.401722 8.550480 10.430864 11.226787 10.488998 8.598803 6.408283 5.262714 6.803414 8.078435 8.556638 8.009414 6.706466 5.191814 4.514953 5.865541 7.020047 7.473246 7.005795 5.859035 4.526695,
 48.035316 51.994522 56.059414 59.218857 60.623234 60.873795 61.286629 65.571365 75.386536 85.200455 90.672684 90.415283 87.007416 83.175461 86.936859 103.155991 120.400291 128.606598 123.299385 111.579910 100.429840 101.872276 119.057236 138.081558 147.466629 138.081558 119.057236 101.872276 100.429840 111.579910 123.299385 128.606598 120.400291 103.155991 86.936859 83.175461 87.007416 90.415283 90.672684 85.200455 75.386536 65.571365 61.286629 60.873795 60.623234 59.218857 56.059414 51.994522 48.035316,
 194.034012 208.106964 219.984695 227.357056 228.776321 225.067169 217.056778 262.901642 303.585205 340.825226 359.635315 351.489716 324.218506 290.568268 340.528412 414.095490 484.280090 517.130859 492.057922 428.830658 359.649750 382.756165 470.965393 555.852295 593.965820 555.852295 470.965393 382.756165 359.649750 428.830658 492.057922 517.130859 484.280090 414.095490 340.528412 290.568268 324.218506 351.489716 359.635315 340.825226 303.585205 262.901642 217.056778 225.067169 228.776321 227.357056 219.984695 208.106964 194.034012,
 55.669270 56.491821 56.227238 54.447727 51.514957 48.520554 46.219822 71.876259 76.204254 80.482018 81.320282 75.933220 67.230591 60.168133 85.201004 95.328087 107.845566 113.942284 105.445480 89.339088 76.588379 87.382675 101.739639 120.372330 130.272644 120.372330 101.739639 87.382675 76.588379 89.339088 105.445480 113.942284 107.845566 95.328087 85.201004 60.168133 67.230591 75.933220 81.320282 80.482018 76.204254 71.876259 46.219822 48.520554 51.514957 54.447727 56.227238 56.491821 55.669270,
 4.279905 5.640711 6.783972 7.186299 6.613005 5.359520 4.003694 4.596725 6.052071 7.288842 7.770174 7.268011 6.056391 4.674691 5.473257 7.518761 9.404203 10.220047 9.501165 7.681693 5.645012 6.182152 8.812343 11.373024 12.497480 11.373024 8.812343 6.182152 5.645012 7.681693 9.501165 10.220047 9.404203 7.518761 5.473257 4.674691 6.056391 7.268011 7.770174 7.288842 6.052071 4.596725 4.003694 5.359520 6.613005 7.186299 6.783972 5.640711 4.279905,
 23.048208 27.249874 30.254169 31.674366 32.293522 32.487347 31.704729 32.431744 40.648697 47.428333 49.474987 47.821133 45.449432 42.769978 43.962662 56.358681 69.002022 73.493378 67.705040 58.915848 51.608635 52.160572 64.298592 78.654114 86.050964 78.654114 64.298592 52.160572 51.608635 58.915848 67.705040 73.493378 69.002022 56.358681 43.962662 42.769978 45.449432 47.821133 49.474987 47.428333 40.648697 32.431744 31.704729 32.487347 32.293522 31.674366 30.254169 27.249874 23.048208,
 32.982311 52.860825 72.506874 84.862289 85.238075 75.756317 60.733631 79.960930 117.216370 152.930527 171.559692 163.286453 134.872894 100.199623 129.299118 188.879745 246.392883 273.666870 253.108154 199.642410 140.778641 155.048553 225.620163 293.365448 323.461060 293.365448 225.620163 155.048553 140.778641 199.642410 253.108154 273.666870 246.392883 188.879745 129.299118 100.199623 134.872894 163.286453 171.559692 152.930527 117.216370 79.960930 60.733631 75.756317 85.238075 84.862289 72.506874 52.860825 32.982311,
 22.807981 25.179836 27.653669 29.288412 29.029985 26.904163 23.992720 33.746902 38.483524 43.455395 46.791077 45.654987 40.130680 33.584808 43.904179 52.373325 61.962109 68.055710 64.635948 53.982082 43.275158 47.825211 59.364231 72.402649 78.934952 72.402649 59.364231 47.825211 43.275158 53.982082 64.635948 68.055710 61.962109 52.373325 43.904179 33.584808 40.130680 45.654987 46.791077 43.455395 38.483524 33.746902 23.992720 26.904163 29.029985 29.288412 27.653669 25.179836 22.807981,
 1.972521 2.988478 4.110774 4.651989 4.200935 3.066517 1.950293 1.670824 2.502410 3.539505 4.123375 3.806514 2.871031 1.991025 2.236166 3.461562 4.979403 5.780612 5.156652 3.683884 2.433158 3.065625 4.960578 7.194000 8.267264 7.194000 4.960578 3.065625 2.433158 3.683884 5.156652 5.780612 4.979403 3.461562 2.236166 1.991025 2.871031 3.806514 4.123375 3.539505 2.502410 1.670824 1.950293 3.066517 4.200935 4.651989 4.110774 2.988478 1.972521,
 6.259916 9.239819 11.869270 12.036633 10.228365 8.815372 8.869196 12.393847 18.143398 23.447521 24.407125 21.301842 18.082775 16.650927 18.982620 27.711823 37.039940 39.811417 34.278999 26.834789 21.916801 22.722088 31.146820 42.012386 47.744568 42.012386 31.146820 22.722088 21.916801 26.834789 34.278999 39.811417 37.039940 27.711823 18.982620 16.650927 18.082775 21.301842 24.407125 23.447521 18.143398 12.393847 8.869196 8.815372 10.228365 12.036633 11.869270 9.239819 6.259916,
 11.931786 22.255087 34.188202 41.684944 39.093811 32.001522 27.486164 25.798399 43.894459 64.216995 75.673187 69.886337 55.428509 43.464790 46.784096 74.629112 105.463058 121.156235 108.673569 81.397057 57.320305 60.166412 91.663506 126.907135 144.097656 126.907135 91.663506 60.166412 57.320305 81.397057 108.673569 121.156235 105.463058 74.629112 46.784096 43.464790 55.428509 69.886337 75.673187 64.216995 43.894459 25.798399 27.486164 32.001522 39.093811 41.684944 34.188202 22.255087 11.931786,
 13.898688 15.503520 17.105980 17.655479 16.982288 15.575311 14.036944 19.632341 22.068178 24.154242 25.106514 23.965952 21.036528 18.011450 24.971014 29.529242 34.299545 37.289291 35.094551 29.162874 23.382296 26.598980 33.210739 40.605125 44.512173 40.605125 33.210739 26.598980 23.382296 29.162874 35.094551 37.289291 34.299545 29.529242 24.971014 18.011450 21.036528 23.965952 25.106514 24.154242 22.068178 19.632341 14.036944 15.575311 16.982288 17.655479 17.105980 15.503520 13.898688,
 0.091654 0.341050 0.621999 0.789902 0.739876 0.483405 0.148738 0.391471 0.572620 0.666302 0.676247 0.613334 0.462472 0.243773 0.530036 0.966427 1.347324 1.472398 1.220241 0.707931 0.219779 0.497117 1.248163 2.117539 2.531537 2.117539 1.248163 0.497117 0.219779 0.707931 1.220241 1.472398 1.347324 0.966427 0.530036 0.243773 0.462472 0.613334 0.676247 0.666302 0.572620 0.391471 0.148738 0.483405 0.739876 0.789902 0.621999 0.341050 0.091654,
 4.333709 8.033090 10.570532 10.848198 8.802015 5.118237 0.613619 3.947756 9.592764 14.110846 14.742838 11.678843 6.640799 1.043725 3.157221 10.119141 17.008036 18.915956 14.686655 8.215988 1.801594 2.457854 9.437187 17.082922 21.037403 17.082922 9.437187 2.457854 1.801594 8.215988 14.686655 18.915956 17.008036 10.119141 3.157221 1.043725 6.640799 11.678843 14.742838 14.110846 9.592764 3.947756 0.613619 5.118237 8.802015 10.848198 10.570532 8.033090 4.333709,
 -11.386015 -1.974539 11.965266 20.920944 17.240444 8.394958 0.685904 -2.255188 10.052261 27.380102 37.920982 31.117006 16.471874 4.081054 7.704317 23.720951 45.119781 57.413338 46.968513 26.486431 9.910307 12.534990 30.420040 53.640831 66.509277 53.640831 30.420040 12.534990 9.910307 26.486431 46.968513 57.413338 45.119781 23.720951 7.704317 4.081054 16.471874 31.117006 37.920982 27.380102 10.052261 -2.255188 0.685904 8.394958 17.240444 20.920944 11.965266 -1.974539 -11.386015,
 0.137079 2.867705 5.141601 6.986537 8.190442 7.892248 6.042047 2.882287 6.315073 9.081972 11.121387 11.402071 9.234221 5.825604 4.823249 9.173250 13.099605 15.795809 14.771371 10.569532 5.853394 5.681877 10.680161 15.682259 18.218018 15.682259 10.680161 5.681877 5.853394 10.569532 14.771371 15.795809 13.099605 9.173250 4.823249 5.825604 9.234221 11.402071 11.121387 9.081972 6.315073 2.882287 6.042047 7.892248 8.190442 6.986537 5.141601 2.867705 0.137079,

Pairwise cross-correlations of the modulus of all oriented sub-bands at the same scale (size QxQ)
 13.599886 13.759890 13.478544 12.083879,
 13.759890 147.466644 220.712189 52.686485,
 13.478544 220.712189 593.965759 213.214325,
 12.083879 52.686485 213.214325 130.272659,
 12.497481 9.168313 10.599041 12.038019,
 9.168313 86.050964 123.292480 27.292439,
 10.599041 123.292480 323.461060 109.251633,
 12.038019 27.292439 109.251633 78.934952,
 8.267265 6.901078 3.608540 6.070330,
 6.901078 47.744568 48.055634 17.744938,
 3.608540 48.055634 144.097656 57.260204,
 6.070330 17.744938 57.260204 44.512177,
 2.531537 3.084517 -0.594744 1.430960,
 3.084517 21.037405 19.099335 9.040648,
 -0.594744 19.099335 66.509270 23.058426,
 1.430960 9.040648 23.058426 18.218021,

Cross-correlations of the modulus of all oriented sub-bands with all oriented sub-bands at the coarser scale (size QxQ)
 9.223481 9.119596 6.405281 10.467077,
 11.343510 38.985989 43.704304 17.877558,
 17.378479 42.175728 89.557053 49.609688,
 12.182261 8.606974 34.792557 34.279034,
 7.603316 7.764192 1.866992 6.768420,
 7.869655 15.509001 2.269015 0.954945,
 12.929092 17.828833 21.248549 8.582019,
 10.450210 13.352391 15.644333 16.209099,
 2.598196 4.470365 -3.077163 3.384998,
 2.577719 8.186218 -7.736843 5.135438,
 2.050203 7.132478 -7.326363 3.109720,
 1.283070 5.951027 -7.757000 3.746126,

Cross-correlations of the real part of each oriented sub-band with both the real and imaginary part of all phase-doubled oriented sub-bands at the next coarser scale (Q matrices of size 1x2Q, which are computed and stored in a matrix of size Qx2Q)
 -0.221120 -1.855762 -1.301397 -1.602279 1.155354 0.462876 0.161918 -0.157922,
 -0.910401 -32.684948 -36.801643 -10.245230 0.537712 1.371255 -2.816916 -1.048698,
 -1.269263 -45.904888 -90.328636 -48.203720 0.252588 -1.324588 -9.663181 -2.269524,
 -0.759193 -8.455029 -36.917240 -30.931770 0.541537 -1.063916 -3.898948 -0.406879,
 0.345169 -1.073668 -1.083233 -0.728015 0.347884 0.564905 -0.148769 -0.892373,
 0.027522 -18.069412 -22.716986 -3.551629 0.091160 3.349751 -10.005108 -2.999314,
 -0.521225 -24.622789 -47.212677 -18.924936 0.167877 -0.333626 -24.048166 -9.247423,
 -0.387265 -4.624637 -17.181746 -12.691826 0.626396 -1.652160 -8.231197 -5.248056,
 0.102050 -0.267797 0.210376 -0.489902 0.211121 0.961490 0.273115 -0.915422,
 -0.304856 3.912908 -3.209174 -2.717809 0.252950 8.521513 -1.323807 -2.650485,
 -0.055017 2.756940 -21.706038 -11.597316 0.469334 5.890095 -15.174246 -12.714058,
 0.145006 -1.231619 -10.788195 -6.721635 0.766978 -0.493596 -8.666759 -9.783869,
