Low-band skewness and kurtosis
 -0.576924 2.210695,
 -0.434124 2.140597,
 -0.288207 1.824893,
 -0.330702 1.697576,
 -0.295673 1.601000,

High-band variance
 935.504578,

Skewness, kurtosis, variance, mean, maximum and minimum of the reconstructed texture
 -0.695439 2.021888 5762.719727 189.698853 255.000000 2.000000,

Auto-correlations of the low-frequency bands at each scale
 1603.733154 1574.984253 1563.181519 1563.719604 1570.057983 1580.752808 1595.727539 1669.633667 1503.899048 1379.365601 1322.882080 1342.241821 1432.296265 1569.630981 3060.934326 3093.045166 3107.165283 3090.271729 3034.603271 2965.057373 2905.436279 4050.353027 4323.291992 4537.740723 4622.834473 4537.740723 4323.291992 4050.353027 2905.436279 2965.057373 3034.603271 3090.271729 3107.165283 3093.045166 3060.934326 1569.630981 1432.296265 1342.241821 1322.882080 1379.365601 1503.899048 1669.633667 1595.727539 1580.752808 1570.057983 1563.719604 1563.181519 1574.984253 1603.733154,
 1567.891235 1537.784790 1517.122681 1513.066772 1525.164185 1544.163452 1561.396606 1674.265137 1583.534424 1514.196899 1486.588257 1506.406860 1566.980225 1649.975830 2381.604492 2402.194336 2415.327393 2406.213379 2365.138916 2315.645996 2279.685059 2866.676270 3024.033447 3158.875732 3215.823242 3158.875732 3024.033447 2866.676270 2279.685059 2315.645996 2365.138916 2406.213379 2415.327393 2402.194336 2381.604492 1649.975830 1566.980225 1506.406860 1486.588257 1514.196899 1583.534424 1674.265137 1561.396606 1544.163452 1525.164185 1513.066772 1517.122681 1537.784790 1567.891235,
 1293.045044 1303.247314 1323.321655 1345.152466 1360.068237 1364.126953 1359.375610 1512.701904 1457.971558 1417.823853 1401.289551 1410.660522 1445.305054 1497.706543 2023.579590 2018.258423 2014.380981 2002.210449 1974.251587 1945.344604 1929.660156 2299.719971 2387.194092 2465.844971 2499.900879 2465.844971 2387.194092 2299.719971 1929.660156 1945.344604 1974.251587 2002.210449 2014.380981 2018.258423 2023.579590 1497.706543 1445.305054 1410.660522 1401.289551 1417.823853 1457.971558 1512.701904 1359.375610 1364.126953 1360.068237 1345.152466 1323.321655 1303.247314 1293.045044,
 712.403625 702.747314 687.398865 674.316284 663.168030 652.129150 642.864929 1131.973755 1111.297485 1096.309692 1092.769043 1095.922241 1105.490356 1122.470093 1683.510376 1688.379761 1697.660645 1706.172119 1702.475586 1694.457886 1690.889771 2013.708374 2046.207764 2077.377441 2092.621338 2077.377441 2046.207764 2013.708374 1690.889771 1694.457886 1702.475586 1706.172119 1697.660645 1688.379761 1683.510376 1122.470093 1105.490356 1095.922241 1092.769043 1096.309692 1111.297485 1131.973755 642.864929 652.129150 663.168030 674.316284 687.398865 702.747314 712.403625,
 -1277.967407 -1281.209595 -1279.336182 -1274.983643 -1271.278320 -1268.999634 -1268.561890 -30.835627 -36.847092 -43.994892 -50.303570 -53.028950 -48.208023 -37.559216 1280.217041 1286.318848 1287.859985 1280.935791 1267.367310 1258.563721 1261.699463 1830.567871 1842.534790 1858.961304 1867.219849 1858.961304 1842.534790 1830.567871 1261.699463 1258.563721 1267.367310 1280.935791 1287.859985 1286.318848 1280.217041 -37.559216 -48.208023 -53.028950 -50.303570 -43.994892 -36.847092 -30.835627 -1268.561890 -1268.999634 -1271.278320 -1274.983643 -1279.336182 -1281.209595 -1277.967407,

Auto-correlations of the modulus of each oriented sub-band
 3.137456 4.245137 5.222975 5.627838 5.216167 4.168258 2.941800 3.710470 4.912831 5.961305 6.360106 5.878286 4.745712 3.429565 4.594987 6.179101 7.543118 8.123048 7.588073 6.162303 4.441655 4.992580 7.021990 8.896035 9.694710 8.896035 7.021990 4.992580 4.441655 6.162303 7.588073 8.123048 7.543118 6.179101 4.594987 3.429565 4.745712 5.878286 6.360106 5.961305 4.912831 3.710470 2.941800 4.168258 5.216167 5.627838 5.222975 4.245137 3.137456,
 33.084969 37.829037 42.556995 45.941307 47.555218 48.286442 48.930382 51.735222 60.949730 70.359055 75.665131 75.285110 72.317757 69.512978 72.778725 86.222214 100.734703 107.964737 103.373207 93.623184 84.910164 86.439789 100.026230 115.407372 123.247772 115.407372 100.026230 86.439789 84.910164 93.623184 103.373207 107.964737 100.734703 86.222214 72.778725 69.512978 72.317757 75.285110 75.665131 70.359055 60.949730 51.735222 48.930382 48.286442 47.555218 45.941307 42.556995 37.829037 33.084969,
 243.608307 255.760101 263.208954 262.396179 253.053024 239.711609 225.832916 329.685303 364.546753 392.984924 400.488922 380.898926 345.874268 309.916077 414.623901 478.656952 536.450378 558.367798 527.861511 465.846832 401.496277 447.362885 525.858215 600.397888 633.746338 600.397888 525.858215 447.362885 401.496277 465.846832 527.861511 558.367798 536.450378 478.656952 414.623901 309.916077 345.874268 380.898926 400.488922 392.984924 364.546753 329.685303 225.832916 239.711609 253.053024 262.396179 263.208954 255.760101 243.608307,
 58.442642 57.029415 54.900402 51.691605 47.269497 42.519413 38.511658 80.077263 82.614693 84.094215 82.485428 75.973061 66.184486 57.007896 96.390701 105.817154 115.006088 118.274231 110.238525 94.869751 80.339966 96.906952 111.925247 127.966156 135.724640 127.966156 111.925247 96.906952 80.339966 94.869751 110.238525 118.274231 115.006088 105.817154 96.390701 57.007896 66.184486 75.973061 82.485428 84.094215 82.614693 80.077263 38.511658 42.519413 47.269497 51.691605 54.900402 57.029415 58.442642,
 1.804368 2.355185 2.901105 3.171150 3.006002 2.489007 1.884527 2.059723 2.739823 3.380595 3.672245 3.453213 2.842233 2.138387 2.631281 3.787743 4.932966 5.473939 5.047551 3.919340 2.708395 3.139851 4.796920 6.481876 7.241810 6.481876 4.796920 3.139851 2.708395 3.919340 5.047551 5.473939 4.932966 3.787743 2.631281 2.138387 2.842233 3.453213 3.672245 3.380595 2.739823 2.059723 1.884527 2.489007 3.006002 3.171150 2.901105 2.355185 1.804368,
 8.658790 10.170314 11.149501 10.988485 10.440942 10.327010 10.411883 14.498509 19.402784 23.700274 24.759960 23.307997 21.844873 20.771320 24.907703 33.000751 41.446316 44.425911 40.589863 35.137630 30.852459 32.680832 40.545567 50.014343 54.973221 50.014343 40.545567 32.680832 30.852459 35.137630 40.589863 44.425911 41.446316 33.000751 24.907703 20.771320 21.844873 23.307997 24.759960 23.700274 19.402784 14.498509 10.411883 10.327010 10.440942 10.988485 11.149501 10.170314 8.658790,
 60.882252 63.713295 67.073967 69.053818 67.656487 63.036613 57.342930 92.060532 109.402542 126.223320 133.248657 125.098930 106.833344 88.309097 127.333954 164.521835 201.332214 217.432434 200.582031 163.222702 126.034805 143.690140 190.838165 238.554749 260.325378 238.554749 190.838165 143.690140 126.034805 163.222702 200.582031 217.432434 201.332214 164.521835 127.333954 88.309097 106.833344 125.098930 133.248657 126.223320 109.402542 92.060532 57.342930 63.036613 67.656487 69.053818 67.073967 63.713295 60.882252,
 19.496891 18.870905 18.635296 18.162794 16.587013 14.125097 12.001128 27.222448 28.711645 30.874519 32.015594 29.838413 24.853678 19.969461 33.946804 39.673573 46.773445 50.973595 47.145622 37.800419 29.186121 35.008633 44.282776 55.300011 60.954502 55.300011 44.282776 35.008633 29.186121 37.800419 47.145622 50.973595 46.773445 39.673573 33.946804 19.969461 24.853678 29.838413 32.015594 30.874519 28.711645 27.222448 12.001128 14.125097 16.587013 18.162794 18.635296 18.870905 19.496891,
 1.298434 1.404886 1.518325 1.584983 1.545877 1.415409 1.285974 1.524171 1.692991 1.942765 2.131389 2.104985 1.869462 1.600235 1.924413 2.417011 3.033246 3.357628 3.096542 2.452742 1.858542 2.146451 2.976831 3.951255 4.420131 3.951255 2.976831 2.146451 1.858542 2.452742 3.096542 3.357628 3.033246 2.417011 1.924413 1.600235 1.869462 2.104985 2.131389 1.942765 1.692991 1.524171 1.285974 1.415409 1.545877 1.584983 1.518325 1.404886 1.298434,
 0.471759 1.486389 2.285256 2.504310 2.759369 2.965740 2.916835 1.777956 4.672773 7.528472 8.153709 7.394120 6.896898 6.595145 4.441523 9.158906 14.762800 16.694115 13.929140 10.658586 8.583441 7.417431 11.834219 17.970972 21.481459 17.970972 11.834219 7.417431 8.583441 10.658586 13.929140 16.694115 14.762800 9.158906 4.441523 6.595145 6.896898 7.394120 8.153709 7.528472 4.672773 1.777956 2.916835 2.965740 2.759369 2.504310 2.285256 1.486389 0.471759,
 23.218609 31.280922 38.652325 40.847149 36.318913 28.512589 20.719688 32.945431 51.090347 69.274742 77.866867 71.285530 55.292587 38.048725 45.040504 74.854469 104.829308 119.651810 108.975258 82.014488 53.125565 55.045403 89.895935 123.975449 139.552765 123.975449 89.895935 55.045403 53.125565 82.014488 108.975258 119.651810 104.829308 74.854469 45.040504 38.048725 55.292587 71.285530 77.866867 69.274742 51.090347 32.945431 20.719688 28.512589 36.318913 40.847149 38.652325 31.280922 23.218609,
 12.307419 14.622559 15.877195 16.790890 16.789057 14.855989 11.831806 17.391890 21.194113 24.199057 26.346508 25.555323 21.125269 16.040384 20.831991 26.490013 32.408791 36.413475 34.114014 26.802101 19.791014 21.558926 28.788860 37.047276 41.355591 37.047276 28.788860 21.558926 19.791014 26.802101 34.114014 36.413475 32.408791 26.490013 20.831991 16.040384 21.125269 25.555323 26.346508 24.199057 21.194113 17.391890 11.831806 14.855989 16.789057 16.790890 15.877195 14.622559 12.307419,
 0.321668 0.504513 0.578400 0.494745 0.405358 0.409148 0.480279 0.617321 0.841781 0.989785 0.958956 0.817666 0.706070 0.730284 1.011963 1.321075 1.697348 1.847919 1.616739 1.231976 1.032379 1.188682 1.546744 2.126153 2.446571 2.126153 1.546744 1.188682 1.032379 1.231976 1.616739 1.847919 1.697348 1.321075 1.011963 0.730284 0.706070 0.817666 0.958956 0.989785 0.841781 0.617321 0.480279 0.409148 0.405358 0.494745 0.578400 0.504513 0.321668,
 4.268893 5.745946 6.072842 4.722677 3.437204 1.941293 0.121182 7.500419 9.594271 11.578138 10.677837 8.700293 7.167009 4.948924 10.208961 12.449629 15.833773 16.428284 13.553980 11.236525 9.030677 10.964533 13.120522 16.513962 18.974766 16.513962 13.120522 10.964533 9.030677 11.236525 13.553980 16.428284 15.833773 12.449629 10.208961 4.948924 7.167009 8.700293 10.677837 11.578138 9.594271 7.500419 0.121182 1.941293 3.437204 4.722677 6.072842 5.745946 4.268893,
 34.842644 40.931496 40.323246 32.919178 19.929592 3.763016 -12.780375 48.453152 62.739639 68.594498 64.472672 51.129139 31.561752 9.709515 55.685158 78.212189 91.895508 93.006638 81.072250 59.372128 33.006218 50.349487 77.518982 97.473091 104.921349 97.473091 77.518982 50.349487 33.006218 59.372128 81.072250 93.006638 91.895508 78.212189 55.685158 9.709515 31.561752 51.129139 64.472672 68.594498 62.739639 48.453152 -12.780375 3.763016 19.929592 32.919178 40.323246 40.931496 34.842644,
 -0.686287 0.871658 2.443809 3.540509 3.741109 2.907723 1.150692 1.694378 4.460827 6.945657 8.613615 8.580725 6.305390 3.117838 4.570776 8.324892 11.957075 14.463754 13.335741 9.083717 4.908774 5.796103 10.070501 14.875156 17.419785 14.875156 10.070501 5.796103 4.908774 9.083717 13.335741 14.463754 11.957075 8.324892 4.570776 3.117838 6.305390 8.580725 8.613615 6.945657 4.460827 1.694378 1.150692 2.907723 3.741109 3.540509 2.443809 0.871658 -0.686287,

Pairwise cross-correlations of the modulus of all oriented sub-bands at the same scale (size QxQ)
 9.694710 8.352083 11.200642 10.002397,
 8.352083 123.247787 224.296234 59.331936,
 11.200642 224.296234 633.746277 229.698288,
 10.002397 59.331936 229.698288 135.724640,
 7.241811 7.473831 7.913992 7.246435,
 7.473831 54.973225 85.925476 21.877741,
 7.913992 85.925476 260.325409 87.298836,
 7.246435 21.877741 87.298836 60.954510,
 4.420131 2.260396 3.078477 2.758114,
 2.260396 21.481461 38.146523 10.728878,
 3.078477 38.146523 139.552765 58.560547,
 2.758114 10.728878 58.560547 41.355595,
 2.446571 0.784356 0.288196 0.105356,
 0.784356 18.974766 37.783554 10.915951,
 0.288196 37.783554 104.921356 36.579460,
 0.105356 10.915951 36.579460 17.419785,

Cross-correlations of the modulus of all oriented sub-bands with all oriented sub-bands at the coarser scale (size QxQ)
 5.872326 6.077531 2.346380 7.213239,
 8.604655 30.672955 42.550808 14.574488,
 17.128195 45.258278 116.224525 51.025509,
 9.397485 12.868512 46.499588 35.867039,
 3.251227 2.577356 2.744474 3.392569,
 5.031472 6.245719 -1.380651 0.270276,
 10.223213 9.119093 14.594656 8.070785,
 5.587355 3.702818 10.980990 12.409448,
 1.863142 1.876314 3.334826 0.877823,
 2.260914 4.265132 10.777891 4.793091,
 3.347251 10.242916 31.113630 15.845752,
 1.608712 2.778240 11.114837 6.816097,

Cross-correlations of the real part of each oriented sub-band with both the real and imaginary part of all phase-doubled oriented sub-bands at the next coarser scale (Q matrices of size 1x2Q, which are computed and stored in a matrix of size Qx2Q)
 -0.848397 -1.018307 -1.432074 -1.544341 0.480511 -0.188373 -0.179447 0.146991,
 -0.658403 -28.964708 -38.085941 -11.950369 0.101583 -4.525400 2.097736 1.264428,
 -1.312407 -47.182014 -103.963966 -56.302227 -0.042696 -4.146001 17.552877 7.224587,
 -1.457449 -10.589016 -46.035446 -35.679901 0.092347 0.124752 10.029812 4.711103,
 0.118069 -0.216782 -0.302924 -1.200568 0.022887 -0.213178 -0.036246 -0.032006,
 -0.059596 -10.290854 -18.073362 -4.399078 -0.073632 -4.694836 -3.898042 1.524214,
 -0.596394 -19.197386 -45.563049 -18.049967 0.089198 -7.511436 -0.402772 5.861800,
 -0.519675 -4.604374 -16.618256 -12.637837 0.121480 -1.184340 3.453931 2.438565,
 0.304258 -0.425063 -0.061123 -0.068241 0.825118 0.236128 -0.253676 -0.485308,
 0.090190 4.955011 19.435900 2.932374 0.616915 0.499449 -3.968638 -3.008814,
 0.042065 17.150253 48.796120 8.491832 0.052688 -0.266906 -13.199382 -12.791780,
 0.175669 6.031911 15.376253 3.090145 0.226059 -0.744974 -6.902070 -8.135934,
