Low-band skewness and kurtosis
 -0.615584 2.113581,
 -0.551733 2.238995,
 -0.355567 1.955189,
 -0.137582 1.648481,
 -0.093508 1.558584,

High-band variance
 931.074829,

Skewness, kurtosis, variance, mean, maximum and minimum of the reconstructed texture
 -0.729426 2.003013 6032.452637 190.861023 255.000000 2.000000,

Auto-correlations of the low-frequency bands at each scale
 2190.064453 2189.348145 2184.488037 2176.401611 2164.239990 2153.757812 2150.214355 2048.230225 1988.488647 1951.499634 1949.181641 1984.823120 2058.852295 2160.424072 3223.493896 3309.229004 3407.853027 3500.215576 3570.763184 3626.089355 3671.055420 4580.974609 4732.776855 4852.135254 4899.903809 4852.135254 4732.776855 4580.974609 3671.055420 3626.089355 3570.763184 3500.215576 3407.853027 3309.229004 3223.493896 2160.424072 2058.852295 1984.823120 1949.181641 1951.499634 1988.488647 2048.230225 2150.214355 2153.757812 2164.239990 2176.401611 2184.488037 2189.348145 2190.064453,
 1925.731079 1915.381104 1901.319702 1887.879272 1877.852905 1875.651367 1881.757202 1949.343994 1936.627563 1938.599121 1960.615112 2001.443359 2060.201904 2129.955322 2681.341309 2745.297363 2822.859863 2896.043457 2946.649414 2980.471680 3006.698730 3477.464355 3563.636230 3638.507324 3670.669434 3638.507324 3563.636230 3477.464355 3006.698730 2980.471680 2946.649414 2896.043457 2822.859863 2745.297363 2681.341309 2129.955322 2060.201904 2001.443359 1960.615112 1938.599121 1936.627563 1949.343994 1881.757202 1875.651367 1877.852905 1887.879272 1901.319702 1915.381104 1925.731079,
 1673.488037 1660.846924 1648.023926 1635.681519 1623.484619 1611.833008 1603.077148 1695.105103 1682.632446 1680.465454 1689.577026 1708.689331 1739.243286 1780.784058 2265.787354 2316.801514 2376.731201 2431.634521 2468.797607 2496.897705 2524.984619 2896.221191 2953.507324 3004.827637 3027.848877 3004.827637 2953.507324 2896.221191 2524.984619 2496.897705 2468.797607 2431.634521 2376.731201 2316.801514 2265.787354 1780.784058 1739.243286 1708.689331 1689.577026 1680.465454 1682.632446 1695.105103 1603.077148 1611.833008 1623.484619 1635.681519 1648.023926 1660.846924 1673.488037,
 941.874512 941.167908 938.030762 933.401978 923.968384 911.456970 900.097778 1535.403687 1512.066284 1494.531372 1485.839722 1482.909790 1489.211060 1505.959595 2012.441772 2026.505981 2053.356201 2081.462158 2097.252686 2107.703613 2119.834717 2397.018799 2432.487061 2468.266113 2485.423340 2468.266113 2432.487061 2397.018799 2119.834717 2107.703613 2097.252686 2081.462158 2053.356201 2026.505981 2012.441772 1505.959595 1489.211060 1482.909790 1485.839722 1494.531372 1512.066284 1535.403687 900.097778 911.456970 923.968384 933.401978 938.030762 941.167908 941.874512,
 -1596.331665 -1601.696533 -1607.982422 -1607.497681 -1599.516846 -1592.552734 -1591.958374 -11.043519 -14.310564 -15.241636 -10.989169 -6.431023 -6.038187 -8.289407 1592.083862 1593.980103 1601.900024 1609.908813 1608.043579 1599.579712 1593.761841 2263.388428 2271.163574 2285.447021 2293.590332 2285.447021 2271.163574 2263.388428 1593.761841 1599.579712 1608.043579 1609.908813 1601.900024 1593.980103 1592.083862 -8.289407 -6.038187 -6.431023 -10.989169 -15.241636 -14.310564 -11.043519 -1591.958374 -1592.552734 -1599.516846 -1607.497681 -1607.982422 -1601.696533 -1596.331665,

Auto-correlations of the modulus of each oriented sub-band
 2.861753 3.968365 4.918314 5.307415 4.948795 4.035739 2.968127 3.128893 4.286952 5.281886 5.694263 5.324073 4.369315 3.248267 3.595548 4.933248 6.080386 6.539721 6.074700 4.938881 3.637343 3.908321 5.431530 6.778983 7.334847 6.778983 5.431530 3.908321 3.637343 4.938881 6.074700 6.539721 6.080386 4.933248 3.595548 3.248267 4.369315 5.324073 5.694263 5.281886 4.286952 3.128893 2.968127 4.035739 4.948795 5.307415 4.918314 3.968365 2.861753,
 74.076630 76.646996 79.096985 81.051819 82.113861 82.336845 81.978958 92.010918 98.351944 103.881241 107.119438 107.467545 105.491180 102.122688 112.200058 122.834129 132.007462 136.298935 134.270554 127.879097 119.654007 124.144081 135.925064 146.050140 150.359695 146.050140 135.925064 124.144081 119.654007 127.879097 134.270554 136.298935 132.007462 122.834129 112.200058 102.122688 105.491180 107.467545 107.119438 103.881241 98.351944 92.010918 81.978958 82.336845 82.113861 81.051819 79.096985 76.646996 74.076630,
 355.180237 365.846130 378.114777 388.184998 392.543182 392.321838 389.629089 446.816071 474.309265 500.756805 517.244629 517.293152 504.469360 485.867889 552.910461 601.390015 644.711914 666.710693 656.727905 622.922241 580.467224 612.396362 669.428650 718.346313 738.950928 718.346313 669.428650 612.396362 580.467224 622.922241 656.727905 666.710693 644.711914 601.390015 552.910461 485.867889 504.469360 517.293152 517.244629 500.756805 474.309265 446.816071 389.629089 392.321838 392.543182 388.184998 378.114777 365.846130 355.180237,
 50.149723 51.547791 53.072014 53.844772 53.320114 52.028473 51.061260 60.760628 64.442192 68.565674 70.783188 69.090637 64.551857 60.555000 72.036522 79.165894 87.774780 92.514282 88.671600 79.310303 71.332253 76.701599 86.149170 97.782516 103.592560 97.782516 86.149170 76.701599 71.332253 79.310303 88.671600 92.514282 87.774780 79.165894 72.036522 60.555000 64.551857 69.090637 70.783188 68.565674 64.442192 60.760628 51.061260 52.028473 53.320114 53.844772 53.072014 51.547791 50.149723,
 1.897252 2.427960 2.898514 3.116387 2.976274 2.548945 2.027051 2.275042 2.959837 3.526767 3.736908 3.492960 2.923969 2.277647 2.763873 3.768463 4.643596 4.935751 4.472684 3.556429 2.636120 2.949180 4.170798 5.381461 5.918582 5.381461 4.170798 2.949180 2.636120 3.556429 4.472684 4.935751 4.643596 3.768463 2.763873 2.277647 2.923969 3.492960 3.736908 3.526767 2.959837 2.275042 2.027051 2.548945 2.976274 3.116387 2.898514 2.427960 1.897252,
 31.754749 33.167229 34.516552 35.246799 35.301914 35.268768 35.551228 42.150650 46.287659 49.697182 50.571472 48.961769 46.573204 44.667625 53.067860 60.445751 67.377159 69.531891 65.743858 59.625759 54.349987 58.278374 66.249756 74.927757 79.102135 74.927757 66.249756 58.278374 54.349987 59.625759 65.743858 69.531891 67.377159 60.445751 53.067860 44.667625 46.573204 48.961769 50.571472 49.697182 46.287659 42.150650 35.551228 35.268768 35.301914 35.246799 34.516552 33.167229 31.754749,
 141.226852 147.036118 152.063965 155.042328 155.052917 153.122116 150.751541 199.622025 213.945480 224.652740 228.199219 222.846222 211.487320 198.214371 263.009644 290.210693 311.675446 319.026428 308.154877 284.862305 257.533813 289.512177 323.919250 352.817596 364.936768 352.817596 323.919250 289.512177 257.533813 284.862305 308.154877 319.026428 311.675446 290.210693 263.009644 198.214371 211.487320 222.846222 228.199219 224.652740 213.945480 199.622025 150.751541 153.122116 155.052917 155.042328 152.063965 147.036118 141.226852,
 21.483461 21.827448 22.127178 22.302824 22.038517 21.306738 20.534121 26.640314 27.728456 29.210121 30.481026 30.031258 27.727568 25.287100 32.109615 34.781391 38.896156 42.195053 40.691292 35.504635 31.099030 34.211620 38.612114 45.061302 48.724861 45.061302 38.612114 34.211620 31.099030 35.504635 40.691292 42.195053 38.896156 34.781391 32.109615 25.287100 27.727568 30.031258 30.481026 29.210121 27.728456 26.640314 20.534121 21.306738 22.038517 22.302824 22.127178 21.827448 21.483461,
 1.002171 1.311987 1.577220 1.673769 1.556887 1.316151 1.084270 1.187112 1.670123 2.090279 2.264783 2.119293 1.753834 1.353109 1.494543 2.270898 3.025819 3.388744 3.150374 2.473169 1.716662 1.835999 2.858712 3.856253 4.296431 3.856253 2.858712 1.835999 1.716662 2.473169 3.150374 3.388744 3.025819 2.270898 1.494543 1.353109 1.753834 2.119293 2.264783 2.090279 1.670123 1.187112 1.084270 1.316151 1.556887 1.673769 1.577220 1.311987 1.002171,
 6.769568 6.910072 7.258644 7.292310 7.611772 8.966411 10.448572 16.515549 18.531233 21.066568 21.983080 21.356291 21.345575 21.914349 27.823963 31.579126 36.485260 38.615147 36.414085 33.629051 32.135021 34.663715 38.242714 43.528473 46.553139 43.528473 38.242714 34.663715 32.135021 33.629051 36.414085 38.615147 36.485260 31.579126 27.823963 21.914349 21.345575 21.356291 21.983080 21.066568 18.531233 16.515549 10.448572 8.966411 7.611772 7.292310 7.258644 6.910072 6.769568,
 51.059780 51.989162 54.950745 58.207558 60.306892 61.198215 61.415073 101.289284 109.227974 118.192970 124.388435 124.816154 120.256905 113.131432 157.644699 174.245636 189.613770 197.919403 194.837158 182.917603 167.068436 187.319366 207.839386 224.934540 232.101501 224.934540 207.839386 187.319366 167.068436 182.917603 194.837158 197.919403 189.613770 174.245636 157.644699 113.131432 120.256905 124.816154 124.388435 118.192970 109.227974 101.289284 61.415073 61.198215 60.306892 58.207558 54.950745 51.989162 51.059780,
 8.896897 8.330506 8.088881 8.033410 8.065627 8.101449 8.453506 14.050620 13.794848 14.499553 15.457103 15.069402 13.611390 12.955018 18.964069 19.589302 22.229864 24.661366 23.150301 19.780579 18.253448 20.893747 22.398266 26.462509 29.259085 26.462509 22.398266 20.893747 18.253448 19.780579 23.150301 24.661366 22.229864 19.589302 18.964069 12.955018 13.611390 15.069402 15.457103 14.499553 13.794848 14.050620 8.453506 8.101449 8.065627 8.033410 8.088881 8.330506 8.896897,
 -0.348462 0.189620 0.747718 1.140610 1.224494 0.989378 0.590642 -0.179655 0.484232 1.184865 1.654535 1.678228 1.274208 0.686501 0.210002 1.147877 2.087588 2.602761 2.397392 1.636644 0.740358 0.653399 1.759578 2.811063 3.270152 2.811063 1.759578 0.653399 0.740358 1.636644 2.397392 2.602761 2.087588 1.147877 0.210002 0.686501 1.274208 1.678228 1.654535 1.184865 0.484232 -0.179655 0.590642 0.989378 1.224494 1.140610 0.747718 0.189620 -0.348462,
 -5.593641 -4.014967 -2.725384 -1.499521 -0.777991 -0.736605 -0.833744 2.131601 5.097216 6.758341 6.992038 6.795285 6.160201 4.842974 9.432117 13.323959 16.550673 16.769829 14.750191 12.627792 10.377914 12.543781 15.836708 19.627396 21.621723 19.627396 15.836708 12.543781 10.377914 12.627792 14.750191 16.769829 16.550673 13.323959 9.432117 4.842974 6.160201 6.795285 6.992038 6.758341 5.097216 2.131601 -0.833744 -0.736605 -0.777991 -1.499521 -2.725384 -4.014967 -5.593641,
 -2.113996 0.956789 5.140559 8.834654 10.268980 10.110750 9.672702 22.515238 28.644455 35.227600 39.874599 40.345039 37.784103 34.269085 46.060528 55.232941 63.931610 68.795692 67.154785 60.958725 53.362209 58.303276 68.344131 77.189743 81.047829 77.189743 68.344131 58.303276 53.362209 60.958725 67.154785 68.795692 63.931610 55.232941 46.060528 34.269085 37.784103 40.345039 39.874599 35.227600 28.644455 22.515238 9.672702 10.110750 10.268980 8.834654 5.140559 0.956789 -2.113996,
 0.822950 -0.106736 -0.525465 -0.287103 0.154882 0.064065 -0.166891 2.631402 2.454659 2.851698 3.906991 4.678069 4.302027 3.728038 5.112004 5.746180 7.106292 8.889874 9.120549 7.712648 6.541751 6.934659 8.093731 10.095338 11.365355 10.095338 8.093731 6.934659 6.541751 7.712648 9.120549 8.889874 7.106292 5.746180 5.112004 3.728038 4.302027 4.678069 3.906991 2.851698 2.454659 2.631402 -0.166891 0.064065 0.154882 -0.287103 -0.525465 -0.106736 0.822950,

Pairwise cross-correlations of the modulus of all oriented sub-bands at the same scale (size QxQ)
 7.334847 9.867593 12.030231 8.003697,
 9.867593 150.359665 302.647705 92.227287,
 12.030231 302.647705 738.951172 243.596664,
 8.003697 92.227287 243.596664 103.592545,
 5.918581 7.690271 9.739490 5.559488,
 7.690271 79.102142 153.737076 45.594631,
 9.739490 153.737076 364.936859 114.576988,
 5.559488 45.594631 114.576988 48.724869,
 4.296431 4.468558 5.205789 3.829606,
 4.468558 46.553143 91.391785 26.394726,
 5.205789 91.391785 232.101501 70.623985,
 3.829606 26.394726 70.623985 29.259089,
 3.270153 4.013500 4.435263 2.802957,
 4.013500 21.621725 35.201897 8.512571,
 4.435263 35.201897 81.047829 21.888294,
 2.802957 8.512571 21.888294 11.365355,

Cross-correlations of the modulus of all oriented sub-bands with all oriented sub-bands at the coarser scale (size QxQ)
 4.821713 5.951363 5.718723 5.117776,
 10.093585 45.409405 90.043037 34.366131,
 17.154572 95.910324 206.518066 76.923088,
 7.657409 34.853722 75.163696 32.411922,
 3.457753 5.805146 6.487030 4.241718,
 6.359672 27.597084 60.130970 20.986685,
 10.588889 55.866882 134.810699 45.684826,
 4.932440 19.207157 42.921295 16.590143,
 2.458209 2.832903 3.321493 3.185791,
 3.086447 17.161343 36.412922 12.566709,
 2.728173 35.216965 88.732910 27.420551,
 2.337217 11.600410 28.037703 10.462091,

Cross-correlations of the real part of each oriented sub-band with both the real and imaginary part of all phase-doubled oriented sub-bands at the next coarser scale (Q matrices of size 1x2Q, which are computed and stored in a matrix of size Qx2Q)
 -0.940137 -0.609927 0.144570 -0.138507 0.874942 0.278806 0.027462 -0.137365,
 -0.542740 3.053665 16.715010 2.935175 0.352182 -1.806786 -5.289412 -1.933259,
 -0.065034 8.793728 39.991207 8.223382 0.042634 -5.288670 -14.144609 -5.739025,
 -0.364325 2.276552 12.919710 3.346092 0.323031 -1.539892 -4.577402 -2.339211,
 0.059904 -0.143842 0.119118 -0.273419 0.705670 0.109298 -0.057924 -0.315794,
 -0.083645 0.530188 -11.755190 -4.551610 0.323237 -0.988527 -6.929476 -4.464428,
 -0.017001 -6.424923 -38.907997 -13.081248 0.016577 -7.229948 -30.727133 -13.374981,
 0.104499 -4.163731 -14.537802 -5.255970 0.268853 -3.788923 -14.044100 -5.457049,
 0.372316 -0.288266 -0.242287 -0.104987 0.418239 0.130036 0.060288 -0.455265,
 0.239705 -5.078803 -15.482496 -3.615109 0.075054 -8.631968 -21.852482 -5.496064,
 -0.022622 -8.137480 -31.899593 -9.547696 -0.043096 -23.458063 -60.064621 -16.165022,
 0.059250 -1.777794 -8.636679 -3.590854 0.280870 -7.384223 -20.653934 -6.750220,
