Low-band skewness and kurtosis
 -0.635144 2.291769,
 -0.579167 2.382576,
 -0.437633 2.146127,
 -0.395270 1.976125,
 -0.226787 1.627621,

High-band variance
 970.097229,

Skewness, kurtosis, variance, mean, maximum and minimum of the reconstructed texture
 -0.724422 2.053188 5943.932129 189.626770 255.000000 0.000000,

Auto-correlations of the low-frequency bands at each scale
 1792.309692 1737.907837 1688.568726 1663.487793 1676.697144 1738.212036 1843.269409 1956.663940 1825.987549 1734.625488 1751.018066 1898.528320 2142.601562 2401.635742 2885.139160 3053.013916 3254.180420 3433.092285 3535.592529 3563.874268 3532.205566 3895.105713 4288.397461 4633.187500 4776.961914 4633.187500 4288.397461 3895.105713 3532.205566 3563.874268 3535.592529 3433.092285 3254.180420 3053.013916 2885.139160 2401.635742 2142.601562 1898.528320 1751.018066 1734.625488 1825.987549 1956.663940 1843.269409 1738.212036 1676.697144 1663.487793 1688.568726 1737.907837 1792.309692,
 1810.859497 1788.605591 1763.709839 1739.152222 1720.861206 1723.599976 1752.934937 1713.318848 1612.850586 1546.473633 1552.867188 1642.545410 1799.668701 1979.947998 2245.198486 2350.068604 2490.925293 2627.861328 2713.004883 2744.781006 2738.363525 2971.816895 3237.918945 3471.945557 3570.241699 3471.945557 3237.918945 2971.816895 2738.363525 2744.781006 2713.004883 2627.861328 2490.925293 2350.068604 2245.198486 1979.947998 1799.668701 1642.545410 1552.867188 1546.473633 1612.850586 1713.318848 1752.934937 1723.599976 1720.861206 1739.152222 1763.709839 1788.605591 1810.859497,
 1693.989502 1710.334595 1709.842041 1690.776733 1656.347900 1626.654663 1616.060303 1808.884521 1766.202637 1734.961060 1725.755005 1737.727417 1777.352051 1835.804688 1976.194458 2034.464233 2128.940674 2220.999268 2266.138916 2272.170166 2258.806885 2339.056641 2478.830078 2614.326660 2675.318359 2614.326660 2478.830078 2339.056641 2258.806885 2272.170166 2266.138916 2220.999268 2128.940674 2034.464233 1976.194458 1835.804688 1777.352051 1737.727417 1725.755005 1734.961060 1766.202637 1808.884521 1616.060303 1626.654663 1656.347900 1690.776733 1709.842041 1710.334595 1693.989502,
 661.702759 642.264648 639.000000 657.690186 693.444580 737.069458 777.548340 1271.363770 1271.453003 1292.597290 1328.000244 1363.076538 1400.807739 1440.805664 1784.433350 1848.173828 1927.531250 1983.133789 1980.969727 1948.545410 1920.046875 2059.373535 2154.315918 2255.865479 2304.520752 2255.865479 2154.315918 2059.373535 1920.046875 1948.545410 1980.969727 1983.133789 1927.531250 1848.173828 1784.433350 1440.805664 1400.807739 1363.076538 1328.000244 1292.597290 1271.453003 1271.363770 777.548340 737.069458 693.444580 657.690186 639.000000 642.264648 661.702759,
 -1358.222290 -1380.312256 -1412.236816 -1430.769653 -1418.329346 -1387.888428 -1362.577271 -7.052008 -53.159439 -80.596405 -68.376953 -21.861626 27.268824 48.303589 1313.319580 1315.162720 1368.137207 1435.602905 1465.551514 1448.259644 1404.357422 1900.567627 1971.605591 2066.250732 2113.216797 2066.250732 1971.605591 1900.567627 1404.357422 1448.259644 1465.551514 1435.602905 1368.137207 1315.162720 1313.319580 48.303589 27.268824 -21.861626 -68.376953 -80.596405 -53.159439 -7.052008 -1362.577271 -1387.888428 -1418.329346 -1430.769653 -1412.236816 -1380.312256 -1358.222290,

Auto-correlations of the modulus of each oriented sub-band
 5.086391 6.342763 7.501527 8.059114 7.788797 6.911545 5.843954 6.073108 7.587580 8.919419 9.604183 9.343827 8.246943 6.807175 7.487474 9.804388 11.712323 12.410865 11.676810 9.969576 7.936917 8.298479 11.180292 14.026410 15.304319 14.026410 11.180292 8.298479 7.936917 9.969576 11.676810 12.410865 11.712323 9.804388 7.487474 6.807175 8.246943 9.343827 9.604183 8.919419 7.587580 6.073108 5.843954 6.911545 7.788797 8.059114 7.501527 6.342763 5.086391,
 71.667557 77.058846 83.679192 89.995560 94.670509 97.583397 99.389023 92.690697 104.728775 117.781807 127.045525 129.823242 127.712860 123.350700 118.989235 138.647354 159.041931 170.264267 166.850525 154.585892 140.616058 138.994141 160.161423 181.494904 191.479782 181.494904 160.161423 138.994141 140.616058 154.585892 166.850525 170.264267 159.041931 138.647354 118.989235 123.350700 127.712860 129.823242 127.045525 117.781807 104.728775 92.690697 99.389023 97.583397 94.670509 89.995560 83.679192 77.058846 71.667557,
 183.457779 195.737564 208.695251 216.549805 216.104370 210.110641 202.092392 240.784088 275.009888 311.733276 330.113953 318.198486 288.975464 260.111847 299.854492 362.075378 431.093231 464.833160 435.932281 372.648010 314.297607 331.475922 406.174957 489.981201 530.887451 489.981201 406.174957 331.475922 314.297607 372.648010 435.932281 464.833160 431.093231 362.075378 299.854492 260.111847 288.975464 318.198486 330.113953 311.733276 275.009888 240.784088 202.092392 210.110641 216.104370 216.549805 208.695251 195.737564 183.457779,
 67.425758 65.156464 62.389408 58.367867 52.624004 46.518951 41.619820 80.421692 82.902023 85.374069 84.397903 76.346634 64.494370 54.842480 87.999092 97.643501 109.536575 114.996292 104.575363 86.136314 71.733223 85.006104 99.908630 119.416252 130.115509 119.416252 99.908630 85.006104 71.733223 86.136314 104.575363 114.996292 109.536575 97.643501 87.999092 54.842480 64.494370 76.346634 84.397903 85.374069 82.902023 80.421692 41.619820 46.518951 52.624004 58.367867 62.389408 65.156464 67.425758,
 3.198841 3.937159 4.606425 4.943512 4.799941 4.234474 3.484914 3.975900 4.874674 5.653089 5.965877 5.673326 4.892153 3.923887 4.962164 6.559099 8.037326 8.550025 7.768182 6.192624 4.560095 5.234694 7.446313 9.747927 10.810513 9.747927 7.446313 5.234694 4.560095 6.192624 7.768182 8.550025 8.037326 6.559099 4.962164 3.923887 4.892153 5.673326 5.965877 5.653089 4.874674 3.975900 3.484914 4.234474 4.799941 4.943512 4.606425 3.937159 3.198841,
 37.779823 42.125561 47.879295 53.956379 59.118813 62.101894 62.224724 50.416748 59.779469 70.686073 79.004189 82.349052 81.079910 76.537750 67.017349 82.365379 99.323784 108.917488 106.157417 95.898598 84.088303 80.372864 97.250595 115.218483 123.899399 115.218483 97.250595 80.372864 84.088303 95.898598 106.157417 108.917488 99.323784 82.365379 67.017349 76.537750 81.079910 82.349052 79.004189 70.686073 59.779469 50.416748 62.224724 62.101894 59.118813 53.956379 47.879295 42.125561 37.779823,
 106.447983 113.448898 126.053596 139.680222 146.853531 144.633255 136.790604 140.898911 165.175888 193.794296 212.743973 209.606064 188.026199 162.537857 177.479004 223.861313 274.084442 300.033020 281.947235 234.770401 187.270050 195.686066 253.268707 314.109436 342.453735 314.109436 253.268707 195.686066 187.270050 234.770401 281.947235 300.033020 274.084442 223.861313 177.479004 162.537857 188.026199 209.606064 212.743973 193.794296 165.175888 140.898911 136.790604 144.633255 146.853531 139.680222 126.053596 113.448898 106.447983,
 33.595322 33.832142 34.381695 34.099018 32.131565 28.922077 25.977526 41.311543 44.197937 47.165524 48.572330 45.761250 39.274429 33.055164 46.425911 52.831131 60.578568 65.605225 61.223488 50.418839 41.068275 46.398163 55.763687 67.731445 74.309502 67.731445 55.763687 46.398163 41.068275 50.418839 61.223488 65.605225 60.578568 52.831131 46.425911 33.055164 39.274429 45.761250 48.572330 47.165524 44.197937 41.311543 25.977526 28.922077 32.131565 34.099018 34.381695 33.832142 33.595322,
 3.288137 4.547011 5.521383 5.738394 5.067499 3.789313 2.453742 3.682429 5.139302 6.301133 6.558777 5.738613 4.207510 2.615313 4.399898 6.495059 8.325528 8.872917 7.757647 5.644446 3.536565 4.494679 7.035032 9.543806 10.650735 9.543806 7.035032 4.494679 3.536565 5.644446 7.757647 8.872917 8.325528 6.495059 4.399898 2.615313 4.207510 5.738613 6.558777 6.301133 5.139302 3.682429 2.453742 3.789313 5.067499 5.738394 5.521383 4.547011 3.288137,
 6.511818 8.786700 11.998043 14.892061 16.108084 15.064166 12.589285 13.589327 18.518167 23.492352 25.949289 25.036304 21.559298 17.147501 19.484667 28.441311 37.682526 40.842010 35.924347 27.703362 20.584429 21.621155 31.437702 43.196957 49.093811 43.196957 31.437702 21.621155 20.584429 27.703362 35.924347 40.842010 37.682526 28.441311 19.484667 17.147501 21.559298 25.036304 25.949289 23.492352 18.518167 13.589327 12.589285 15.064166 16.108084 14.892061 11.998043 8.786700 6.511818,
 16.905342 15.071249 14.960526 17.428154 20.585289 22.653502 23.108932 23.443878 33.433083 45.548370 53.107349 51.179703 42.248817 32.716900 32.379780 54.451790 80.112381 93.505844 84.524826 61.685822 40.302189 39.953693 67.062485 97.929848 112.637276 97.929848 67.062485 39.953693 40.302189 61.685822 84.524826 93.505844 80.112381 54.451790 32.379780 32.716900 42.248817 51.179703 53.107349 45.548370 33.433083 23.443878 23.108932 22.653502 20.585289 17.428154 14.960526 15.071249 16.905342,
 3.850099 3.770861 3.142523 3.106450 3.879323 4.196108 4.478454 5.246596 5.943353 6.734634 8.495764 9.398018 7.944533 6.628432 6.365100 8.576191 12.429777 16.830891 16.214102 11.450199 8.035208 7.564074 11.384640 17.778061 21.962826 17.778061 11.384640 7.564074 8.035208 11.450199 16.214102 16.830891 12.429777 8.576191 6.365100 6.628432 7.944533 9.398018 8.495764 6.734634 5.943353 5.246596 4.478454 4.196108 3.879323 3.106450 3.142523 3.770861 3.850099,
 1.276047 2.697103 3.922601 4.295322 3.527764 2.028854 0.622385 1.581978 3.380363 5.014291 5.604957 4.788117 3.081406 1.465331 2.364249 4.959988 7.555856 8.694274 7.630969 5.231753 2.934677 3.339738 6.363739 9.537897 10.981684 9.537897 6.363739 3.339738 2.934677 5.231753 7.630969 8.694274 7.555856 4.959988 2.364249 1.465331 3.081406 4.788117 5.604957 5.014291 3.380363 1.581978 0.622385 2.028854 3.527764 4.295322 3.922601 2.697103 1.276047,
 -3.115450 -2.326987 -0.561962 0.691582 0.616533 0.214769 0.843822 1.093717 2.331405 4.283018 4.720826 2.944773 0.582893 -0.236560 5.361725 8.475756 12.366404 13.171282 9.561056 4.534850 1.384293 4.907596 9.353389 15.333574 18.386890 15.333574 9.353389 4.907596 1.384293 4.534850 9.561056 13.171282 12.366404 8.475756 5.361725 -0.236560 0.582893 2.944773 4.720826 4.283018 2.331405 1.093717 0.843822 0.214769 0.616533 0.691582 -0.561962 -2.326987 -3.115450,
 6.293033 13.285921 13.126072 7.900599 2.935086 0.214602 -0.567341 7.507895 16.122492 21.295109 19.793341 13.482604 5.964640 1.215047 9.042705 20.148611 32.551907 36.857979 28.412228 14.685438 4.984015 8.439232 20.715919 37.084507 45.761017 37.084507 20.715919 8.439232 4.984015 14.685438 28.412228 36.857979 32.551907 20.148611 9.042705 1.215047 5.964640 13.482604 19.793341 21.295109 16.122492 7.507895 -0.567341 0.214602 2.935086 7.900599 13.126072 13.285921 6.293033,
 -1.258201 1.197275 3.639154 5.359495 6.125635 5.480776 4.423801 0.718103 3.985408 7.430477 10.426162 11.122163 8.947593 6.376124 3.078469 7.106147 12.043516 16.152716 15.364336 10.862864 6.828454 5.461980 9.955068 15.691153 18.945389 15.691153 9.955068 5.461980 6.828454 10.862864 15.364336 16.152716 12.043516 7.106147 3.078469 6.376124 8.947593 11.122163 10.426162 7.430477 3.985408 0.718103 4.423801 5.480776 6.125635 5.359495 3.639154 1.197275 -1.258201,

Pairwise cross-correlations of the modulus of all oriented sub-bands at the same scale (size QxQ)
 15.304319 20.871565 17.856392 13.879088,
 20.871565 191.479797 232.850586 42.155411,
 17.856392 232.850586 530.887451 176.433853,
 13.879088 42.155411 176.433853 130.115509,
 10.810513 11.736434 11.981763 8.487850,
 11.736434 123.899422 150.837326 17.990370,
 11.981763 150.837326 342.453766 97.628555,
 8.487850 17.990370 97.628555 74.309509,
 10.650736 6.853258 4.893242 3.884571,
 6.853258 49.093815 49.848366 3.861074,
 4.893242 49.848366 112.637276 26.950489,
 3.884571 3.861074 26.950489 21.962828,
 10.981685 4.096796 3.127889 8.543496,
 4.096796 18.386890 16.636984 5.043530,
 3.127889 16.636984 45.761017 10.849964,
 8.543496 5.043530 10.849964 18.945389,

Cross-correlations of the modulus of all oriented sub-bands with all oriented sub-bands at the coarser scale (size QxQ)
 8.748083 11.740177 8.388586 7.213252,
 15.590014 60.009892 65.185097 12.121134,
 21.077177 61.949116 118.457077 50.622082,
 12.788108 13.976853 47.069588 45.796360,
 7.022623 7.243434 4.780780 3.093801,
 10.001164 28.545916 40.474556 7.109783,
 11.812159 31.878723 76.353775 21.015497,
 6.305633 7.548993 22.510807 14.918279,
 8.137836 4.864152 2.046090 7.044539,
 6.973950 8.509104 4.993439 5.412703,
 6.918114 9.877844 18.186588 9.011387,
 2.915782 4.020422 7.963108 5.973129,

Cross-correlations of the real part of each oriented sub-band with both the real and imaginary part of all phase-doubled oriented sub-bands at the next coarser scale (Q matrices of size 1x2Q, which are computed and stored in a matrix of size Qx2Q)
 -1.504360 -3.474649 -2.347500 -3.225225 1.666729 -0.084122 -0.350077 -0.537721,
 -3.662100 -29.941538 -27.522326 -8.691135 0.284082 -5.991438 -0.654884 0.403017,
 -3.619518 -34.797478 -71.592216 -46.460102 -0.340144 -5.391661 6.894323 1.365765,
 -2.565644 -6.499986 -33.496281 -36.085575 0.490035 0.232318 4.005953 -0.668566,
 -0.876526 -2.898414 -0.880820 -1.260795 1.994309 0.681195 0.349871 -1.128059,
 -1.444959 -22.640274 -17.484739 -2.473959 0.698550 13.726800 23.299532 3.168988,
 -1.292146 -22.758305 -32.144703 -10.787923 -0.099569 21.883465 43.677795 6.469447,
 -1.031829 -3.079460 -9.757227 -8.897305 0.790589 4.340990 9.735139 0.159740,
 0.549182 -0.911079 0.252191 -1.013836 1.350297 0.842361 0.596332 0.040829,
 0.012370 3.665406 6.998868 2.080477 1.153642 7.234300 6.569221 -0.026736,
 -0.525961 8.513597 18.799067 6.524446 0.434125 7.505003 0.654551 -0.275328,
 -0.313388 1.741848 8.249340 0.759839 0.391214 0.501053 -3.245296 0.794626,
