Low-band skewness and kurtosis
 -0.525651 2.219109,
 -0.517784 2.548610,
 -0.400291 2.402272,
 -0.140743 1.794154,
 -0.240692 1.636269,

High-band variance
 1001.340210,

Skewness, kurtosis, variance, mean, maximum and minimum of the reconstructed texture
 -0.676320 2.015641 5548.346680 189.836487 255.000000 4.000000,

Auto-correlations of the low-frequency bands at each scale
 1019.361511 1007.415100 994.646118 982.117188 968.658813 959.004333 956.870667 1008.613647 963.199158 942.779541 954.681152 998.212646 1073.663574 1173.421997 2536.751465 2613.677979 2698.420898 2774.977295 2828.403320 2866.655029 2897.491211 4029.995361 4171.220215 4279.878906 4323.327148 4279.878906 4171.220215 4029.995361 2897.491211 2866.655029 2828.403320 2774.977295 2698.420898 2613.677979 2536.751465 1173.421997 1073.663574 998.212646 954.681152 942.779541 963.199158 1008.613647 956.870667 959.004333 968.658813 982.117188 994.646118 1007.415100 1019.361511,
 1075.000488 1065.383545 1052.615601 1040.099609 1029.660278 1022.259827 1017.593323 834.644348 805.401794 790.253784 793.378662 815.371948 857.666931 916.404480 1776.359863 1827.967285 1890.260986 1946.061768 1980.354248 2000.861816 2017.158691 2797.619141 2890.565918 2967.904541 3000.372070 2967.904541 2890.565918 2797.619141 2017.158691 2000.861816 1980.354248 1946.061768 1890.260986 1827.967285 1776.359863 916.404480 857.666931 815.371948 793.378662 790.253784 805.401794 834.644348 1017.593323 1022.259827 1029.660278 1040.099609 1052.615601 1065.383545 1075.000488,
 1262.556152 1250.876221 1235.981201 1220.619873 1206.186035 1195.180664 1188.395020 1079.270020 1056.215454 1043.388672 1044.183716 1057.183838 1082.457642 1116.583740 1398.580811 1427.745972 1469.369629 1508.151611 1528.903564 1538.983765 1548.771973 1910.032349 1966.786133 2020.809814 2045.278076 2020.809814 1966.786133 1910.032349 1548.771973 1538.983765 1528.903564 1508.151611 1469.369629 1427.745972 1398.580811 1116.583740 1082.457642 1057.183838 1044.183716 1043.388672 1056.215454 1079.270020 1188.395020 1195.180664 1206.186035 1220.619873 1235.981201 1250.876221 1262.556152,
 509.592651 516.645081 522.798828 523.913330 518.103027 509.078583 502.313171 927.664978 923.314453 923.603516 924.181946 921.547363 920.179321 924.272034 1325.691650 1331.959839 1349.514160 1364.910522 1366.226562 1362.152466 1363.510986 1549.957764 1568.695068 1594.817871 1608.616211 1594.817871 1568.695068 1549.957764 1363.510986 1362.152466 1366.226562 1364.910522 1349.514160 1331.959839 1325.691650 924.272034 920.179321 921.547363 924.181946 923.603516 923.314453 927.664978 502.313171 509.078583 518.103027 523.913330 522.798828 516.645081 509.592651,
 -1004.771484 -1006.715637 -1012.678345 -1017.774109 -1015.247314 -1006.635193 -1002.073242 -22.680443 -24.124971 -24.005299 -23.708099 -22.386120 -17.310041 -14.646554 998.935974 1001.442566 1011.239258 1019.095276 1016.550659 1011.634827 1008.044495 1447.560425 1454.169678 1467.388184 1475.796875 1467.388184 1454.169678 1447.560425 1008.044495 1011.634827 1016.550659 1019.095276 1011.239258 1001.442566 998.935974 -14.646554 -17.310041 -22.386120 -23.708099 -24.005299 -24.124971 -22.680443 -1002.073242 -1006.635193 -1015.247314 -1017.774109 -1012.678345 -1006.715637 -1004.771484,

Auto-correlations of the modulus of each oriented sub-band
 2.792964 4.117789 5.254811 5.715152 5.275193 4.175067 2.904906 2.994543 4.340751 5.479146 5.927229 5.468613 4.349689 3.062295 3.406845 4.938390 6.240707 6.745782 6.193602 4.886657 3.405246 3.734172 5.472348 7.006650 7.637475 7.006650 5.472348 3.734172 3.405246 4.886657 6.193602 6.745782 6.240707 4.938390 3.406845 3.062295 4.349689 5.468613 5.927229 5.479146 4.340751 2.994543 2.904906 4.175067 5.275193 5.715152 5.254811 4.117789 2.792964,
 28.072969 30.521740 32.903873 34.618736 35.313473 35.293453 35.050335 45.228138 50.959599 55.914700 58.669579 59.073597 57.869839 55.915752 68.294571 77.422676 85.311623 88.899124 87.371239 82.760460 77.007370 83.051445 92.406227 100.568687 104.116165 100.568687 92.406227 83.051445 77.007370 82.760460 87.371239 88.899124 85.311623 77.422676 68.294571 55.915752 57.869839 59.073597 58.669579 55.914700 50.959599 45.228138 35.050335 35.293453 35.313473 34.618736 32.903873 30.521740 28.072969,
 158.273209 165.183853 171.630341 174.593964 172.227814 167.591354 163.538132 258.657562 282.698334 302.922668 312.383118 307.365540 293.344086 277.180634 388.750427 433.531921 470.564819 486.878235 475.255371 444.407166 407.088501 460.526245 512.838257 556.344604 574.445374 556.344604 512.838257 460.526245 407.088501 444.407166 475.255371 486.878235 470.564819 433.531921 388.750427 277.180634 293.344086 307.365540 312.383118 302.922668 282.698334 258.657562 163.538132 167.591354 172.227814 174.593964 171.630341 165.183853 158.273209,
 25.767109 26.852732 28.061464 28.473875 27.458727 25.489500 23.694012 39.625492 43.061108 46.652618 48.404842 46.679001 42.241405 37.746799 55.593220 62.451984 69.854904 73.802277 70.644302 62.438808 54.424999 62.698448 71.925507 81.950592 86.743103 81.950592 71.925507 62.698448 54.424999 62.438808 70.644302 73.802277 69.854904 62.451984 55.593220 37.746799 42.241405 46.679001 48.404842 46.652618 43.061108 39.625492 23.694012 25.489500 27.458727 28.473875 28.061464 26.852732 25.767109,
 1.405127 2.103384 2.769246 3.077341 2.860394 2.269746 1.609926 1.609100 2.424138 3.189795 3.541964 3.293523 2.621586 1.882952 2.092939 3.199038 4.234000 4.692087 4.322468 3.385166 2.365979 2.586220 3.899230 5.138137 5.668945 5.138137 3.899230 2.586220 2.365979 3.385166 4.322468 4.692087 4.234000 3.199038 2.092939 1.882952 2.621586 3.293523 3.541964 3.189795 2.424138 1.609100 1.609926 2.269746 2.860394 3.077341 2.769246 2.103384 1.405127,
 11.550952 13.012703 14.120356 14.668028 14.777699 14.518658 13.760657 23.928410 28.331974 31.730749 32.711800 31.740137 30.010429 27.892620 38.381577 45.867352 52.522114 54.669441 51.711193 46.640980 41.540535 46.229347 54.095863 61.965473 65.630348 61.965473 54.095863 46.229347 41.540535 46.640980 51.711193 54.669441 52.522114 45.867352 38.381577 27.892620 30.010429 31.740137 32.711800 31.730749 28.331974 23.928410 13.760657 14.518658 14.777699 14.668028 14.120356 13.012703 11.550952,
 83.256004 88.840706 94.324158 96.605629 92.944778 84.697563 74.188469 164.098633 180.427567 194.824890 201.848511 197.063721 182.777542 163.331329 256.672546 287.555969 313.144470 324.892426 316.499146 292.356262 260.301392 302.318634 341.112000 372.019867 384.671722 372.019867 341.112000 302.318634 260.301392 292.356262 316.499146 324.892426 313.144470 287.555969 256.672546 163.331329 182.777542 197.063721 201.848511 194.824890 180.427567 164.098633 74.188469 84.697563 92.944778 96.605629 94.324158 88.840706 83.256004,
 14.921104 15.233287 15.401584 15.430180 14.926625 13.705756 12.202198 25.548206 26.897514 28.653748 30.162563 29.669498 26.916321 23.612957 36.770046 40.296097 45.054214 48.550598 46.976227 41.488022 36.023975 41.701740 47.383888 54.298180 57.924873 54.298180 47.383888 41.701740 36.023975 41.488022 46.976227 48.550598 45.054214 40.296097 36.770046 23.612957 26.916321 29.669498 30.162563 28.653748 26.897514 25.548206 12.202198 13.705756 14.926625 15.430180 15.401584 15.233287 14.921104,
 1.307404 1.574215 1.806066 1.865061 1.680006 1.335049 0.956076 1.433882 1.853235 2.214490 2.320894 2.102617 1.681688 1.222933 1.600074 2.383389 3.120212 3.404325 3.059264 2.332398 1.590078 1.792343 2.808898 3.821813 4.273660 3.821813 2.808898 1.792343 1.590078 2.332398 3.059264 3.404325 3.120212 2.383389 1.600074 1.222933 1.681688 2.102617 2.320894 2.214490 1.853235 1.433882 0.956076 1.335049 1.680006 1.865061 1.806066 1.574215 1.307404,
 7.239123 7.319103 6.208149 4.628705 3.562390 3.282606 3.797430 11.472416 14.019409 14.896701 13.150487 10.523173 8.685326 7.704487 15.887916 20.600903 24.853069 24.857319 20.806786 16.552052 13.508941 17.125431 21.926331 27.831398 30.981503 27.831398 21.926331 17.125431 13.508941 16.552052 20.806786 24.857319 24.853069 20.600903 15.887916 7.704487 8.685326 10.523173 13.150487 14.896701 14.019409 11.472416 3.797430 3.282606 3.562390 4.628705 6.208149 7.319103 7.239123,
 36.172932 41.012939 45.023956 45.770889 42.071335 36.479256 31.406248 69.563469 80.274162 88.562569 89.835274 82.325905 70.998436 60.008476 103.910042 122.485046 137.711243 142.327209 132.130707 114.333694 95.635857 115.644928 138.231812 158.257477 167.351761 158.257477 138.231812 115.644928 95.635857 114.333694 132.130707 142.327209 137.711243 122.485046 103.910042 60.008476 70.998436 82.325905 89.835274 88.562569 80.274162 69.563469 31.406248 36.479256 42.071335 45.770889 45.023956 41.012939 36.172932,
 7.005105 7.069025 6.741371 6.169452 6.025032 6.172620 6.001320 10.646309 11.115127 11.413212 12.203209 12.827427 11.891978 10.017981 14.225634 15.522423 17.855991 20.601870 20.399044 16.942760 13.640692 15.369818 18.118010 22.456017 25.043125 22.456017 18.118010 15.369818 13.640692 16.942760 20.399044 20.601870 17.855991 15.522423 14.225634 10.017981 11.891978 12.827427 12.203209 11.413212 11.115127 10.646309 6.001320 6.172620 6.025032 6.169452 6.741371 7.069025 7.005105,
 0.323332 0.768422 1.121254 1.248859 1.095220 0.717401 0.253120 0.513435 1.056251 1.567414 1.827733 1.693032 1.233167 0.655110 0.722683 1.501957 2.282274 2.658631 2.377878 1.651350 0.870882 0.890893 1.845109 2.797830 3.228846 2.797830 1.845109 0.890893 0.870882 1.651350 2.377878 2.658631 2.282274 1.501957 0.722683 0.655110 1.233167 1.693032 1.827733 1.567414 1.056251 0.513435 0.253120 0.717401 1.095220 1.248859 1.121254 0.768422 0.323332,
 -1.790235 -1.742331 -1.054247 -0.064914 0.519654 0.597987 0.468939 -0.539537 0.428225 1.832210 2.799917 2.973005 2.848520 2.749337 1.563400 3.659319 6.388288 7.498103 6.281713 4.762325 4.057598 3.407130 5.422622 8.605718 10.435817 8.605718 5.422622 3.407130 4.057598 4.762325 6.281713 7.498103 6.388288 3.659319 1.563400 2.749337 2.848520 2.973005 2.799917 1.832210 0.428225 -0.539537 0.468939 0.597987 0.519654 -0.064914 -1.054247 -1.742331 -1.790235,
 -5.019076 -5.015830 -2.609780 1.193030 3.452104 3.280509 2.555763 -3.799828 0.757953 7.353024 13.573118 15.853416 14.274857 11.567724 3.362036 12.295522 22.001307 28.745867 28.733732 23.530155 16.851181 12.960106 22.859810 32.046082 36.175827 32.046082 22.859810 12.960106 16.851181 23.530155 28.733732 28.745867 22.001307 12.295522 3.362036 11.567724 14.274857 15.853416 13.573118 7.353024 0.757953 -3.799828 2.555763 3.280509 3.452104 1.193030 -2.609780 -5.015830 -5.019076,
 1.203860 1.322699 1.235725 0.942207 0.145457 -0.952190 -1.630690 1.036218 1.156176 1.349396 1.578880 1.087570 -0.040441 -0.811995 0.438476 0.881608 2.160405 3.538575 3.083696 1.288649 -0.089873 -0.020436 1.275178 3.609025 5.054502 3.609025 1.275178 -0.020436 -0.089873 1.288649 3.083696 3.538575 2.160405 0.881608 0.438476 -0.811995 -0.040441 1.087570 1.578880 1.349396 1.156176 1.036218 -1.630690 -0.952190 0.145457 0.942207 1.235725 1.322699 1.203860,

Pairwise cross-correlations of the modulus of all oriented sub-bands at the same scale (size QxQ)
 7.637475 5.915056 2.337606 5.150996,
 5.915056 104.116173 214.822067 64.700493,
 2.337606 214.822067 574.445435 191.801849,
 5.150996 64.700493 191.801849 86.743111,
 5.668945 3.958719 1.218026 3.349103,
 3.958719 65.630356 138.929749 42.501133,
 1.218026 138.929749 384.671722 128.317337,
 3.349103 42.501133 128.317337 57.924881,
 4.273660 3.122985 1.882563 3.188753,
 3.122985 30.981504 55.752789 16.886822,
 1.882563 55.752789 167.351761 49.149963,
 3.188753 16.886822 49.149963 25.043125,
 3.228846 0.622857 -1.057794 1.681011,
 0.622857 10.435818 15.084938 3.654044,
 -1.057794 15.084938 36.175827 7.120838,
 1.681011 3.654044 7.120838 5.054502,

Cross-correlations of the modulus of all oriented sub-bands with all oriented sub-bands at the coarser scale (size QxQ)
 5.010776 3.202898 -3.072145 2.804390,
 5.487706 14.294407 19.137178 9.597443,
 6.117492 23.216204 59.426708 26.979942,
 4.704584 8.883728 21.400644 15.852891,
 3.154548 3.242878 0.368304 4.202917,
 3.965247 13.011033 27.895351 9.583202,
 5.137434 25.651470 73.987480 20.534626,
 3.212392 8.618599 21.020996 10.939131,
 2.254620 0.394227 -2.667341 1.126005,
 3.139192 1.045956 0.215141 0.970986,
 4.400590 -6.340196 -9.518418 -3.470614,
 3.348511 -2.583191 -6.974499 -0.529531,

Cross-correlations of the real part of each oriented sub-band with both the real and imaginary part of all phase-doubled oriented sub-bands at the next coarser scale (Q matrices of size 1x2Q, which are computed and stored in a matrix of size Qx2Q)
 -0.940735 -0.564907 -0.137702 -0.477301 0.726687 -0.163523 0.023690 0.167873,
 -0.493048 -10.182452 -8.919767 -5.322445 0.298422 -6.832624 -16.310490 -4.864255,
 -0.182505 -17.513596 -28.876041 -21.889658 0.078729 -18.503941 -52.895164 -14.811141,
 -0.568230 -4.399491 -12.895453 -11.726053 0.234997 -7.198586 -21.090975 -4.620055,
 -0.245299 -0.524079 -0.338330 -0.766503 0.175734 0.068787 -0.035878 -0.065229,
 -0.305157 -17.229521 -23.070061 -5.472707 0.036885 -6.202806 -24.756258 -8.749655,
 -0.075095 -27.874937 -47.763397 -17.920450 -0.004643 -17.203749 -71.061661 -26.405056,
 -0.185690 -5.267907 -13.836570 -9.564557 0.083335 -6.141324 -25.949301 -10.568197,
 0.063053 -0.357823 0.048944 -0.376285 0.444616 -0.088967 0.033844 0.238682,
 -0.128943 -2.948207 0.127152 -1.748209 -0.033102 -1.549446 -7.447987 -1.546679,
 -0.108737 -2.653592 -0.280860 -5.003406 0.019902 -5.432136 -22.669893 -4.498725,
 -0.011603 -0.067644 -0.518771 -2.864828 0.317372 -2.044998 -8.696908 -1.122673,
