Low-band skewness and kurtosis
 -0.585963 2.244055,
 -0.537095 2.430475,
 -0.575075 2.433229,
 -0.425344 2.000763,
 -0.301593 1.929754,

High-band variance
 981.599365,

Skewness, kurtosis, variance, mean, maximum and minimum of the reconstructed texture
 -0.693129 2.010290 5864.339844 189.080017 255.000000 2.000000,

Auto-correlations of the low-frequency bands at each scale
 1522.432983 1519.599243 1503.238892 1477.423096 1454.961548 1465.146851 1528.137085 1410.973145 1308.071899 1268.800049 1323.939819 1475.987549 1710.197144 1977.119385 2468.229736 2646.487061 2891.940918 3138.694580 3310.561035 3395.660400 3398.969482 3844.775146 4226.021484 4543.929199 4674.909180 4543.929199 4226.021484 3844.775146 3398.969482 3395.660400 3310.561035 3138.694580 2891.940918 2646.487061 2468.229736 1977.119385 1710.197144 1475.987549 1323.939819 1268.800049 1308.071899 1410.973145 1528.137085 1465.146851 1454.961548 1477.423096 1503.238892 1519.599243 1522.432983,
 1388.858521 1413.369141 1417.163452 1400.308838 1372.343140 1363.844971 1396.383667 1349.056030 1302.154907 1291.790039 1335.339600 1427.959961 1569.219849 1734.580933 1898.452881 2014.257812 2193.450684 2378.666016 2493.577637 2531.907715 2511.317627 2685.200195 2944.560547 3175.226562 3274.446533 3175.226562 2944.560547 2685.200195 2511.317627 2531.907715 2493.577637 2378.666016 2193.450684 2014.257812 1898.452881 1734.580933 1569.219849 1427.959961 1335.339600 1291.790039 1302.154907 1349.056030 1396.383667 1363.844971 1372.343140 1400.308838 1417.163452 1413.369141 1388.858521,
 1135.652954 1180.416504 1224.115234 1244.160645 1229.097900 1206.591553 1202.222290 1169.990601 1186.263794 1231.265137 1285.569580 1327.082764 1376.187134 1444.172974 1505.682495 1625.041748 1786.200684 1928.462402 1986.697998 1983.775635 1958.433472 2031.928467 2209.047852 2379.701416 2457.946289 2379.701416 2209.047852 2031.928467 1958.433472 1983.775635 1986.697998 1928.462402 1786.200684 1625.041748 1505.682495 1444.172974 1376.187134 1327.082764 1285.569580 1231.265137 1186.263794 1169.990601 1202.222290 1206.591553 1229.097900 1244.160645 1224.115234 1180.416504 1135.652954,
 403.506531 403.239441 431.738037 477.853271 504.737915 505.619080 501.061646 748.646667 772.842163 854.096252 957.665161 1025.254028 1061.870728 1094.212402 1140.622314 1275.758301 1461.437500 1615.218628 1652.058838 1608.552002 1550.589600 1538.142090 1718.313110 1905.302002 1993.960449 1905.302002 1718.313110 1538.142090 1550.589600 1608.552002 1652.058838 1615.218628 1461.437500 1275.758301 1140.622314 1094.212402 1061.870728 1025.254028 957.665161 854.096252 772.842163 748.646667 501.061646 505.619080 504.737915 477.853271 431.738037 403.239441 403.506531,
 -859.536865 -926.013367 -1048.667969 -1105.717529 -1035.700684 -933.874573 -881.605713 -64.889153 -162.166992 -207.604263 -150.844971 -42.904633 30.637062 45.924194 773.278503 783.845459 932.617493 1112.166748 1160.091919 1074.967773 959.523254 1230.915161 1380.814941 1610.546265 1731.322266 1610.546265 1380.814941 1230.915161 959.523254 1074.967773 1160.091919 1112.166748 932.617493 783.845459 773.278503 45.924194 30.637062 -42.904633 -150.844971 -207.604263 -162.166992 -64.889153 -881.605713 -933.874573 -1035.700684 -1105.717529 -1048.667969 -926.013367 -859.536865,

Auto-correlations of the modulus of each oriented sub-band
 7.022476 9.318431 11.353783 12.243528 11.566240 9.762090 7.677439 7.879082 10.344220 12.444098 13.341935 12.614237 10.639552 8.316587 9.285133 12.504445 15.121838 15.915798 14.629059 12.079181 9.258728 9.870596 13.558237 17.121101 18.690594 17.121101 13.558237 9.870596 9.258728 12.079181 14.629059 15.915798 15.121838 12.504445 9.285133 8.316587 10.639552 12.614237 13.341935 12.444098 10.344220 7.879082 7.677439 9.762090 11.566240 12.243528 11.353783 9.318431 7.022476,
 55.545715 61.942062 68.395828 73.424835 76.027649 76.267761 74.938538 78.007240 90.930260 104.196976 112.490265 113.511353 109.248970 102.591515 106.070374 126.546265 147.772598 158.785446 154.174240 140.250702 124.640045 125.994614 148.336716 171.005829 181.602051 171.005829 148.336716 125.994614 124.640045 140.250702 154.174240 158.785446 147.772598 126.546265 106.070374 102.591515 109.248970 113.511353 112.490265 104.196976 90.930260 78.007240 74.938538 76.267761 76.027649 73.424835 68.395828 61.942062 55.545715,
 112.741318 127.917419 144.046844 153.479584 152.894989 146.751709 139.158936 193.439804 231.359634 270.140564 289.325287 278.716187 251.875778 225.074844 283.931641 347.670746 413.822998 445.204834 419.584961 362.413727 307.403259 333.618408 406.484436 483.125000 519.271973 483.125000 406.484436 333.618408 307.403259 362.413727 419.584961 445.204834 413.822998 347.670746 283.931641 225.074844 251.875778 278.716187 289.325287 270.140564 231.359634 193.439804 139.158936 146.751709 152.894989 153.479584 144.046844 127.917419 112.741318,
 37.536922 38.284035 39.596664 39.674599 37.075447 33.784111 31.860378 50.753914 53.776375 59.064579 62.006081 57.323368 49.263420 44.341461 61.660122 68.445168 80.678123 88.865692 80.881783 66.081276 57.303318 64.386520 74.108749 91.487488 102.368454 91.487488 74.108749 64.386520 57.303318 66.081276 80.881783 88.865692 80.678123 68.445168 61.660122 44.341461 49.263420 57.323368 62.006081 59.064579 53.776375 50.753914 31.860378 33.784111 37.075447 39.674599 39.596664 38.284035 37.536922,
 6.274829 8.478452 10.209034 10.864388 10.231852 8.594375 6.540896 6.960309 9.519968 11.591642 12.323256 11.478941 9.520891 7.190280 7.917497 11.284412 14.215013 15.257341 13.934497 11.148705 8.126031 8.562199 12.437496 16.181684 17.835272 16.181684 12.437496 8.562199 8.126031 11.148705 13.934497 15.257341 14.215013 11.284412 7.917497 7.190280 9.520891 11.478941 12.323256 11.591642 9.519968 6.960309 6.540896 8.594375 10.231852 10.864388 10.209034 8.478452 6.274829,
 24.001339 27.112335 30.328859 33.144573 35.268654 36.496109 36.774815 37.286301 46.318172 55.092285 60.140228 60.706070 58.180408 53.998062 54.118565 69.855507 85.440636 92.619461 88.257668 77.515831 65.946640 66.084251 83.266235 100.786232 108.973930 100.786232 83.266235 66.084251 65.946640 77.515831 88.257668 92.619461 85.440636 69.855507 54.118565 53.998062 58.180408 60.706070 60.140228 55.092285 46.318172 37.286301 36.774815 36.496109 35.268654 33.144573 30.328859 27.112335 24.001339,
 32.014771 36.525215 43.839073 49.510529 49.950470 47.251747 44.961494 62.847401 82.574135 105.218399 118.786018 114.804199 98.832146 81.111420 101.164436 142.429153 185.472183 207.646912 193.482101 155.481796 115.179253 124.597290 176.533112 228.496948 252.389709 228.496948 176.533112 124.597290 115.179253 155.481796 193.482101 207.646912 185.472183 142.429153 101.164436 81.111420 98.832146 114.804199 118.786018 105.218399 82.574135 62.847401 44.961494 47.251747 49.950470 49.510529 43.839073 36.525215 32.014771,
 19.480852 20.760981 22.425058 23.325150 22.716784 21.128363 19.769304 25.078180 27.237846 29.900942 32.255173 32.173298 29.308331 25.969610 30.879303 34.771511 40.577690 45.864227 44.540611 37.652531 31.389687 33.366318 39.558731 48.453846 53.712143 48.453846 39.558731 33.366318 31.389687 37.652531 44.540611 45.864227 40.577690 34.771511 30.879303 25.969610 29.308331 32.173298 32.255173 29.900942 27.237846 25.078180 19.769304 21.128363 22.716784 23.325150 22.425058 20.760981 19.480852,
 5.588506 8.755248 11.385132 12.515107 11.679539 9.265532 6.211085 7.113019 10.399046 12.941402 13.743452 12.427210 9.557222 6.207427 8.827632 12.983093 16.288700 17.330730 15.561962 11.827015 7.591908 9.204123 14.083153 18.295010 20.020157 18.295010 14.083153 9.204123 7.591908 11.827015 15.561962 17.330730 16.288700 12.983093 8.827632 6.207427 9.557222 12.427210 13.743452 12.941402 10.399046 7.113019 6.211085 9.265532 11.679539 12.515107 11.385132 8.755248 5.588506,
 21.765045 25.411724 28.524706 31.786728 34.941818 36.762878 36.792042 35.937115 41.581371 47.378517 51.246521 52.047623 50.332966 47.459820 48.057030 57.424473 68.401230 73.477234 69.211929 60.863453 53.920036 54.429070 64.559776 77.937439 85.001678 77.937439 64.559776 54.429070 53.920036 60.863453 69.211929 73.477234 68.401230 57.424473 48.057030 47.459820 50.332966 52.047623 51.246521 47.378517 41.581371 35.937115 36.792042 36.762878 34.941818 31.786728 28.524706 25.411724 21.765045,
 63.687748 68.018593 70.831635 72.140991 70.703156 66.410713 60.557995 87.232414 98.387985 109.641541 116.458145 113.363678 101.302963 86.020042 108.807297 130.129822 152.105606 163.877411 156.299576 134.272125 109.511230 118.911697 146.659882 173.875061 186.136642 173.875061 146.659882 118.911697 109.511230 134.272125 156.299576 163.877411 152.105606 130.129822 108.807297 86.020042 101.302963 113.363678 116.458145 109.641541 98.387985 87.232414 60.557995 66.410713 70.703156 72.140991 70.831635 68.018593 63.687748,
 8.241190 9.182139 10.002947 10.159842 9.056314 7.285335 6.086272 11.049171 11.933094 13.440236 15.141163 14.721623 12.027475 9.411884 12.358622 14.373568 18.786470 23.297302 22.185194 16.586597 11.919729 12.553492 16.815483 23.985857 28.366825 23.985857 16.815483 12.553492 11.919729 16.586597 22.185194 23.297302 18.786470 14.373568 12.358622 9.411884 12.027475 14.721623 15.141163 13.440236 11.933094 11.049171 6.086272 7.285335 9.056314 10.159842 10.002947 9.182139 8.241190,
 2.571065 8.656311 13.579250 15.306938 12.980465 7.669428 1.527430 4.263995 10.730724 15.959174 17.747160 15.167512 9.420942 2.822330 6.032913 13.431185 19.505630 21.674980 18.819790 12.377453 4.994429 6.648121 14.832497 21.824509 24.654995 21.824509 14.832497 6.648121 4.994429 12.377453 18.819790 21.674980 19.505630 13.431185 6.032913 2.822330 9.420942 15.167512 17.747160 15.959174 10.730724 4.263995 1.527430 7.669428 12.980465 15.306938 13.579250 8.656311 2.571065,
 4.623652 7.318576 9.233091 10.334026 9.232821 5.394406 1.245824 9.401363 16.605888 20.584515 20.185242 17.012547 12.651287 8.272488 13.184755 24.856789 34.828323 36.189247 29.580194 20.836136 13.543995 15.016648 26.282616 38.855217 45.030334 38.855217 26.282616 15.016648 13.543995 20.836136 29.580194 36.189247 34.828323 24.856789 13.184755 8.272488 12.651287 17.012547 20.185242 20.584515 16.605888 9.401363 1.245824 5.394406 9.232821 10.334026 9.233091 7.318576 4.623652,
 -0.183431 10.756947 18.150318 16.708797 7.566916 -2.087302 -5.944779 3.433775 19.288683 32.816902 34.439678 22.985092 7.895094 -1.371063 9.533464 30.065077 50.512043 57.103561 44.319263 23.130487 6.615260 11.810977 33.102089 56.934662 68.198463 56.934662 33.102089 11.810977 6.615260 23.130487 44.319263 57.103561 50.512043 30.065077 9.533464 -1.371063 7.895094 22.985092 34.439678 32.816902 19.288683 3.433775 -5.944779 -2.087302 7.566916 16.708797 18.150318 10.756947 -0.183431,
 -0.249853 2.423847 4.419744 5.149274 5.531969 5.132206 3.136591 1.043007 4.208881 6.793394 9.071964 10.214483 8.113803 4.004912 2.521896 6.104158 10.344529 14.655657 14.506299 9.226038 3.853698 3.314104 7.888188 14.226078 17.956427 14.226078 7.888188 3.314104 3.853698 9.226038 14.506299 14.655657 10.344529 6.104158 2.521896 4.004912 8.113803 10.214483 9.071964 6.793394 4.208881 1.043007 3.136591 5.132206 5.531969 5.149274 4.419744 2.423847 -0.249853,

Pairwise cross-correlations of the modulus of all oriented sub-bands at the same scale (size QxQ)
 18.690592 18.367752 11.227367 9.805695,
 18.367752 181.602081 228.897949 45.113605,
 11.227367 228.897949 519.271912 164.562057,
 9.805695 45.113605 164.562057 102.368462,
 17.835272 12.279769 2.218446 7.089764,
 12.279769 108.973923 111.438507 14.351911,
 2.218446 111.438507 252.389725 72.117928,
 7.089764 14.351911 72.117928 53.712147,
 20.020157 6.699323 -1.495692 7.694329,
 6.699323 85.001671 99.909470 13.134154,
 -1.495692 99.909470 186.136642 42.124931,
 7.694329 13.134154 42.124931 28.366827,
 24.654991 15.160030 10.517443 7.533895,
 15.160030 45.030334 38.741062 13.671462,
 10.517443 38.741062 68.198471 18.605927,
 7.533895 13.671462 18.605927 17.956429,

Cross-correlations of the modulus of all oriented sub-bands with all oriented sub-bands at the coarser scale (size QxQ)
 13.852783 12.104939 -1.627391 6.052631,
 14.129761 45.173985 21.637636 2.979198,
 11.198942 37.736294 65.258156 33.265728,
 7.392636 4.879133 23.407591 28.114784,
 13.978392 9.756125 5.811046 9.204131,
 9.823831 33.334801 41.648994 9.654884,
 1.884612 13.889106 30.284218 10.814477,
 3.310970 -2.271265 2.942989 10.843894,
 17.957260 14.165468 8.780709 8.147849,
 0.498793 7.140893 5.884676 2.434641,
 -11.273440 6.523046 23.327309 7.040812,
 2.465443 8.721658 16.271135 9.801498,

Cross-correlations of the real part of each oriented sub-band with both the real and imaginary part of all phase-doubled oriented sub-bands at the next coarser scale (Q matrices of size 1x2Q, which are computed and stored in a matrix of size Qx2Q)
 -1.240144 -2.469273 -0.294290 -1.124518 2.197124 0.286302 -0.087506 -0.109052,
 -2.245682 -23.288271 -28.320881 -13.856665 0.472593 -7.153472 -5.880444 -0.578235,
 -1.304074 -40.107479 -90.879005 -50.427452 -0.261611 -8.427472 -0.909107 3.363731,
 -0.483425 -11.695102 -38.183727 -26.447573 0.855226 -0.314214 4.545810 3.631684,
 1.272518 -0.011232 -0.089340 -0.256086 0.823204 0.340229 -0.023313 0.184217,
 0.493269 1.298690 -0.337812 0.880183 0.628355 -3.757227 -12.551834 -0.933512,
 0.060943 -0.164867 0.763263 -0.814086 -0.022198 -6.316415 -21.939129 0.041387,
 0.255956 -0.539583 0.064155 -2.682221 0.257826 -0.465538 -3.669180 1.756588,
 2.603756 0.216796 -0.700978 0.841243 -1.841871 -1.097343 -0.261990 0.515251,
 1.774077 0.311066 7.162268 2.823969 -0.531784 -8.686131 -15.368876 1.245296,
 0.411517 0.372537 27.633957 7.312495 0.567382 -15.131919 -19.240982 6.823112,
 0.778153 0.662064 10.585448 2.592018 -0.468162 -3.564014 0.001786 4.542590,
