Low-band skewness and kurtosis
 -0.526026 2.215599,
 -0.436023 2.386451,
 -0.384951 2.382838,
 -0.353478 2.470772,
 -0.187269 1.815882,

High-band variance
 1044.852661,

Skewness, kurtosis, variance, mean, maximum and minimum of the reconstructed texture
 -0.663735 1.991864 5637.161133 188.721313 255.000000 4.000000,

Auto-correlations of the low-frequency bands at each scale
 1285.045898 1247.653931 1199.246826 1146.365112 1092.266357 1046.551636 1020.103760 910.511597 839.703674 815.254944 856.984131 971.385315 1157.121338 1391.286255 1907.437622 2145.301758 2417.438721 2680.328857 2900.798096 3086.473633 3240.820801 3740.867920 4026.489258 4251.730957 4341.753418 4251.730957 4026.489258 3740.867920 3240.820801 3086.473633 2900.798096 2680.328857 2417.438721 2145.301758 1907.437622 1391.286255 1157.121338 971.385315 856.984131 815.254944 839.703674 910.511597 1020.103760 1046.551636 1092.266357 1146.365112 1199.246826 1247.653931 1285.045898,
 1179.150146 1170.641357 1150.792603 1122.341187 1090.619019 1067.326904 1060.774414 994.146851 953.266663 940.952881 965.686768 1026.661377 1126.321899 1253.980835 1500.176270 1624.524048 1788.612427 1956.633179 2087.959717 2183.528809 2249.016602 2495.941650 2667.974609 2811.016113 2871.362305 2811.016113 2667.974609 2495.941650 2249.016602 2183.528809 2087.959717 1956.633179 1788.612427 1624.524048 1500.176270 1253.980835 1126.321899 1026.661377 965.686768 940.952881 953.266663 994.146851 1060.774414 1067.326904 1090.619019 1122.341187 1150.792603 1170.641357 1179.150146,
 979.115234 983.448120 985.998535 981.005127 962.323730 936.860596 916.860596 1012.883545 994.879456 994.399719 1011.544617 1037.602539 1077.551758 1135.625000 1306.711182 1372.328369 1469.053101 1568.406006 1634.579468 1672.790283 1698.073975 1809.238281 1911.781006 2006.302246 2048.706299 2006.302246 1911.781006 1809.238281 1698.073975 1672.790283 1634.579468 1568.406006 1469.053101 1372.328369 1306.711182 1135.625000 1077.551758 1037.602539 1011.544617 994.399719 994.879456 1012.883545 916.860596 936.860596 962.323730 981.005127 985.998535 983.448120 979.115234,
 406.033844 405.447998 405.457520 406.430756 401.306519 387.750549 371.328644 794.965576 778.456421 775.123352 782.780579 787.565613 792.387207 805.825073 1148.024414 1182.209229 1242.809814 1303.254395 1329.098877 1329.984863 1326.601807 1459.723633 1524.867798 1594.280640 1628.003784 1594.280640 1524.867798 1459.723633 1326.601807 1329.984863 1329.098877 1303.254395 1242.809814 1182.209229 1148.024414 805.825073 792.387207 787.565613 782.780579 775.123352 778.456421 794.965576 371.328644 387.750549 401.306519 406.430756 405.457520 405.447998 406.033844,
 -878.777771 -893.894592 -919.606873 -927.500671 -904.525696 -878.855652 -872.146423 -27.696056 -47.360798 -59.660492 -49.537952 -27.655922 -14.283882 -12.290278 864.188477 865.680054 894.932861 929.496155 930.846436 905.535278 885.088989 1281.377686 1309.995728 1364.181274 1394.854858 1364.181274 1309.995728 1281.377686 885.088989 905.535278 930.846436 929.496155 894.932861 865.680054 864.188477 -12.290278 -14.283882 -27.655922 -49.537952 -59.660492 -47.360798 -27.696056 -872.146423 -878.855652 -904.525696 -927.500671 -919.606873 -893.894592 -878.777771,

Auto-correlations of the modulus of each oriented sub-band
 3.705673 5.397934 6.893653 7.577852 7.162653 5.938735 4.501388 4.183032 5.953972 7.514638 8.245625 7.842226 6.584396 5.082608 5.375254 7.575877 9.444247 10.193026 9.506368 7.829171 5.920183 6.250339 8.743814 11.002685 11.949922 11.002685 8.743814 6.250339 5.920183 7.829171 9.506368 10.193026 9.444247 7.575877 5.375254 5.082608 6.584396 7.842226 8.245625 7.514638 5.953972 4.183032 4.501388 5.938735 7.162653 7.577852 6.893653 5.397934 3.705673,
 44.868607 49.301117 53.719658 57.726307 61.157089 64.010689 66.154160 69.494865 79.276268 87.985382 93.882591 96.701462 97.066017 95.614754 102.784409 118.077003 131.305862 138.083893 137.122787 130.958969 122.306656 126.197609 141.557068 154.596924 160.093552 154.596924 141.557068 126.197609 122.306656 130.958969 137.122787 138.083893 131.305862 118.077003 102.784409 95.614754 97.066017 96.701462 93.882591 87.985382 79.276268 69.494865 66.154160 64.010689 61.157089 57.726307 53.719658 49.301117 44.868607,
 150.749496 168.498566 184.394180 194.336517 196.945908 196.684570 197.817032 241.589645 282.257294 318.420959 336.741089 331.607971 313.563202 295.705627 352.864166 418.449890 478.566833 506.499695 487.804504 440.846375 391.835175 419.855713 491.502869 559.192993 589.193237 559.192993 491.502869 419.855713 391.835175 440.846375 487.804504 506.499695 478.566833 418.449890 352.864166 295.705627 313.563202 331.607971 336.741089 318.420959 282.257294 241.589645 197.817032 196.684570 196.945908 194.336517 184.394180 168.498566 150.749496,
 19.548349 19.981115 21.378284 22.484293 21.363220 18.558851 16.580824 28.166836 31.162712 36.756733 40.743103 37.793484 29.931610 24.183014 35.067867 42.287067 55.254650 64.058945 57.529537 42.320370 32.199833 36.616077 47.381218 65.679504 76.145020 65.679504 47.381218 36.616077 32.199833 42.320370 57.529537 64.058945 55.254650 42.287067 35.067867 24.183014 29.931610 37.793484 40.743103 36.756733 31.162712 28.166836 16.580824 18.558851 21.363220 22.484293 21.378284 19.981115 19.548349,
 2.370424 3.407792 4.335281 4.759052 4.485090 3.682890 2.740878 2.874787 4.128945 5.240030 5.699801 5.300713 4.285141 3.117826 3.746405 5.472710 7.061777 7.658626 6.922975 5.377534 3.760443 4.224534 6.267250 8.311988 9.235516 8.311988 6.267250 4.224534 3.760443 5.377534 6.922975 7.658626 7.061777 5.472710 3.746405 3.117826 4.285141 5.300713 5.699801 5.240030 4.128945 2.874787 2.740878 3.682890 4.485090 4.759052 4.335281 3.407792 2.370424,
 19.461178 22.227173 24.673698 26.276997 27.153927 27.244316 26.385151 29.307030 36.702988 43.516022 47.267738 47.910034 46.748642 44.152817 46.848747 58.654819 70.055237 75.533264 73.293610 67.323929 60.291077 61.471424 73.249908 84.814499 90.300140 84.814499 73.249908 61.471424 60.291077 67.323929 73.293610 75.533264 70.055237 58.654819 46.848747 44.152817 46.748642 47.910034 47.267738 43.516022 36.702988 29.307030 26.385151 27.244316 27.153927 26.276997 24.673698 22.227173 19.461178,
 51.973938 61.214409 70.418999 75.989410 74.539894 67.914223 59.464157 85.546661 109.419891 132.214401 146.166367 145.461655 133.574188 117.099747 142.480560 182.582932 219.350357 239.242020 232.871170 207.041885 174.251678 185.510345 230.612061 269.845795 286.597229 269.845795 230.612061 185.510345 174.251678 207.041885 232.871170 239.242020 219.350357 182.582932 142.480560 117.099747 133.574188 145.461655 146.166367 132.214401 109.419891 85.546661 59.464157 67.914223 74.539894 75.989410 70.418999 61.214409 51.973938,
 6.299471 7.933562 9.561000 10.547060 10.164487 8.163716 5.893339 10.360428 12.438500 15.387030 18.403931 18.081148 13.818782 9.764536 14.559751 17.838518 23.896645 29.609955 27.282356 19.480429 13.998406 16.113493 21.058556 29.944771 35.639481 29.944771 21.058556 16.113493 13.998406 19.480429 27.282356 29.609955 23.896645 17.838518 14.559751 9.764536 13.818782 18.081148 18.403931 15.387030 12.438500 10.360428 5.893339 8.163716 10.164487 10.547060 9.561000 7.933562 6.299471,
 1.180511 2.332679 3.245752 3.595018 3.265076 2.404176 1.351116 1.924166 3.211624 4.183971 4.464084 3.930132 2.835932 1.632293 2.763154 4.602435 6.073964 6.488029 5.613418 3.939797 2.220540 2.886600 5.088642 7.136878 8.012623 7.136878 5.088642 2.886600 2.220540 3.939797 5.613418 6.488029 6.073964 4.602435 2.763154 1.632293 2.835932 3.930132 4.464084 4.183971 3.211624 1.924166 1.351116 2.404176 3.265076 3.595018 3.245752 2.332679 1.180511,
 -3.444183 -2.876216 -1.625211 -0.224233 1.062574 2.664660 4.279078 3.639126 7.514474 11.660436 13.776354 13.914741 14.216319 14.721790 13.746687 21.154793 29.298199 32.750679 29.681347 25.164642 21.844992 21.329535 28.739109 37.903477 42.771835 37.903477 28.739109 21.329535 21.844992 25.164642 29.681347 32.750679 29.298199 21.154793 13.746687 14.721790 14.216319 13.914741 13.776354 11.660436 7.514474 3.639126 4.279078 2.664660 1.062574 -0.224233 -1.625211 -2.876216 -3.444183,
 -11.872151 -12.260683 -9.267235 -4.297995 0.337709 3.847454 6.824912 10.452963 20.627808 33.332512 43.691185 47.152565 43.865974 37.423164 41.687569 64.192352 86.749115 100.154022 97.649597 82.102539 62.039337 64.149277 91.738983 116.514397 127.000381 116.514397 91.738983 64.149277 62.039337 82.102539 97.649597 100.154022 86.749115 64.192352 41.687569 37.423164 43.865974 47.152565 43.691185 33.332512 20.627808 10.452963 6.824912 3.847454 0.337709 -4.297995 -9.267235 -12.260683 -11.872151,
 2.589586 2.403934 2.348402 2.875689 3.085859 2.623216 2.197289 4.060802 4.964184 6.182333 7.934285 8.085297 6.072432 3.901776 5.827517 8.060729 11.377070 14.857274 13.825620 9.325219 5.586171 6.444394 9.948351 15.240102 18.688770 15.240102 9.948351 6.444394 5.586171 9.325219 13.825620 14.857274 11.377070 8.060729 5.827517 3.901776 6.072432 8.085297 7.934285 6.182333 4.964184 4.060802 2.197289 2.623216 3.085859 2.875689 2.348402 2.403934 2.589586,
 0.193930 2.396955 4.190840 4.802500 3.967035 2.107624 0.039482 0.169661 2.309434 4.136444 4.788658 3.960476 2.089093 -0.004380 0.714647 3.146906 5.377687 6.258884 5.276641 3.021278 0.528812 1.077297 3.833306 6.405046 7.509045 6.405046 3.833306 1.077297 0.528812 3.021278 5.276641 6.258884 5.377687 3.146906 0.714647 -0.004380 2.089093 3.960476 4.788658 4.136444 2.309434 0.169661 0.039482 2.107624 3.967035 4.802500 4.190840 2.396955 0.193930,
 -0.727513 -1.850525 -2.668315 -3.198843 -2.627461 -0.857174 0.990026 1.307623 2.602582 3.790572 3.662306 3.492428 4.419175 5.207062 4.792252 8.984466 13.562946 14.574821 11.893604 9.179563 7.226987 7.034089 11.525566 17.488668 20.796196 17.488668 11.525566 7.034089 7.226987 9.179563 11.893604 14.574821 13.562946 8.984466 4.792252 5.207062 4.419175 3.492428 3.662306 3.790572 2.602582 1.307623 0.990026 -0.857174 -2.627461 -3.198843 -2.668315 -1.850525 -0.727513,
 -8.991376 -12.918009 -13.808865 -11.642099 -7.662186 -2.656879 2.875936 -8.952097 -6.739166 -1.189093 5.687094 11.041832 14.222826 15.682497 2.764966 11.953196 23.041164 31.603394 33.435810 29.286806 22.423218 16.974705 28.849258 40.173744 45.304977 40.173744 28.849258 16.974705 22.423218 29.286806 33.435810 31.603394 23.041164 11.953196 2.764966 15.682497 14.222826 11.041832 5.687094 -1.189093 -6.739166 -8.952097 2.875936 -2.656879 -7.662186 -11.642099 -13.808865 -12.918009 -8.991376,
 -1.200971 -1.247418 -0.324387 1.237999 1.815054 0.821365 -0.535052 -0.879406 -0.399760 1.106397 2.962345 3.241842 1.400446 -0.204471 0.015385 1.040195 3.492035 6.384533 5.860071 2.592915 0.566925 0.624669 2.392650 6.172392 8.821708 6.172392 2.392650 0.624669 0.566925 2.592915 5.860071 6.384533 3.492035 1.040195 0.015385 -0.204471 1.400446 3.241842 2.962345 1.106397 -0.399760 -0.879406 -0.535052 0.821365 1.815054 1.237999 -0.324387 -1.247418 -1.200971,

Pairwise cross-correlations of the modulus of all oriented sub-bands at the same scale (size QxQ)
 11.949922 10.260772 5.972626 7.630560,
 10.260772 160.093582 267.378815 60.456173,
 5.972626 267.378815 589.193298 157.170776,
 7.630560 60.456173 157.170776 76.145027,
 9.235516 6.312823 4.594547 5.703841,
 6.312823 90.300148 136.131622 28.231335,
 4.594547 136.131622 286.597290 69.535965,
 5.703841 28.231335 69.535965 35.639484,
 8.012624 3.647068 3.869211 5.268656,
 3.647068 42.771835 59.604462 12.292564,
 3.869211 59.604462 127.000397 33.388470,
 5.268656 12.292564 33.388470 18.688774,
 7.509047 2.248545 -0.547075 3.658514,
 2.248545 20.796196 23.547380 4.189871,
 -0.547075 23.547380 45.304977 9.397604,
 3.658514 4.189871 9.397604 8.821708,

Cross-correlations of the modulus of all oriented sub-bands with all oriented sub-bands at the coarser scale (size QxQ)
 7.391633 6.927564 2.497204 5.308105,
 9.162576 29.770008 41.687538 12.722324,
 11.868770 38.794197 78.149315 24.476938,
 6.547014 12.315143 22.462654 15.478930,
 5.980440 4.213938 4.288950 5.276490,
 3.495913 19.032673 37.623238 11.343947,
 3.059559 23.722111 56.811733 15.363731,
 3.579658 4.260628 12.017259 7.019628,
 5.442575 2.985021 1.263588 3.402603,
 3.488151 6.758613 6.165162 3.055035,
 3.043838 4.579578 7.286845 3.314684,
 4.142912 1.127488 -0.852431 2.564426,

Cross-correlations of the real part of each oriented sub-band with both the real and imaginary part of all phase-doubled oriented sub-bands at the next coarser scale (Q matrices of size 1x2Q, which are computed and stored in a matrix of size Qx2Q)
 -1.630838 -1.675063 -1.064201 -1.047165 1.121386 0.301834 0.352928 -0.257634,
 -1.403800 -31.064569 -45.860161 -13.263577 0.397995 9.140937 11.864589 0.562997,
 -0.812081 -48.675880 -95.763031 -42.066467 -0.036154 13.196342 14.313122 -1.661155,
 -0.882276 -10.291580 -29.301760 -20.545618 0.420602 2.009901 0.797058 -1.722478,
 0.885548 -0.861997 -0.565773 -0.225580 0.767318 0.162735 -0.082425 -0.033427,
 0.068380 -9.818457 -10.446891 -0.669376 0.162506 -9.337462 -13.471029 -2.429426,
 -0.194208 -10.678116 -11.716029 -1.076279 -0.200639 -16.522179 -26.920799 -8.106891,
 0.438079 -1.121767 -1.029507 -1.103383 0.176383 -3.211970 -7.016075 -3.921224,
 0.797964 -0.967848 -0.486112 -0.077080 0.272602 0.670577 -0.341799 0.095166,
 0.409617 -17.828869 -22.358612 -1.622250 0.408419 -10.347258 -17.847544 -4.868202,
 0.157950 -26.184088 -44.351456 -6.871250 0.017966 -20.686728 -37.016197 -13.015048,
 0.367960 -5.086951 -12.240638 -3.770329 -0.044595 -4.725986 -11.255476 -5.126859,
