Low-band skewness and kurtosis
 -0.651050 2.258343,
 -0.574364 2.312896,
 -0.475211 2.047961,
 -0.419663 1.827639,
 -0.388847 1.749789,

High-band variance
 878.186523,

Skewness, kurtosis, variance, mean, maximum and minimum of the reconstructed texture
 -0.753307 2.107343 6023.778320 190.022461 255.000000 0.000000,

Auto-correlations of the low-frequency bands at each scale
 2111.316406 2019.612061 1939.644287 1888.598999 1886.735596 1948.653809 2061.497070 2229.107178 2049.546387 1920.706787 1922.097534 2072.542725 2318.836914 2557.171631 3050.435547 3217.405518 3424.790771 3614.740479 3709.626709 3695.324951 3596.328125 3953.815430 4400.360352 4796.871582 4962.567383 4796.871582 4400.360352 3953.815430 3596.328125 3695.324951 3709.626709 3614.740479 3424.790771 3217.405518 3050.435547 2557.171631 2318.836914 2072.542725 1922.097534 1920.706787 2049.546387 2229.107178 2061.497070 1948.653809 1886.735596 1888.598999 1939.644287 2019.612061 2111.316406,
 2081.256104 2035.577881 1989.434448 1950.626709 1938.114868 1975.729004 2059.883057 2103.628906 1949.671265 1836.883423 1816.577148 1895.979370 2045.368774 2199.484863 2517.180420 2594.383545 2715.603516 2833.207520 2876.732422 2836.705322 2739.689697 3006.877686 3317.129883 3600.498535 3721.336426 3600.498535 3317.129883 3006.877686 2739.689697 2836.705322 2876.732422 2833.207520 2715.603516 2594.383545 2517.180420 2199.484863 2045.368774 1895.979370 1816.577148 1836.883423 1949.671265 2103.628906 2059.883057 1975.729004 1938.114868 1950.626709 1989.434448 2035.577881 2081.256104,
 1686.208618 1702.131714 1715.770386 1722.403076 1728.480591 1753.247925 1800.514282 1961.666016 1900.906860 1851.701660 1846.738525 1889.989014 1968.946899 2048.728516 2283.493896 2313.225342 2373.031982 2432.052734 2436.438721 2386.812744 2312.157959 2446.491211 2622.852539 2801.707275 2882.532227 2801.707275 2622.852539 2446.491211 2312.157959 2386.812744 2436.438721 2432.052734 2373.031982 2313.225342 2283.493896 2048.728516 1968.946899 1889.989014 1846.738525 1851.701660 1900.906860 1961.666016 1800.514282 1753.247925 1728.480591 1722.403076 1715.770386 1702.131714 1686.208618,
 661.201782 689.569580 723.628113 757.124634 778.586121 786.967773 789.711792 1407.345093 1409.132812 1429.742188 1473.522827 1516.599121 1543.341064 1546.278687 1959.842285 2004.162476 2073.168945 2134.757812 2141.920898 2103.397949 2049.093750 2195.124268 2298.147217 2411.447021 2465.566895 2411.447021 2298.147217 2195.124268 2049.093750 2103.397949 2141.920898 2134.757812 2073.168945 2004.162476 1959.842285 1546.278687 1543.341064 1516.599121 1473.522827 1429.742188 1409.132812 1407.345093 789.711792 786.967773 778.586121 757.124634 723.628113 689.569580 661.201782,
 -1451.512573 -1523.136597 -1569.683472 -1547.378784 -1462.025513 -1381.950073 -1358.404663 -106.773788 -165.391571 -170.759399 -109.388435 -25.849785 21.446945 14.110870 1361.819336 1389.593872 1471.863403 1555.550659 1568.864624 1512.026489 1439.078857 2030.771484 2128.880859 2255.982666 2318.181885 2255.982666 2128.880859 2030.771484 1439.078857 1512.026489 1568.864624 1555.550659 1471.863403 1389.593872 1361.819336 14.110870 21.446945 -25.849785 -109.388435 -170.759399 -165.391571 -106.773788 -1358.404663 -1381.950073 -1462.025513 -1547.378784 -1569.683472 -1523.136597 -1451.512573,

Auto-correlations of the modulus of each oriented sub-band
 6.679724 7.910544 8.986357 9.472617 9.135534 8.219275 7.177109 7.519835 9.134003 10.462680 10.994801 10.508409 9.251040 7.790234 8.947811 11.628502 13.655654 14.138532 13.038079 11.010733 8.720722 9.253030 12.626108 16.172817 17.825521 16.172817 12.626108 9.253030 8.720722 11.010733 13.038079 14.138532 13.655654 11.628502 8.947811 7.790234 9.251040 10.508409 10.994801 10.462680 9.134003 7.519835 7.177109 8.219275 9.135534 9.472617 8.986357 7.910544 6.679724,
 105.217484 113.005310 121.902481 129.428238 133.339340 134.210144 133.209824 123.653915 139.393082 156.249817 167.162903 167.545166 160.907730 151.833115 145.864548 169.972321 195.436859 209.021820 202.039581 183.557434 163.942093 162.093018 188.425827 215.805527 229.117493 215.805527 188.425827 162.093018 163.942093 183.557434 202.039581 209.021820 195.436859 169.972321 145.864548 151.833115 160.907730 167.545166 167.162903 156.249817 139.393082 123.653915 133.209824 134.210144 133.339340 129.428238 121.902481 113.005310 105.217484,
 198.497131 203.629822 210.557297 214.110809 209.465195 200.159241 191.793427 261.452332 287.574615 315.897461 328.367554 312.415222 281.098053 253.024353 319.483368 371.707764 428.794250 454.964813 425.262573 365.960083 313.116852 341.310181 406.159485 478.872437 514.490723 478.872437 406.159485 341.310181 313.116852 365.960083 425.262573 454.964813 428.794250 371.707764 319.483368 253.024353 281.098053 312.415222 328.367554 315.897461 287.574615 261.452332 191.793427 200.159241 209.465195 214.110809 210.557297 203.629822 198.497131,
 69.734299 66.393585 62.389927 57.263641 50.381817 43.010616 36.706467 88.416321 89.886322 90.819176 88.743370 79.977364 67.383316 56.205265 98.273399 106.991669 117.139336 121.850937 111.527809 93.300140 77.895500 94.245506 108.991867 127.235855 137.437271 127.235855 108.991867 94.245506 77.895500 93.300140 111.527809 121.850937 117.139336 106.991669 98.273399 56.205265 67.383316 79.977364 88.743370 90.819176 89.886322 88.416321 36.706467 43.010616 50.381817 57.263641 62.389927 66.393585 69.734299,
 4.529922 5.505980 6.370126 6.783461 6.647730 6.118129 5.410300 5.302959 6.627069 7.748988 8.199323 7.849540 6.939545 5.845737 6.454536 8.580155 10.558871 11.272566 10.296414 8.333255 6.364250 6.963408 9.714392 12.629461 13.980947 12.629461 9.714392 6.963408 6.364250 8.333255 10.296414 11.272566 10.558871 8.580155 6.454536 5.845737 6.939545 7.849540 8.199323 7.748988 6.627069 5.302959 5.410300 6.118129 6.647730 6.783461 6.370126 5.505980 4.529922,
 60.666759 66.761169 73.573349 79.031540 81.591629 81.287567 78.888306 71.019211 82.406242 94.738121 102.439262 102.337593 96.441231 88.203873 83.680687 101.590263 120.874161 130.777267 124.729446 109.599556 93.837257 92.627647 112.867752 134.537827 145.119904 134.537827 112.867752 92.627647 93.837257 109.599556 124.729446 130.777267 120.874161 101.590263 83.680687 88.203873 96.441231 102.337593 102.439262 94.738121 82.406242 71.019211 78.888306 81.287567 81.591629 79.031540 73.573349 66.761169 60.666759,
 88.413002 98.658791 108.243217 112.830032 108.508888 99.308022 90.116875 116.363243 142.360901 168.922409 181.882568 170.982498 146.002045 121.260185 145.044754 189.913940 237.797226 261.130920 240.101028 193.691925 149.365402 159.196930 212.988937 271.227570 299.303802 271.227570 212.988937 159.196930 149.365402 193.691925 240.101028 261.130920 237.797226 189.913940 145.044754 121.260185 146.002045 170.982498 181.882568 168.922409 142.360901 116.363243 90.116875 99.308022 108.508888 112.830032 108.243217 98.658791 88.413002,
 31.381489 31.596619 31.800339 31.902189 31.517136 29.848179 27.262314 40.956093 44.203411 47.890808 50.565319 49.251251 43.272251 36.173233 47.575249 55.958061 66.114304 72.709679 68.654816 56.417442 44.533913 48.941837 61.467140 76.199959 83.705460 76.199959 61.467140 48.941837 44.533913 56.417442 68.654816 72.709679 66.114304 55.958061 47.575249 36.173233 43.272251 49.251251 50.565319 47.890808 44.203411 40.956093 27.262314 29.848179 31.517136 31.902189 31.800339 31.596619 31.381489,
 2.582764 4.178788 5.454367 5.895909 5.304855 3.961929 2.443931 2.743579 4.440250 5.876091 6.484001 5.971855 4.588854 2.949854 4.157793 6.544533 8.714658 9.542212 8.502252 6.265934 3.928662 4.921474 7.969525 11.031088 12.401887 11.031088 7.969525 4.921474 3.928662 6.265934 8.502252 9.542212 8.714658 6.544533 4.157793 2.949854 4.588854 5.971855 6.484001 5.876091 4.440250 2.743579 2.443931 3.961929 5.304855 5.895909 5.454367 4.178788 2.582764,
 18.225668 23.418297 28.157837 31.342255 32.413868 31.318913 28.585638 23.448845 31.801365 39.782639 44.469505 44.270958 39.821774 32.899117 29.364836 42.138069 54.636566 60.702240 57.022568 46.920723 35.149872 33.819611 48.394478 62.669479 69.173264 62.669479 48.394478 33.819611 35.149872 46.920723 57.022568 60.702240 54.636566 42.138069 29.364836 32.899117 39.821774 44.270958 44.469505 39.782639 31.801365 23.448845 28.585638 31.318913 32.413868 31.342255 28.157837 23.418297 18.225668,
 16.115702 18.005106 20.273565 19.838062 13.294779 4.348783 0.239089 24.223612 33.051167 45.013718 50.092369 38.958664 19.649719 6.714319 33.033638 51.732990 77.481735 90.537453 73.743317 42.590733 20.539761 32.645702 57.561378 92.479294 111.194824 92.479294 57.561378 32.645702 20.539761 42.590733 73.743317 90.537453 77.481735 51.732990 33.033638 6.714319 19.649719 38.958664 50.092369 45.013718 33.051167 24.223612 0.239089 4.348783 13.294779 19.838062 20.273565 18.005106 16.115702,
 14.246442 13.746311 13.971695 14.342529 13.813688 12.141716 10.124955 18.278038 20.018312 22.615019 24.206572 22.639387 18.275339 13.725830 21.690214 26.809809 33.387718 37.332924 34.104271 25.805128 18.304430 21.876038 29.689869 39.440853 44.473751 39.440853 29.689869 21.876038 18.304430 25.805128 34.104271 37.332924 33.387718 26.809809 21.690214 13.725830 18.275339 22.639387 24.206572 22.615019 20.018312 18.278038 10.124955 12.141716 13.813688 14.342529 13.971695 13.746311 14.246442,
 0.390899 3.222055 5.863194 7.014163 6.020271 3.452672 0.498625 0.789126 3.733899 6.334455 7.363707 6.266052 3.678613 0.841323 1.562421 4.924579 7.849385 8.843662 7.360577 4.298284 1.129834 2.009354 5.800273 9.401693 10.942463 9.401693 5.800273 2.009354 1.129834 4.298284 7.360577 8.843662 7.849385 4.924579 1.562421 0.841323 3.678613 6.266052 7.363707 6.334455 3.733899 0.789126 0.498625 3.452672 6.020271 7.014163 5.863194 3.222055 0.390899,
 -1.690148 -0.313874 0.352874 0.348713 0.265505 0.412237 0.631772 6.202971 8.918598 10.538210 10.084661 8.413574 6.678898 5.397933 13.926612 18.881004 22.915499 23.140022 19.567423 15.026116 11.287278 15.314098 21.110065 27.280493 30.309704 27.280493 21.110065 15.314098 11.287278 15.026116 19.567423 23.140022 22.915499 18.881004 13.926612 5.397933 6.678898 8.413574 10.084661 10.538210 8.918598 6.202971 0.631772 0.412237 0.265505 0.348713 0.352874 -0.313874 -1.690148,
 -3.491842 -3.567958 -1.758616 -2.219915 -7.049801 -6.146196 0.983493 0.858826 1.874458 6.606915 7.994765 0.199790 -2.916602 2.533531 4.754828 8.087236 18.017567 23.621433 13.284809 4.164856 4.955802 6.259170 9.365281 21.849091 31.775848 21.849091 9.365281 6.259170 4.955802 4.164856 13.284809 23.621433 18.017567 8.087236 4.754828 2.533531 -2.916602 0.199790 7.994765 6.606915 1.874458 0.858826 0.983493 -6.146196 -7.049801 -2.219915 -1.758616 -3.567958 -3.491842,
 1.207992 1.949005 2.267972 2.563026 2.625585 1.951988 0.935171 0.432751 3.000628 5.185388 6.410467 5.657138 3.058847 0.550494 -0.425150 4.402403 9.601492 12.711441 11.052240 5.786191 0.675680 -0.027437 6.420784 13.550186 16.970736 13.550186 6.420784 -0.027437 0.675680 5.786191 11.052240 12.711441 9.601492 4.402403 -0.425150 0.550494 3.058847 5.657138 6.410467 5.185388 3.000628 0.432751 0.935171 1.951988 2.625585 2.563026 2.267972 1.949005 1.207992,

Pairwise cross-correlations of the modulus of all oriented sub-bands at the same scale (size QxQ)
 17.825525 26.036404 21.093304 15.103930,
 26.036404 229.117447 244.564194 28.007429,
 21.093304 244.564194 514.490906 162.966904,
 15.103930 28.007429 162.966904 137.437271,
 13.980947 16.613472 11.731783 7.539790,
 16.613472 145.119904 131.947388 9.104466,
 11.731783 131.947388 299.303833 99.466248,
 7.539790 9.104466 99.466248 83.705467,
 12.401888 13.104902 5.545377 5.890059,
 13.104902 69.173264 46.906799 3.576577,
 5.545377 46.906799 111.194839 41.696175,
 5.890059 3.576577 41.696175 44.473755,
 10.942463 5.804282 1.221266 5.040220,
 5.804282 30.309708 17.625435 6.687485,
 1.221266 17.625435 31.775852 9.627968,
 5.040220 6.687485 9.627968 16.970736,

Cross-correlations of the modulus of all oriented sub-bands with all oriented sub-bands at the coarser scale (size QxQ)
 10.523848 15.568951 12.375630 8.950444,
 20.334942 96.571625 82.936455 5.972575,
 20.409424 83.815887 140.650314 54.657082,
 9.394982 5.315129 50.362965 53.188480,
 8.959884 12.070557 5.057312 5.889662,
 12.232162 45.824154 30.196165 6.376654,
 10.578917 30.292849 54.251408 33.791756,
 5.746603 -2.982255 16.562424 25.909876,
 7.870538 7.557995 0.613649 4.166168,
 6.663521 21.113033 7.461562 -1.788015,
 2.210543 10.054204 12.431673 0.084428,
 2.427764 2.981848 5.612179 9.053463,

Cross-correlations of the real part of each oriented sub-band with both the real and imaginary part of all phase-doubled oriented sub-bands at the next coarser scale (Q matrices of size 1x2Q, which are computed and stored in a matrix of size Qx2Q)
 -1.744694 -4.692323 -3.129508 -3.223909 -0.106478 -0.492940 -0.796595 -0.135343,
 -5.007070 -31.527079 -23.581327 -8.361685 -0.065208 -4.492998 -3.439740 0.468031,
 -4.925017 -31.569733 -65.543198 -51.819405 -0.067045 -3.344083 -6.936400 -4.331927,
 -2.680887 -5.930867 -37.063061 -42.533470 -0.090909 -0.117851 -4.788307 -5.169715,
 -0.216984 -3.544570 -1.068977 -1.392090 -1.556302 -0.376952 -0.835482 0.128673,
 -2.089844 -12.503917 -8.831582 -4.912151 -0.054420 -4.130869 3.715744 1.032819,
 -1.633568 -9.489046 -34.396637 -27.814384 0.540642 -1.658828 17.859138 -0.365488,
 -0.523794 -2.418086 -20.216684 -21.017509 -0.475885 1.043715 5.897106 -2.322532,
 0.469471 1.094637 0.334361 -0.685797 -3.063908 -3.852612 -0.527710 1.282640,
 0.167727 4.789640 2.496621 0.174222 -3.152120 -9.550356 6.309872 2.005573,
 -0.161668 0.214258 3.016859 -3.311481 -1.185830 0.326957 27.768444 9.788807,
 0.184480 -0.884599 0.884311 -5.390419 -0.960928 1.367174 13.772219 7.746587,
