Low-band skewness and kurtosis
 -0.584284 2.145703,
 -0.509188 2.208581,
 -0.443995 2.067065,
 -0.400720 1.989280,
 -0.295929 1.697394,

High-band variance
 942.531250,

Skewness, kurtosis, variance, mean, maximum and minimum of the reconstructed texture
 -0.727886 2.042310 5952.113770 189.954468 255.000000 3.000000,

Auto-correlations of the low-frequency bands at each scale
 1940.588257 1877.150269 1827.689453 1794.949707 1777.068115 1780.340698 1814.562866 1953.019531 1803.998169 1693.740845 1673.788208 1764.946655 1952.570923 2183.499023 2899.239258 3050.722168 3214.745361 3350.851807 3431.114014 3468.661621 3472.019531 4023.101074 4379.553223 4675.298828 4794.886719 4675.298828 4379.553223 4023.101074 3472.019531 3468.661621 3431.114014 3350.851807 3214.745361 3050.722168 2899.239258 2183.499023 1952.570923 1764.946655 1673.788208 1693.740845 1803.998169 1953.019531 1814.562866 1780.340698 1777.068115 1794.949707 1827.689453 1877.150269 1940.588257,
 1902.374756 1881.499023 1848.836182 1813.836548 1785.621826 1774.689697 1792.351074 1904.516724 1786.725220 1697.241943 1673.196533 1724.163818 1839.568237 1986.860718 2397.047852 2454.125000 2544.258301 2632.584961 2680.403809 2693.298828 2683.112793 3004.643555 3222.586426 3416.845703 3499.567383 3416.845703 3222.586426 3004.643555 2683.112793 2693.298828 2680.403809 2632.584961 2544.258301 2454.125000 2397.047852 1986.860718 1839.568237 1724.163818 1673.196533 1697.241943 1786.725220 1904.516724 1792.351074 1774.689697 1785.621826 1813.836548 1848.836182 1881.499023 1902.374756,
 1421.052124 1398.358398 1384.967896 1387.438965 1404.091919 1434.650146 1477.755493 1678.085083 1642.086792 1615.671997 1615.782471 1641.622681 1691.265991 1755.611450 2154.217773 2195.021240 2239.109863 2272.202881 2274.895996 2262.959717 2253.088867 2492.480469 2587.548096 2677.268555 2718.213867 2677.268555 2587.548096 2492.480469 2253.088867 2262.959717 2274.895996 2272.202881 2239.109863 2195.021240 2154.217773 1755.611450 1691.265991 1641.622681 1615.782471 1615.671997 1642.086792 1678.085083 1477.755493 1434.650146 1404.091919 1387.438965 1384.967896 1398.358398 1421.052124,
 737.228455 741.312439 749.854004 757.814392 757.618774 747.732361 731.874084 1310.748413 1280.657104 1266.026489 1270.886719 1291.552124 1323.311157 1358.547729 1803.452881 1831.845947 1867.654419 1900.288330 1921.671509 1937.668213 1952.183838 2146.472900 2217.660400 2278.025879 2303.268311 2278.025879 2217.660400 2146.472900 1952.183838 1937.668213 1921.671509 1900.288330 1867.654419 1831.845947 1803.452881 1358.547729 1323.311157 1291.552124 1270.886719 1266.026489 1280.657104 1310.748413 731.874084 747.732361 757.618774 757.814392 749.854004 741.312439 737.228455,
 -1406.727539 -1418.662598 -1428.339111 -1425.314453 -1410.782715 -1398.078857 -1395.085449 -32.687218 -47.417133 -51.812550 -40.244114 -22.734684 -12.169800 -11.792898 1383.543213 1386.471191 1406.367554 1430.833252 1439.796265 1429.622314 1411.227783 1999.160156 2027.189819 2061.553467 2077.942139 2061.553467 2027.189819 1999.160156 1411.227783 1429.622314 1439.796265 1430.833252 1406.367554 1386.471191 1383.543213 -11.792898 -12.169800 -22.734684 -40.244114 -51.812550 -47.417133 -32.687218 -1395.085449 -1398.078857 -1410.782715 -1425.314453 -1428.339111 -1418.662598 -1406.727539,

Auto-correlations of the modulus of each oriented sub-band
 3.954453 4.776762 5.482963 5.738846 5.407913 4.662350 3.842069 4.735999 5.744617 6.597167 6.937366 6.578059 5.695660 4.671896 5.624841 7.328875 8.698190 9.137335 8.486461 7.116810 5.587491 5.948112 8.160017 10.407139 11.424128 10.407139 8.160017 5.948112 5.587491 7.116810 8.486461 9.137335 8.698190 7.328875 5.624841 4.671896 5.695660 6.578059 6.937366 6.597167 5.744617 4.735999 3.842069 4.662350 5.407913 5.738846 5.482963 4.776762 3.954453,
 64.564713 69.290993 74.046036 78.034050 81.097946 83.479256 85.435684 84.435730 96.591080 108.129776 114.976799 116.195190 113.951462 110.351654 108.747887 128.227951 147.111725 156.284515 151.975128 140.154251 127.331413 126.603790 146.854324 166.954468 176.236847 166.954468 146.854324 126.603790 127.331413 140.154251 151.975128 156.284515 147.111725 128.227951 108.747887 110.351654 113.951462 116.195190 114.976799 108.129776 96.591080 84.435730 85.435684 83.479256 81.097946 78.034050 74.046036 69.290993 64.564713,
 212.654297 222.143097 232.737335 238.820877 237.816010 233.605682 230.973083 278.232971 311.550323 346.911621 364.752380 354.095032 326.707977 300.700867 350.934204 412.996796 479.056396 511.017670 484.812195 424.514191 366.998596 389.535095 464.142395 543.895691 581.507690 543.895691 464.142395 389.535095 366.998596 424.514191 484.812195 511.017670 479.056396 412.996796 350.934204 300.700867 326.707977 354.095032 364.752380 346.911621 311.550323 278.232971 230.973083 233.605682 237.816010 238.820877 232.737335 222.143097 212.654297,
 61.541130 59.062897 56.997250 54.125809 49.514072 44.456741 40.776680 75.126999 77.467010 80.680298 81.110168 74.705780 64.207703 55.677902 85.221413 94.033836 106.020012 112.728981 103.904549 86.572197 73.091164 85.003288 98.818817 117.802444 128.440842 117.802444 98.818817 85.003288 73.091164 86.572197 103.904549 112.728981 106.020012 94.033836 85.221413 55.677902 64.207703 74.705780 81.110168 80.680298 77.467010 75.126999 40.776680 44.456741 49.514072 54.125809 56.997250 59.062897 61.541130,
 2.817754 3.476839 4.102826 4.413702 4.288680 3.836756 3.311961 3.409232 4.127025 4.787114 5.090667 4.896096 4.280290 3.531155 4.294838 5.618860 6.921110 7.449731 6.838658 5.485281 4.092437 4.646232 6.581723 8.669371 9.649362 8.669371 6.581723 4.646232 4.092437 5.485281 6.838658 7.449731 6.921110 5.618860 4.294838 3.531155 4.280290 4.896096 5.090667 4.787114 4.127025 3.409232 3.311961 3.836756 4.288680 4.413702 4.102826 3.476839 2.817754,
 29.907202 32.272259 33.604622 33.715355 32.777428 31.429808 30.528997 40.233360 47.558449 53.529003 54.877506 52.002140 47.697395 43.812080 51.866398 64.133095 76.462006 80.609978 74.202820 64.098457 55.377026 58.537521 71.338806 86.011841 93.401459 86.011841 71.338806 58.537521 55.377026 64.098457 74.202820 80.609978 76.462006 64.133095 51.866398 43.812080 47.697395 52.002140 54.877506 53.529003 47.558449 40.233360 30.528997 31.429808 32.777428 33.715355 33.604622 32.272259 29.907202,
 91.105957 97.689507 102.802689 99.301483 86.191605 70.703270 60.604828 115.554565 141.619980 168.183456 175.921997 157.214249 125.602676 99.272217 145.495026 192.558929 243.236404 264.713013 238.826218 187.408539 141.369049 159.801285 215.898407 277.688599 307.138672 277.688599 215.898407 159.801285 141.369049 187.408539 238.826218 264.713013 243.236404 192.558929 145.495026 99.272217 125.602676 157.214249 175.921997 168.183456 141.619980 115.554565 60.604828 70.703270 86.191605 99.301483 102.802689 97.689507 91.105957,
 30.099619 29.532398 27.978886 25.854612 23.529308 20.530235 17.244940 37.254162 38.755196 40.220581 41.429878 39.333885 32.727661 25.736916 41.463795 46.815350 54.597961 60.611145 56.550797 44.718014 34.555340 40.471375 49.852554 62.925713 70.263962 62.925713 49.852554 40.471375 34.555340 44.718014 56.550797 60.611145 54.597961 46.815350 41.463795 25.736916 32.727661 39.333885 41.429878 40.220581 38.755196 37.254162 17.244940 20.530235 23.529308 25.854612 27.978886 29.532398 30.099619,
 1.655285 1.929651 2.108574 2.177497 2.148175 2.039518 1.868775 1.744499 2.126725 2.442743 2.606319 2.572553 2.314488 1.933530 2.155409 3.008362 3.906439 4.361602 4.036759 3.143399 2.217888 2.433080 3.688830 5.086998 5.751147 5.086998 3.688830 2.433080 2.217888 3.143399 4.036759 4.361602 3.906439 3.008362 2.155409 1.933530 2.314488 2.572553 2.606319 2.442743 2.126725 1.744499 1.868775 2.039518 2.148175 2.177497 2.108574 1.929651 1.655285,
 5.369786 5.096850 5.136502 5.256265 5.051253 4.517271 3.746944 5.397290 7.492445 10.257649 11.541811 10.752549 9.346874 8.088773 8.894176 14.385317 21.487957 24.793251 21.647209 16.613125 12.847328 13.050282 19.337515 28.045307 32.962658 28.045307 19.337515 13.050282 12.847328 16.613125 21.647209 24.793251 21.487957 14.385317 8.894176 8.088773 9.346874 10.752549 11.541811 10.257649 7.492445 5.397290 3.746944 4.517271 5.051253 5.256265 5.136502 5.096850 5.369786,
 32.988659 30.230684 27.520655 26.149715 25.621038 24.942091 23.978458 34.701870 38.682747 45.727394 51.954239 51.985458 45.723869 38.010021 46.380150 62.575691 83.868607 97.775711 92.625214 73.994987 55.283424 58.406845 82.172203 109.723480 123.394501 109.723480 82.172203 58.406845 55.283424 73.994987 92.625214 97.775711 83.868607 62.575691 46.380150 38.010021 45.723869 51.985458 51.954239 45.727394 38.682747 34.701870 23.978458 24.942091 25.621038 26.149715 27.520655 30.230684 32.988659,
 12.847515 12.503672 12.412855 11.823126 10.407888 9.047796 8.334700 15.589430 16.783998 18.305014 19.157749 17.543295 14.102461 11.213556 16.977821 20.473682 25.587645 29.267422 26.408693 19.364399 14.087346 16.342541 21.761456 29.908443 34.681961 29.908443 21.761456 16.342541 14.087346 19.364399 26.408693 29.267422 25.587645 20.473682 16.977821 11.213556 14.102461 17.543295 19.157749 18.305014 16.783998 15.589430 8.334700 9.047796 10.407888 11.823126 12.412855 12.503672 12.847515,
 0.312311 0.629719 0.909216 1.029268 0.925633 0.637000 0.262324 0.257711 0.569733 0.900521 1.092585 1.052957 0.812703 0.469136 0.345322 0.849203 1.391738 1.671926 1.499304 1.017134 0.497967 0.487316 1.173268 1.893335 2.227803 1.893335 1.173268 0.487316 0.497967 1.017134 1.499304 1.671926 1.391738 0.849203 0.345322 0.469136 0.812703 1.052957 1.092585 0.900521 0.569733 0.257711 0.262324 0.637000 0.925633 1.029268 0.909216 0.629719 0.312311,
 -6.422310 -6.558358 -6.507404 -6.501707 -6.470507 -6.266277 -5.745960 1.088059 2.447313 3.684995 4.126903 3.838930 3.247320 2.592947 10.476830 13.549363 16.262583 17.157272 15.925290 13.736682 11.366366 15.010100 18.619431 22.027008 23.606123 22.027008 18.619431 15.010100 11.366366 13.736682 15.925290 17.157272 16.262583 13.549363 10.476830 2.592947 3.247320 3.838930 4.126903 3.684995 2.447313 1.088059 -5.745960 -6.266277 -6.470507 -6.501707 -6.507404 -6.558358 -6.422310,
 -10.484828 -4.517039 3.342600 6.603940 2.974224 -3.646056 -7.786567 14.830151 29.621029 44.767494 50.988605 44.397133 30.440441 17.257030 39.413055 62.866882 85.476929 95.043655 85.007050 62.921844 40.312874 49.715405 76.761902 102.784103 114.345360 102.784103 76.761902 49.715405 40.312874 62.921844 85.007050 95.043655 85.476929 62.866882 39.413055 17.257030 30.440441 44.397133 50.988605 44.767494 29.621029 14.830151 -7.786567 -3.646056 2.974224 6.603940 3.342600 -4.517039 -10.484828,
 -0.386265 2.316746 5.246675 7.298675 7.919291 7.281673 5.913578 3.937199 7.665433 11.435578 13.639050 13.323274 11.106315 8.400375 7.409760 12.187520 17.235132 20.118927 18.630892 14.295447 9.851586 9.479812 14.808006 20.483801 23.302464 20.483801 14.808006 9.479812 9.851586 14.295447 18.630892 20.118927 17.235132 12.187520 7.409760 8.400375 11.106315 13.323274 13.639050 11.435578 7.665433 3.937199 5.913578 7.281673 7.919291 7.298675 5.246675 2.316746 -0.386265,

Pairwise cross-correlations of the modulus of all oriented sub-bands at the same scale (size QxQ)
 11.424129 16.087337 20.326494 13.334910,
 16.087337 176.236893 254.169235 50.028221,
 20.326494 254.169235 581.507812 186.353775,
 13.334910 50.028221 186.353775 128.440872,
 9.649363 10.733348 15.805529 9.285014,
 10.733348 93.401474 127.138687 25.635300,
 15.805529 127.138687 307.138702 96.290756,
 9.285014 25.635300 96.290756 70.263977,
 5.751147 4.066831 7.429942 5.648442,
 4.066831 32.962662 46.755516 10.850938,
 7.429942 46.755516 123.394516 41.205696,
 5.648442 10.850938 41.205696 34.681961,
 2.227803 0.985351 0.295983 3.004111,
 0.985351 23.606125 43.897022 11.149870,
 0.295983 43.897022 114.345352 37.662338,
 3.004111 11.149870 37.662338 23.302465,

Cross-correlations of the modulus of all oriented sub-bands with all oriented sub-bands at the coarser scale (size QxQ)
 6.934789 8.804013 10.623131 8.181352,
 13.430174 53.417061 64.929932 15.385631,
 22.753040 80.565376 135.610016 52.662189,
 12.353551 20.117252 49.336994 42.979683,
 4.528275 3.262348 5.869118 6.068017,
 8.008622 10.493342 20.511745 11.073960,
 14.608944 20.903322 53.456757 34.680511,
 7.418696 8.856933 27.283895 23.742216,
 1.793565 2.024841 3.041370 3.185377,
 2.147528 6.287781 12.556328 6.212635,
 4.656964 16.955610 44.961094 20.647257,
 3.675629 5.792088 16.016499 12.524048,

Cross-correlations of the real part of each oriented sub-band with both the real and imaginary part of all phase-doubled oriented sub-bands at the next coarser scale (Q matrices of size 1x2Q, which are computed and stored in a matrix of size Qx2Q)
 -0.498958 -2.290872 -2.136109 -2.917420 1.062213 -0.143079 -0.239571 -0.180099,
 -1.483968 -36.265793 -30.843670 -6.399981 0.294496 -0.561239 -4.897960 -2.450157,
 -2.719734 -46.054482 -60.853962 -31.997971 -0.276960 -1.211943 -21.841311 -11.316810,
 -2.105782 -7.298543 -23.122215 -27.221115 0.216367 -0.763876 -11.787382 -6.303527,
 -0.013658 -0.795197 -0.343445 -1.468141 0.321522 0.197804 0.114330 -0.148829,
 -0.020140 -5.154107 -2.275911 -3.758084 0.144823 -5.321473 -9.486935 -0.481159,
 -0.586712 -5.585420 -8.775478 -15.257250 -0.068318 -10.968326 -11.238627 4.050386,
 -0.747520 -0.619641 -5.387847 -12.269152 0.165753 -2.591784 2.267298 3.826430,
 -0.260354 -0.207131 0.262147 0.091870 0.293589 0.782478 0.383512 0.334651,
 -0.352884 6.568316 12.202587 3.220464 0.149784 2.289957 -5.970839 -1.136489,
 -0.206311 11.443836 28.086023 9.541466 -0.320505 -2.360846 -15.790432 -1.484452,
 -0.178177 2.056291 8.850290 3.846740 -0.229851 -1.741565 -3.757692 0.935941,
