Low-band skewness and kurtosis
 -0.676017 2.355565,
 -0.639565 2.558045,
 -0.506797 2.182513,
 -0.435660 1.820040,
 -0.389825 1.697835,

High-band variance
 885.362732,

Skewness, kurtosis, variance, mean, maximum and minimum of the reconstructed texture
 -0.765195 2.137745 5849.825684 191.001465 255.000000 1.000000,

Auto-correlations of the low-frequency bands at each scale
 1724.522949 1718.234009 1715.171753 1715.436401 1722.607300 1743.895874 1783.069336 1806.324951 1688.375366 1604.972900 1580.358643 1622.274170 1722.738892 1854.677002 3145.077148 3196.982666 3252.859863 3291.396973 3290.319824 3258.397217 3209.633789 4238.988770 4486.264160 4683.394531 4762.379883 4683.394531 4486.264160 4238.988770 3209.633789 3258.397217 3290.319824 3291.396973 3252.859863 3196.982666 3145.077148 1854.677002 1722.738892 1622.274170 1580.358643 1604.972900 1688.375366 1806.324951 1783.069336 1743.895874 1722.607300 1715.436401 1715.171753 1718.234009 1724.522949,
 1947.049561 1935.401978 1918.629883 1897.756226 1878.210205 1863.905640 1854.176514 1738.422363 1655.806763 1603.826050 1597.139648 1640.939575 1730.246948 1843.436035 2409.253662 2453.148926 2507.488770 2549.553955 2559.968750 2552.716797 2544.380127 3093.386963 3265.182617 3411.412109 3472.419922 3411.412109 3265.182617 3093.386963 2544.380127 2552.716797 2559.968750 2549.553955 2507.488770 2453.148926 2409.253662 1843.436035 1730.246948 1640.939575 1597.139648 1603.826050 1655.806763 1738.422363 1854.176514 1863.905640 1878.210205 1897.756226 1918.629883 1935.401978 1947.049561,
 1580.580444 1581.115356 1583.788818 1587.073242 1593.466797 1602.935913 1614.717896 1773.511475 1755.895142 1746.757690 1745.231201 1753.584106 1776.048462 1807.406494 2179.656006 2201.846436 2233.019287 2251.156250 2240.344971 2217.159424 2196.360107 2451.573242 2524.198975 2596.711914 2630.402832 2596.711914 2524.198975 2451.573242 2196.360107 2217.159424 2240.344971 2251.156250 2233.019287 2201.846436 2179.656006 1807.406494 1776.048462 1753.584106 1745.231201 1746.757690 1755.895142 1773.511475 1614.717896 1602.935913 1593.466797 1587.073242 1583.788818 1581.115356 1580.580444,
 734.095581 743.454407 747.621643 743.626404 735.556824 732.677307 734.139771 1418.751099 1397.297485 1382.774902 1378.591553 1382.197021 1399.578979 1424.171509 1936.492554 1933.678833 1953.212646 1974.125000 1970.593506 1957.022095 1949.880737 2176.283936 2213.295898 2266.286865 2294.698975 2266.286865 2213.295898 2176.283936 1949.880737 1957.022095 1970.593506 1974.125000 1953.212646 1933.678833 1936.492554 1424.171509 1399.578979 1382.197021 1378.591553 1382.774902 1397.297485 1418.751099 734.139771 732.677307 735.556824 743.626404 747.621643 743.454407 734.095581,
 -1436.879883 -1444.606079 -1452.776245 -1452.817505 -1442.192017 -1431.756470 -1429.697998 -101.854630 -105.731110 -103.991646 -96.476471 -89.440773 -87.964706 -91.857758 1427.786621 1432.785522 1445.974976 1457.309692 1454.496704 1442.992065 1433.287842 2120.502441 2133.074463 2152.818848 2163.741943 2152.818848 2133.074463 2120.502441 1433.287842 1442.992065 1454.496704 1457.309692 1445.974976 1432.785522 1427.786621 -91.857758 -87.964706 -89.440773 -96.476471 -103.991646 -105.731110 -101.854630 -1429.697998 -1431.756470 -1442.192017 -1452.817505 -1452.776245 -1444.606079 -1436.879883,

Auto-correlations of the modulus of each oriented sub-band
 2.956482 4.109607 5.102367 5.523403 5.188415 4.287199 3.216283 3.455460 4.733391 5.839033 6.312995 5.932357 4.921442 3.748739 4.493156 6.224413 7.630135 8.160113 7.592930 6.225235 4.596933 4.933474 7.073133 9.085857 9.953314 9.085857 7.073133 4.933474 4.596933 6.225235 7.592930 8.160113 7.630135 6.224413 4.493156 3.748739 4.921442 5.932357 6.312995 5.839033 4.733391 3.455460 3.216283 4.287199 5.188415 5.523403 5.102367 4.109607 2.956482,
 50.558327 53.911526 57.570129 60.237106 61.414810 61.776707 61.655464 65.806030 73.913528 82.110062 86.606728 85.776443 82.137268 77.980591 84.089241 97.442169 111.061081 117.550735 112.830276 102.391693 92.025780 95.136017 109.846558 125.172119 132.561462 125.172119 109.846558 95.136017 92.025780 102.391693 112.830276 117.550735 111.061081 97.442169 84.089241 77.980591 82.137268 85.776443 86.606728 82.110062 73.913528 65.806030 61.655464 61.776707 61.414810 60.237106 57.570129 53.911526 50.558327,
 231.154358 239.031235 248.089584 252.736938 248.744156 239.349808 229.228943 317.584015 345.387329 371.578430 383.531616 372.594299 346.387756 316.811981 408.917023 462.476562 511.468994 533.106812 512.214417 463.194092 408.513824 449.800751 516.598206 577.693176 604.645264 577.693176 516.598206 449.800751 408.513824 463.194092 512.214417 533.106812 511.468994 462.476562 408.917023 316.811981 346.387756 372.594299 383.531616 371.578430 345.387329 317.584015 229.228943 239.349808 248.744156 252.736938 248.089584 239.031235 231.154358,
 46.336197 45.194420 44.256077 42.998856 40.569393 37.361053 34.443443 66.433319 68.208206 70.206848 70.520340 66.515381 59.496063 52.622787 83.328461 90.485771 98.492638 102.461792 96.838448 85.199135 74.020782 86.980118 98.683838 111.598274 118.131660 111.598274 98.683838 86.980118 74.020782 85.199135 96.838448 102.461792 98.492638 90.485771 83.328461 52.622787 59.496063 66.515381 70.520340 70.206848 68.208206 66.433319 34.443443 37.361053 40.569393 42.998856 44.256077 45.194420 46.336197,
 2.882267 3.610489 4.267137 4.531836 4.244194 3.541106 2.735915 3.223704 3.979933 4.659617 4.950470 4.678247 3.950353 3.092525 3.793138 4.994386 6.105158 6.544029 6.033247 4.871684 3.626187 4.165545 5.820941 7.457073 8.185061 7.457073 5.820941 4.165545 3.626187 4.871684 6.033247 6.544029 6.105158 4.994386 3.793138 3.092525 3.950353 4.678247 4.950470 4.659617 3.979933 3.223704 2.735915 3.541106 4.244194 4.531836 4.267137 3.610489 2.882267,
 39.109531 41.826557 44.580009 46.133770 46.025536 44.906635 43.668262 49.496185 55.789581 61.871174 64.479691 62.774357 58.821030 54.520996 59.275459 69.591362 80.210205 84.490326 79.706802 70.783104 62.418877 64.307770 75.619095 88.106400 94.197929 88.106400 75.619095 64.307770 62.418877 70.783104 79.706802 84.490326 80.210205 69.591362 59.275459 54.520996 58.821030 62.774357 64.479691 61.871174 55.789581 49.496185 43.668262 44.906635 46.025536 46.133770 44.580009 41.826557 39.109531,
 133.737762 146.872986 155.912369 156.753723 148.681015 136.686584 125.614502 184.384735 212.716629 234.626465 239.702286 224.108826 197.070358 169.770111 228.310196 273.471283 312.070953 325.446228 303.886322 261.198517 216.273849 241.782410 294.799286 343.377106 364.668427 343.377106 294.799286 241.782410 216.273849 261.198517 303.886322 325.446228 312.070953 273.471283 228.310196 169.770111 197.070358 224.108826 239.702286 234.626465 212.716629 184.384735 125.614502 136.686584 148.681015 156.753723 155.912369 146.872986 133.737762,
 23.769800 23.906416 23.746922 23.422321 22.012939 19.285109 16.191851 33.883545 36.039215 38.473495 40.216103 38.338120 32.797897 26.693651 41.508427 46.992775 54.010300 58.827942 55.509537 46.255295 37.330837 43.075615 51.823479 62.402946 67.985069 62.402946 51.823479 43.075615 37.330837 46.255295 55.509537 58.827942 54.010300 46.992775 41.508427 26.693651 32.797897 38.338120 40.216103 38.473495 36.039215 33.883545 16.191851 19.285109 22.012939 23.422321 23.746922 23.906416 23.769800,
 2.091102 2.346120 2.621768 2.786454 2.711802 2.383991 1.927346 2.443454 2.768230 3.035351 3.110732 2.888628 2.417717 1.850412 2.965113 3.791170 4.573128 4.851336 4.350433 3.306098 2.248332 2.921805 4.252324 5.639812 6.276180 5.639812 4.252324 2.921805 2.248332 3.306098 4.350433 4.851336 4.573128 3.791170 2.965113 1.850412 2.417717 2.888628 3.110732 3.035351 2.768230 2.443454 1.927346 2.383991 2.711802 2.786454 2.621768 2.346120 2.091102,
 4.405885 5.219364 6.282817 7.424686 8.152706 8.202488 7.639278 6.067396 8.116164 11.007125 13.017492 13.225789 12.070359 9.885771 9.962849 14.306916 20.257423 23.369865 21.281193 16.961418 12.707344 13.075691 18.606028 25.718624 29.579210 25.718624 18.606028 13.075691 12.707344 16.961418 21.281193 23.369865 20.257423 14.306916 9.962849 9.885771 12.070359 13.225789 13.017492 11.007125 8.116164 6.067396 7.639278 8.202488 8.152706 7.424686 6.282817 5.219364 4.405885,
 0.167933 4.981022 11.353888 18.420950 23.355394 25.256817 23.613079 12.137026 24.965792 39.868771 51.727863 54.667919 48.813225 37.198059 37.260677 61.419910 86.337181 101.430077 97.871132 79.235062 54.720715 57.068756 87.592140 115.683380 127.992050 115.683380 87.592140 57.068756 54.720715 79.235062 97.871132 101.430077 86.337181 61.419910 37.260677 37.198059 48.813225 54.667919 51.727863 39.868771 24.965792 12.137026 23.613079 25.256817 23.355394 18.420950 11.353888 4.981022 0.167933,
 0.910208 1.243307 1.761885 2.473326 2.445301 1.710012 1.043903 4.282560 5.721112 7.908256 9.922208 9.709260 7.447960 5.204469 8.289408 11.642246 16.521725 20.457653 18.852230 13.572884 9.143507 10.434435 15.391937 22.208523 26.236271 22.208523 15.391937 10.434435 9.143507 13.572884 18.852230 20.457653 16.521725 11.642246 8.289408 5.204469 7.447960 9.709260 9.922208 7.908256 5.721112 4.282560 1.043903 1.710012 2.445301 2.473326 1.761885 1.243307 0.910208,
 0.531170 2.036332 3.358206 3.944233 3.501480 2.211619 0.622095 0.918054 2.279481 3.474050 4.038803 3.720731 2.641528 1.246463 1.844895 3.525660 4.889053 5.361118 4.749637 3.380420 1.836788 2.300369 4.296500 6.080295 6.818230 6.080295 4.296500 2.300369 1.836788 3.380420 4.749637 5.361118 4.889053 3.525660 1.844895 1.246463 2.641528 3.720731 4.038803 3.474050 2.279481 0.918054 0.622095 2.211619 3.501480 3.944233 3.358206 2.036332 0.531170,
 3.472493 5.006349 5.117051 4.574127 4.199757 4.163962 4.410551 5.925608 9.193425 10.461367 9.423245 7.707392 6.377885 5.635458 7.433010 11.842335 15.345816 15.166496 12.054794 8.856081 6.730864 7.560075 11.286412 15.887163 18.231997 15.887163 11.286412 7.560075 6.730864 8.856081 12.054794 15.166496 15.345816 11.842335 7.433010 5.635458 6.377885 7.707392 9.423245 10.461367 9.193425 5.925608 4.410551 4.163962 4.199757 4.574127 5.117051 5.006349 3.472493,
 6.990149 6.944107 6.733676 5.787063 1.424770 -1.825846 -1.150094 8.808804 14.907094 20.877745 22.646368 15.577746 7.239184 3.377431 9.818527 21.381977 34.004303 39.586174 30.583069 16.943584 7.470335 9.738537 22.706875 38.603035 47.337467 38.603035 22.706875 9.738537 7.470335 16.943584 30.583069 39.586174 34.004303 21.381977 9.818527 3.377431 7.239184 15.577746 22.646368 20.877745 14.907094 8.808804 -1.150094 -1.825846 1.424770 5.787063 6.733676 6.944107 6.990149,
 -0.268003 -0.332134 -0.573062 -1.073961 -1.192533 -0.608169 0.167657 1.071767 1.230971 1.134662 1.464102 2.202913 2.375535 1.782523 2.358075 3.154893 4.664592 6.942485 7.296254 5.083821 2.773474 2.910157 4.886248 8.259222 10.439275 8.259222 4.886248 2.910157 2.773474 5.083821 7.296254 6.942485 4.664592 3.154893 2.358075 1.782523 2.375535 2.202913 1.464102 1.134662 1.230971 1.071767 0.167657 -0.608169 -1.192533 -1.073961 -0.573062 -0.332134 -0.268003,

Pairwise cross-correlations of the modulus of all oriented sub-bands at the same scale (size QxQ)
 9.953315 11.346952 8.714350 8.644505,
 11.346952 132.561478 222.986237 59.021126,
 8.714350 222.986237 604.645325 214.374023,
 8.644505 59.021126 214.374023 118.131668,
 8.185060 9.767298 10.644939 7.173970,
 9.767298 94.197937 143.158554 31.121181,
 10.644939 143.158554 364.668457 115.982040,
 7.173970 31.121181 115.982040 67.985077,
 6.276180 4.727543 1.454039 2.149541,
 4.727543 29.579214 44.792339 12.912208,
 1.454039 44.792339 127.992050 43.681202,
 2.149541 12.912208 43.681202 26.236275,
 6.818231 6.226491 1.157436 2.699693,
 6.226491 18.232000 15.790582 6.173263,
 1.157436 15.790582 47.337467 10.854967,
 2.699693 6.173263 10.854967 10.439276,

Cross-correlations of the modulus of all oriented sub-bands with all oriented sub-bands at the coarser scale (size QxQ)
 6.271106 7.461948 3.650665 6.076683,
 11.988297 47.782314 62.609741 15.732482,
 18.187750 73.871315 147.447937 53.874081,
 9.277674 20.565449 54.649300 35.446167,
 4.832619 6.437002 4.967142 3.793906,
 7.255139 21.001251 28.532566 7.063737,
 11.798475 37.531208 64.695724 14.360256,
 6.034652 13.553045 20.598028 9.017491,
 4.082894 5.753866 0.587593 2.205801,
 4.641063 10.475588 7.001993 3.641107,
 0.602806 10.058758 12.132839 4.660931,
 1.636111 4.203999 1.597246 3.175536,

Cross-correlations of the real part of each oriented sub-band with both the real and imaginary part of all phase-doubled oriented sub-bands at the next coarser scale (Q matrices of size 1x2Q, which are computed and stored in a matrix of size Qx2Q)
 -0.960110 -1.821377 -1.350658 -1.682094 0.388992 0.285393 0.140703 -0.266783,
 -1.366948 -29.470078 -23.941666 -4.307407 0.214017 4.749826 6.760511 -0.090662,
 -1.523767 -38.599331 -41.783535 -27.704330 0.129309 6.186998 7.262376 -3.816318,
 -1.144958 -5.978414 -15.126238 -23.041431 0.210527 0.742095 -1.275101 -3.346281,
 0.428426 -0.261344 -0.149589 -0.869102 0.381940 0.113634 0.009424 0.188170,
 -0.004448 -1.469547 -3.291437 -2.642752 0.069270 4.301799 -0.502646 -1.558747,
 -0.372625 -4.401124 -16.341656 -14.390274 -0.160433 5.119429 -7.392266 -4.369347,
 -0.072097 -2.034584 -9.378996 -10.653156 0.120541 0.251158 -3.927143 -1.214967,
 -0.968766 0.483612 0.032979 -0.929609 0.552986 -0.068268 -0.075369 -0.748726,
 -0.089917 -0.016338 -1.633614 -1.270740 0.175379 -1.379771 1.130262 0.770022,
 0.057145 -1.989626 -6.472634 -6.248127 0.213321 -0.486961 9.647652 2.509973,
 -0.515740 -0.400623 -3.216945 -5.647663 0.623512 0.461249 5.256456 -0.046261,
