Low-band skewness and kurtosis
 -0.522694 2.071410,
 -0.338898 2.024605,
 -0.224135 1.944848,
 -0.080193 1.700794,
 0.021018 1.547185,

High-band variance
 980.354004,

Skewness, kurtosis, variance, mean, maximum and minimum of the reconstructed texture
 -0.654459 1.932469 5845.424316 188.390320 255.000000 3.000000,

Auto-correlations of the low-frequency bands at each scale
 1875.897217 1747.241699 1662.023804 1624.028687 1613.791138 1616.189941 1631.887207 1899.956787 1705.890259 1524.359497 1434.842529 1476.809448 1636.336304 1853.242920 2813.217041 2989.513428 3117.618408 3171.276855 3161.270264 3142.809814 3145.121826 3814.040039 4194.471680 4521.349609 4655.525391 4521.349609 4194.471680 3814.040039 3145.121826 3142.809814 3161.270264 3171.276855 3117.618408 2989.513428 2813.217041 1853.242920 1636.336304 1476.809448 1434.842529 1524.359497 1705.890259 1899.956787 1631.887207 1616.189941 1613.791138 1624.028687 1662.023804 1747.241699 1875.897217,
 1720.862915 1664.393066 1643.465942 1655.804688 1680.622192 1699.063232 1710.883179 1800.515991 1691.489990 1595.642578 1560.301270 1601.978271 1708.521729 1841.879517 2302.918213 2394.980713 2458.762939 2475.745117 2450.408936 2429.745850 2440.152100 2787.059814 2998.031982 3194.864502 3279.946533 3194.864502 2998.031982 2787.059814 2440.152100 2429.745850 2450.408936 2475.745117 2458.762939 2394.980713 2302.918213 1841.879517 1708.521729 1601.978271 1560.301270 1595.642578 1691.489990 1800.515991 1710.883179 1699.063232 1680.622192 1655.804688 1643.465942 1664.393066 1720.862915,
 1426.892334 1418.970459 1419.320068 1427.299072 1441.586670 1458.317627 1472.060059 1642.878296 1600.687988 1563.143799 1555.220581 1587.378662 1651.242432 1720.928101 1994.038330 2039.707275 2082.158691 2108.497070 2111.591309 2109.781006 2114.871338 2286.378418 2390.992432 2492.395996 2537.545410 2492.395996 2390.992432 2286.378418 2114.871338 2109.781006 2111.591309 2108.497070 2082.158691 2039.707275 1994.038330 1720.928101 1651.242432 1587.378662 1555.220581 1563.143799 1600.687988 1642.878296 1472.060059 1458.317627 1441.586670 1427.299072 1419.320068 1418.970459 1426.892334,
 757.127563 741.166443 726.673706 718.690125 712.255371 699.755554 681.734131 1243.988159 1202.235962 1175.965576 1176.058594 1198.214355 1232.454956 1269.396851 1698.147095 1729.769409 1771.215820 1810.227661 1834.682129 1849.421753 1862.001343 2037.849121 2102.742920 2163.194824 2189.488037 2163.194824 2102.742920 2037.849121 1862.001343 1849.421753 1834.682129 1810.227661 1771.215820 1729.769409 1698.147095 1269.396851 1232.454956 1198.214355 1176.058594 1175.965576 1202.235962 1243.988159 681.734131 699.755554 712.255371 718.690125 726.673706 741.166443 757.127563,
 -1340.482544 -1344.822510 -1354.592773 -1362.625366 -1363.220459 -1357.807373 -1349.883667 0.432729 -11.449930 -19.517391 -16.237720 -4.512756 6.272722 10.955441 1330.412964 1330.915894 1345.956299 1366.890503 1376.529785 1369.891235 1355.280396 1897.728149 1918.303833 1945.253662 1958.558594 1945.253662 1918.303833 1897.728149 1355.280396 1369.891235 1376.529785 1366.890503 1345.956299 1330.915894 1330.412964 10.955441 6.272722 -4.512756 -16.237720 -19.517391 -11.449930 0.432729 -1349.883667 -1357.807373 -1363.220459 -1362.625366 -1354.592773 -1344.822510 -1340.482544,

Auto-correlations of the modulus of each oriented sub-band
 5.018241 5.688325 6.179863 6.222210 5.711775 4.838139 3.947797 5.769631 6.570692 7.166095 7.246673 6.710347 5.734917 4.638383 6.341921 7.860052 9.155619 9.727024 9.206366 7.733808 5.946959 6.558355 8.987654 11.475789 12.607869 11.475789 8.987654 6.558355 5.946959 7.733808 9.206366 9.727024 9.155619 7.860052 6.341921 4.638383 5.734917 6.710347 7.246673 7.166095 6.570692 5.769631 3.947797 4.838139 5.711775 6.222210 6.179863 5.688325 5.018241,
 62.340378 66.781326 71.417000 75.757095 79.101723 81.353226 82.802917 83.548347 93.262924 102.628868 108.531479 109.621849 107.843536 104.737724 107.490707 123.160553 138.784317 146.360519 141.850601 131.626511 121.111053 122.630875 139.045898 156.295822 164.838562 156.295822 139.045898 122.630875 121.111053 131.626511 141.850601 146.360519 138.784317 123.160553 107.490707 104.737724 107.843536 109.621849 108.531479 102.628868 93.262924 83.548347 82.802917 81.353226 79.101723 75.757095 71.417000 66.781326 62.340378,
 248.905121 259.310913 273.082825 282.829559 283.753113 279.020874 272.520172 311.971313 345.563751 385.044220 406.613312 395.356293 364.704376 334.661255 377.764374 440.275208 512.291016 548.694946 519.127563 452.534973 391.661774 411.388977 487.556885 574.361084 616.776367 574.361084 487.556885 411.388977 391.661774 452.534973 519.127563 548.694946 512.291016 440.275208 377.764374 334.661255 364.704376 395.356293 406.613312 385.044220 345.563751 311.971313 272.520172 279.020874 283.753113 282.829559 273.082825 259.310913 248.905121,
 90.350212 89.631485 87.024239 81.597458 73.574623 65.459595 59.820751 104.066635 110.352188 115.445724 114.604385 104.048492 88.741623 76.544128 111.695908 127.132179 144.271255 151.770859 138.765701 115.053810 95.481064 109.013237 130.491943 156.383469 169.963516 156.383469 130.491943 109.013237 95.481064 115.053810 138.765701 151.770859 144.271255 127.132179 111.695908 76.544128 88.741623 104.048492 114.604385 115.445724 110.352188 104.066635 59.820751 65.459595 73.574623 81.597458 87.024239 89.631485 90.350212,
 4.064727 4.384864 4.548637 4.436977 4.092524 3.648435 3.225414 4.305770 4.806210 5.142196 5.178279 4.869088 4.308018 3.715341 4.691212 5.747456 6.850430 7.417949 7.008492 5.864124 4.653194 5.164070 6.831884 8.695024 9.590427 8.695024 6.831884 5.164070 4.653194 5.864124 7.008492 7.417949 6.850430 5.747456 4.691212 3.715341 4.308018 4.869088 5.178279 5.142196 4.806210 4.305770 3.225414 3.648435 4.092524 4.436977 4.548637 4.384864 4.064727,
 12.193080 13.822198 15.959073 18.100792 20.563112 23.002357 24.421257 21.158613 26.964973 33.033802 36.280201 36.698711 36.263947 34.928322 33.435463 43.962570 55.377117 60.381317 56.378895 49.600418 43.346291 42.882694 53.722000 66.357224 73.059311 66.357224 53.722000 42.882694 43.346291 49.600418 56.378895 60.381317 55.377117 43.962570 33.435463 34.928322 36.263947 36.698711 36.280201 33.033802 26.964973 21.158613 24.421257 23.002357 20.563112 18.100792 15.959073 13.822198 12.193080,
 63.737358 64.618057 70.031075 75.293213 74.187706 68.626572 65.195625 91.201614 109.226311 134.090210 150.320007 144.206390 123.161324 103.945724 126.707428 165.673264 213.169403 240.029785 223.100372 179.631332 140.372070 149.752060 198.797028 255.883789 283.972748 255.883789 198.797028 149.752060 140.372070 179.631332 223.100372 240.029785 213.169403 165.673264 126.707428 103.945724 123.161324 144.206390 150.320007 134.090210 109.226311 91.201614 65.195625 68.626572 74.187706 75.293213 70.031075 64.618057 63.737358,
 42.495487 44.015472 44.459404 42.565811 38.355095 33.231636 29.331699 51.473602 57.407036 62.266956 62.832405 56.745846 46.430038 37.989128 55.639832 66.631386 79.141693 85.300423 77.062286 60.481636 47.178192 53.794853 68.215065 86.540627 96.288361 86.540627 68.215065 53.794853 47.178192 60.481636 77.062286 85.300423 79.141693 66.631386 55.639832 37.989128 46.430038 56.745846 62.832405 62.266956 57.407036 51.473602 29.331699 33.231636 38.355095 42.565811 44.459404 44.015472 42.495487,
 1.538951 1.843754 2.036110 2.061166 1.907262 1.594364 1.264130 1.598832 1.941468 2.174107 2.224603 2.134801 1.914674 1.621640 1.712341 2.417578 3.149822 3.447252 3.125002 2.459441 1.821961 1.912385 2.957900 4.216868 4.843030 4.216868 2.957900 1.912385 1.821961 2.459441 3.125002 3.447252 3.149822 2.417578 1.712341 1.621640 1.914674 2.134801 2.224603 2.174107 1.941468 1.598832 1.264130 1.594364 1.907262 2.061166 2.036110 1.843754 1.538951,
 4.831141 5.379739 6.195926 6.578287 5.983796 4.859791 4.033185 6.661739 10.129249 13.539012 14.571514 12.792401 9.876676 7.369084 8.829246 15.358928 22.505384 25.178238 21.430849 15.154126 9.987332 10.390582 17.614182 26.333845 30.733360 26.333845 17.614182 10.390582 9.987332 15.154126 21.430849 25.178238 22.505384 15.358928 8.829246 7.369084 9.876676 12.792401 14.571514 13.539012 10.129249 6.661739 4.033185 4.859791 5.983796 6.578287 6.195926 5.379739 4.831141,
 13.067049 12.586001 17.089474 21.249937 19.796932 15.655826 15.163582 21.218880 28.426512 42.266708 51.993889 47.821777 35.634384 27.352882 31.856855 49.263103 75.239014 90.720245 80.230774 55.833256 37.481567 39.200722 61.951271 93.363472 109.700287 93.363472 61.951271 39.200722 37.481567 55.833256 80.230774 90.720245 75.239014 49.263103 31.856855 27.352882 35.634384 47.821777 51.993889 42.266708 28.426512 21.218880 15.163582 15.655826 19.796932 21.249937 17.089474 12.586001 13.067049,
 6.328584 6.332023 7.146398 8.892635 10.222495 9.611846 8.464659 9.710311 11.386531 14.095286 17.143982 17.191727 13.715159 10.636392 12.504861 16.756144 23.145607 28.038445 25.499420 18.107565 12.574613 13.406963 19.553177 28.526281 33.627407 28.526281 19.553177 13.406963 12.574613 18.107565 25.499420 28.038445 23.145607 16.756144 12.504861 10.636392 13.715159 17.191727 17.143982 14.095286 11.386531 9.710311 8.464659 9.611846 10.222495 8.892635 7.146398 6.332023 6.328584,
 0.287930 0.559522 0.675723 0.638786 0.533111 0.390327 0.188981 0.269913 0.622689 0.839437 0.798901 0.626490 0.454450 0.284439 0.381306 0.907519 1.458720 1.632717 1.383264 0.988374 0.636488 0.690286 1.315979 2.057790 2.430562 2.057790 1.315979 0.690286 0.636488 0.988374 1.383264 1.632717 1.458720 0.907519 0.381306 0.284439 0.454450 0.626490 0.798901 0.839437 0.622689 0.269913 0.188981 0.390327 0.533111 0.638786 0.675723 0.559522 0.287930,
 2.865751 3.706457 4.230528 3.934156 3.161502 2.440876 1.645480 7.061198 9.491429 11.194788 10.850198 9.055353 7.165345 5.613099 9.630336 13.645146 17.668194 18.355663 15.316769 11.519090 8.822982 10.189411 14.156655 19.362251 22.036722 19.362251 14.156655 10.189411 8.822982 11.519090 15.316769 18.355663 17.668194 13.645146 9.630336 5.613099 7.165345 9.055353 10.850198 11.194788 9.491429 7.061198 1.645480 2.440876 3.161502 3.934156 4.230528 3.706457 2.865751,
 -7.862584 1.305813 9.522591 13.286293 11.589993 6.185030 0.434490 -1.415682 12.162672 25.243914 31.494791 28.340216 18.817644 8.838320 9.122833 26.519880 43.987015 52.249893 46.681236 31.941584 16.940102 17.346281 35.578487 54.054718 62.139076 54.054718 35.578487 17.346281 16.940102 31.941584 46.681236 52.249893 43.987015 26.519880 9.122833 8.838320 18.817644 28.340216 31.494791 25.243914 12.162672 -1.415682 0.434490 6.185030 11.589993 13.286293 9.522591 1.305813 -7.862584,
 -1.324108 1.025738 3.482584 4.319389 2.927241 0.338639 -1.970311 -0.569385 3.603844 8.168740 10.395681 8.627311 4.283114 0.284841 0.814088 6.605131 13.267521 16.943901 14.112385 7.598320 1.923054 2.010888 8.414821 15.991566 19.945086 15.991566 8.414821 2.010888 1.923054 7.598320 14.112385 16.943901 13.267521 6.605131 0.814088 0.284841 4.283114 8.627311 10.395681 8.168740 3.603844 -0.569385 -1.970311 0.338639 2.927241 4.319389 3.482584 1.025738 -1.324108,

Pairwise cross-correlations of the modulus of all oriented sub-bands at the same scale (size QxQ)
 12.607871 13.681393 20.160334 19.385036,
 13.681393 164.838577 252.264267 55.994411,
 20.160334 252.264267 616.776367 217.915588,
 19.385036 55.994411 217.915588 169.963516,
 9.590428 5.421430 13.346019 13.174431,
 5.421430 73.059311 104.193680 16.600094,
 13.346019 104.193680 283.972778 104.947174,
 13.174431 16.600094 104.947174 96.288361,
 4.843030 4.848898 5.702915 4.654313,
 4.848898 30.733364 39.168571 9.166547,
 5.702915 39.168571 109.700287 39.994823,
 4.654313 9.166547 39.994823 33.627411,
 2.430562 2.082911 4.601114 2.370781,
 2.082911 22.036724 24.383627 0.821281,
 4.601114 24.383627 62.139084 22.666298,
 2.370781 0.821281 22.666298 19.945087,

Cross-correlations of the modulus of all oriented sub-bands with all oriented sub-bands at the coarser scale (size QxQ)
 6.864131 6.002695 10.231318 10.595371,
 12.328328 47.220688 61.565323 14.500635,
 25.856785 74.905251 139.341049 61.381180,
 16.921906 19.193972 67.291122 62.678764,
 3.962864 5.354860 6.684266 4.916994,
 4.809184 14.595266 22.244900 9.821193,
 10.738278 21.281942 52.682274 31.140221,
 8.160151 6.712017 21.835255 22.634899,
 1.502784 2.751814 3.479696 -0.367197,
 2.678927 9.423593 10.183346 -0.918032,
 4.031571 13.600605 16.294907 2.484631,
 2.367266 5.003233 10.680324 4.353329,

Cross-correlations of the real part of each oriented sub-band with both the real and imaginary part of all phase-doubled oriented sub-bands at the next coarser scale (Q matrices of size 1x2Q, which are computed and stored in a matrix of size Qx2Q)
 -1.280988 -1.711321 -2.270349 -4.669241 0.985676 0.518314 -0.037708 -0.453611,
 -1.071866 -29.763466 -29.621296 -3.704214 0.194399 4.856477 6.177802 2.279624,
 -3.655576 -40.747204 -54.514919 -31.234959 0.007340 5.361169 12.496156 3.825684,
 -4.383081 -6.839189 -20.229877 -35.501583 0.697151 0.442973 3.289126 -0.548460,
 -0.276729 -0.590303 -0.680481 -1.314562 -0.309488 -0.203133 -0.133522 -0.276194,
 -0.362549 -9.240582 -7.236481 -2.099601 -0.354471 -4.800572 -6.093987 0.067173,
 -1.075584 -12.539432 -15.266315 -12.320270 0.091487 -8.200647 -8.185835 1.467719,
 -1.302637 -2.157684 -6.694042 -11.427607 0.220918 -1.521882 -0.727701 0.469819,
 -0.380407 -0.380332 0.198190 0.151403 -0.701666 -0.440991 -0.355276 0.036210,
 -0.430978 -4.610060 -7.698637 0.146468 -0.502718 -15.328004 -19.490120 -0.345515,
 -0.303726 -9.461043 -14.181112 0.680365 -0.033137 -21.438543 -23.414211 4.774934,
 -0.194579 -2.656587 -1.915300 0.653665 -0.051554 -3.243282 -0.036823 4.196391,
