Low-band skewness and kurtosis
 -0.599404 2.241629,
 -0.525065 2.355917,
 -0.385149 2.134054,
 -0.306437 1.883540,
 -0.261601 1.841080,

High-band variance
 972.283020,

Skewness, kurtosis, variance, mean, maximum and minimum of the reconstructed texture
 -0.707546 2.034166 5903.751953 189.178650 255.000000 1.000000,

Auto-correlations of the low-frequency bands at each scale
 1894.585938 1840.153931 1771.857544 1710.567749 1682.058472 1717.814575 1837.793701 1801.863892 1667.348755 1593.664307 1648.076904 1855.395752 2182.091309 2534.203613 2499.877930 2724.456543 3032.271484 3344.855469 3575.216797 3694.149902 3688.498047 3701.291504 4170.952148 4569.930664 4733.696289 4569.930664 4170.952148 3701.291504 3688.498047 3694.149902 3575.216797 3344.855469 3032.271484 2724.456543 2499.877930 2534.203613 2182.091309 1855.395752 1648.076904 1593.664307 1667.348755 1801.863892 1837.793701 1717.814575 1682.058472 1710.567749 1771.857544 1840.153931 1894.585938,
 1960.427490 1915.917969 1844.243286 1764.270142 1699.924194 1680.099854 1722.603027 1842.670288 1714.310303 1626.019775 1627.892334 1731.034180 1911.529297 2112.603516 2081.218262 2195.028809 2390.465088 2608.612793 2766.635986 2833.619629 2811.473145 2760.423828 3065.447266 3337.124512 3451.396240 3337.124512 3065.447266 2760.423828 2811.473145 2833.619629 2766.635986 2608.612793 2390.465088 2195.028809 2081.218262 2112.603516 1911.529297 1731.034180 1627.892334 1626.019775 1714.310303 1842.670288 1722.603027 1680.099854 1699.924194 1764.270142 1844.243286 1915.917969 1960.427490,
 1604.352417 1647.707031 1675.204224 1670.856201 1629.921997 1579.744141 1552.357300 1806.252686 1779.011597 1750.007935 1739.488892 1754.867310 1807.347290 1886.277588 2001.765747 2048.006836 2133.527832 2224.952637 2272.115723 2276.841309 2256.382568 2270.734375 2421.458984 2571.485352 2639.601807 2571.485352 2421.458984 2270.734375 2256.382568 2276.841309 2272.115723 2224.952637 2133.527832 2048.006836 2001.765747 1886.277588 1807.347290 1754.867310 1739.488892 1750.007935 1779.011597 1806.252686 1552.357300 1579.744141 1629.921997 1670.856201 1675.204224 1647.707031 1604.352417,
 543.945740 573.569336 613.229675 655.921875 676.299133 668.682861 648.703186 1237.011108 1259.299072 1293.789429 1328.894043 1338.369751 1328.875732 1316.929077 1744.597046 1815.903320 1907.311035 1974.172729 1972.985352 1930.577148 1885.677856 2042.413208 2140.719482 2247.283691 2298.779541 2247.283691 2140.719482 2042.413208 1885.677856 1930.577148 1972.985352 1974.172729 1907.311035 1815.903320 1744.597046 1316.929077 1328.875732 1338.369751 1328.894043 1293.789429 1259.299072 1237.011108 648.703186 668.682861 676.299133 655.921875 613.229675 573.569336 543.945740,
 -1270.725342 -1353.319946 -1408.512817 -1383.815186 -1280.356079 -1181.279175 -1154.504639 -238.588104 -282.787201 -260.329742 -180.535110 -101.550018 -72.578041 -98.563499 1164.945801 1197.597656 1303.443359 1401.165039 1399.382080 1322.218750 1246.327637 1870.835205 1957.347290 2095.062256 2168.423828 2095.062256 1957.347290 1870.835205 1246.327637 1322.218750 1399.382080 1401.165039 1303.443359 1197.597656 1164.945801 -98.563499 -72.578041 -101.550018 -180.535110 -260.329742 -282.787201 -238.588104 -1154.504639 -1181.279175 -1280.356079 -1383.815186 -1408.512817 -1353.319946 -1270.725342,

Auto-correlations of the modulus of each oriented sub-band
 5.488091 6.925523 8.239093 8.819082 8.391208 7.276921 6.039513 6.053896 7.577405 8.938070 9.655966 9.393236 8.224081 6.735878 7.364385 9.833036 11.765412 12.273252 11.361384 9.669134 7.739541 7.881234 10.913700 14.143909 15.659796 14.143909 10.913700 7.881234 7.739541 9.669134 11.361384 12.273252 11.765412 9.833036 7.364385 6.735878 8.224081 9.393236 9.655966 8.938070 7.577405 6.053896 6.039513 7.276921 8.391208 8.819082 8.239093 6.925523 5.488091,
 98.776810 107.699333 118.415588 128.655548 136.506897 140.916107 141.709885 122.628860 140.306931 159.194946 173.245148 179.173584 177.943375 171.487839 156.320984 182.721390 209.147568 224.416885 222.290512 208.438675 190.148041 184.394516 211.877960 237.672699 249.294632 237.672699 211.877960 184.394516 190.148041 208.438675 222.290512 224.416885 209.147568 182.721390 156.320984 171.487839 177.943375 179.173584 173.245148 159.194946 140.306931 122.628860 141.709885 140.916107 136.506897 128.655548 118.415588 107.699333 98.776810,
 222.920761 236.970459 251.681732 259.965973 258.091339 249.036804 237.209549 270.157623 307.470734 347.410431 367.747986 356.082794 325.587128 293.918304 324.631073 387.875732 457.768799 492.350647 464.476929 402.253418 343.872955 356.953369 430.418091 512.318481 552.302612 512.318481 430.418091 356.953369 343.872955 402.253418 464.476929 492.350647 457.768799 387.875732 324.631073 293.918304 325.587128 356.082794 367.747986 347.410431 307.470734 270.157623 237.209549 249.036804 258.091339 259.965973 251.681732 236.970459 222.920761,
 55.487675 55.957985 56.375809 55.485321 51.726715 46.855026 43.323757 64.785477 68.073624 73.183746 76.120239 70.551514 60.744553 53.965302 71.160378 78.713600 91.898392 101.086205 92.032776 75.207802 64.689980 71.298203 82.278709 101.440338 113.684990 101.440338 82.278709 71.298203 64.689980 75.207802 92.032776 101.086205 91.898392 78.713600 71.160378 53.965302 60.744553 70.551514 76.120239 73.183746 68.073624 64.785477 43.323757 46.855026 51.726715 55.485321 56.375809 55.957985 55.487675,
 5.116622 6.320612 7.274979 7.519800 6.912378 5.784203 4.685824 5.548754 6.908163 7.959199 8.186275 7.494834 6.235123 4.914701 6.074194 8.134567 9.947528 10.422559 9.242196 7.215498 5.324257 6.153015 8.863815 11.743774 13.087380 11.743774 8.863815 6.153015 5.324257 7.215498 9.242196 10.422559 9.947528 8.134567 6.074194 4.914701 6.235123 7.494834 8.186275 7.959199 6.908163 5.548754 4.685824 5.784203 6.912378 7.519800 7.274979 6.320612 5.116622,
 60.020523 67.296158 74.239830 79.936646 83.629082 84.846664 83.454971 76.051811 90.552055 104.273293 113.032387 115.108452 111.598427 104.249458 96.364998 118.635971 139.668579 150.334396 146.513000 133.076981 116.346169 112.922035 136.673096 158.707840 168.412827 158.707840 136.673096 112.922035 116.346169 133.076981 146.513000 150.334396 139.668579 118.635971 96.364998 104.249458 111.598427 115.108452 113.032387 104.273293 90.552055 76.051811 83.454971 84.846664 83.629082 79.936646 74.239830 67.296158 60.020523,
 109.417221 116.952065 123.262276 126.905746 125.916985 120.991173 114.136215 138.650879 160.720093 184.513336 198.779053 193.551849 172.701660 147.838104 166.679108 209.793686 256.297150 281.426117 265.462433 221.213821 174.512848 181.716461 237.160889 294.542419 321.365204 294.542419 237.160889 181.716461 174.512848 221.213821 265.462433 281.426117 256.297150 209.793686 166.679108 147.838104 172.701660 193.551849 198.779053 184.513336 160.720093 138.650879 114.136215 120.991173 125.916985 126.905746 123.262276 116.952065 109.417221,
 23.786846 24.801857 25.583416 25.367798 23.187092 19.299583 15.621724 29.603424 32.090611 35.140789 37.078766 34.500584 28.042978 22.217911 33.807205 39.123756 46.342979 51.367664 47.158302 37.215828 29.218807 33.789356 41.694557 52.451626 58.659935 52.451626 41.694557 33.789356 29.218807 37.215828 47.158302 51.367664 46.342979 39.123756 33.807205 22.217911 28.042978 34.500584 37.078766 35.140789 32.090611 29.603424 15.621724 19.299583 23.187092 25.367798 25.583416 24.801857 23.786846,
 2.260832 3.624513 4.678611 5.039764 4.621803 3.619447 2.419323 3.033674 4.819075 6.338356 7.046091 6.682212 5.407442 3.699878 4.447577 7.068963 9.401165 10.447685 9.695566 7.579370 5.015697 5.426566 8.628351 11.540396 12.776637 11.540396 8.628351 5.426566 5.015697 7.579370 9.695566 10.447685 9.401165 7.068963 4.447577 3.699878 5.407442 6.682212 7.046091 6.338356 4.819075 3.033674 2.419323 3.619447 4.621803 5.039764 4.678611 3.624513 2.260832,
 17.566772 21.980396 26.645658 30.034273 31.762308 31.666592 29.594681 23.902874 31.789557 39.584507 43.513908 42.764233 39.248867 34.213238 30.524025 41.658546 53.233822 58.271744 53.745083 44.840836 36.141960 34.931030 46.478851 59.240524 65.516655 59.240524 46.478851 34.931030 36.141960 44.840836 53.745083 58.271744 53.233822 41.658546 30.524025 34.213238 39.248867 42.764233 43.513908 39.584507 31.789557 23.902874 29.594681 31.666592 31.762308 30.034273 26.645658 21.980396 17.566772,
 20.892609 24.723385 33.094666 40.925014 41.740593 36.640762 30.073498 30.930889 40.031082 55.901688 66.957573 61.496918 45.775848 32.508633 40.483917 57.716694 83.887917 99.169365 85.828056 58.308086 37.820969 42.641670 65.389671 97.806564 115.406517 97.806564 65.389671 42.641670 37.820969 58.308086 85.828056 99.169365 83.887917 57.716694 40.483917 32.508633 45.775848 61.496918 66.957573 55.901688 40.031082 30.930889 30.073498 36.640762 41.740593 40.925014 33.094666 24.723385 20.892609,
 3.922159 5.100087 6.315567 7.633789 8.375062 7.762276 5.947134 6.816932 8.813433 10.982702 13.327662 14.026022 11.830017 8.456825 9.312580 12.452177 16.650320 20.700043 20.058706 15.029762 10.267529 10.513697 15.031143 21.191250 24.857624 21.191250 15.031143 10.513697 10.267529 15.029762 20.058706 20.700043 16.650320 12.452177 9.312580 8.456825 11.830017 14.026022 13.327662 10.982702 8.813433 6.816932 5.947134 7.762276 8.375062 7.633789 6.315567 5.100087 3.922159,
 0.107357 1.349350 2.434844 2.707867 1.912665 0.498167 -0.911302 1.318601 3.379195 5.203722 5.726761 4.482527 2.129048 -0.291483 2.564410 5.953889 9.037643 10.197952 8.634142 5.233757 1.565313 2.913904 7.119515 10.990381 12.625459 10.990381 7.119515 2.913904 1.565313 5.233757 8.634142 10.197952 9.037643 5.953889 2.564410 -0.291483 2.129048 4.482527 5.726761 5.203722 3.379195 1.318601 -0.911302 0.498167 1.912665 2.707867 2.434844 1.349350 0.107357,
 2.927045 1.852180 0.444805 -0.185899 -0.818326 -2.280734 -3.256762 8.233597 9.713092 8.408473 5.264115 2.460864 0.051339 -2.303135 9.220257 14.230312 17.139536 15.024450 9.683409 4.636597 0.658802 5.422937 11.136415 17.447880 20.630905 17.447880 11.136415 5.422937 0.658802 4.636597 9.683409 15.024450 17.139536 14.230312 9.220257 -2.303135 0.051339 2.460864 5.264115 8.408473 9.713092 8.233597 -3.256762 -2.280734 -0.818326 -0.185899 0.444805 1.852180 2.927045,
 7.035604 7.401294 9.830370 12.837893 11.955902 6.464327 0.285426 11.252875 13.231087 18.213207 22.261009 19.464466 11.646044 4.726447 13.587250 17.791565 25.784410 31.007534 26.416651 16.808811 9.789825 13.175329 19.285240 29.177864 34.798679 29.177864 19.285240 13.175329 9.789825 16.808811 26.416651 31.007534 25.784410 17.791565 13.587250 4.726447 11.646044 19.464466 22.261009 18.213207 13.231087 11.252875 0.285426 6.464327 11.955902 12.837893 9.830370 7.401294 7.035604,
 1.310919 0.840815 0.878242 1.266549 1.254234 0.915493 0.479235 2.418618 2.450547 2.634252 3.130631 3.146388 2.024517 0.738420 3.303369 3.805398 5.090577 6.850150 6.373619 3.681473 1.822189 2.965243 4.308435 7.321071 9.339779 7.321071 4.308435 2.965243 1.822189 3.681473 6.373619 6.850150 5.090577 3.805398 3.303369 0.738420 2.024517 3.146388 3.130631 2.634252 2.450547 2.418618 0.479235 0.915493 1.254234 1.266549 0.878242 0.840815 1.310919,

Pairwise cross-correlations of the modulus of all oriented sub-bands at the same scale (size QxQ)
 15.659796 21.924805 23.744881 14.813420,
 21.924805 249.294647 292.751770 41.550919,
 23.744881 292.751770 552.302673 156.882721,
 14.813420 41.550919 156.882721 113.684982,
 13.087380 17.426079 15.609147 9.050196,
 17.426079 168.412857 182.540573 25.218674,
 15.609147 182.540573 321.365234 77.070663,
 9.050196 25.218674 77.070663 58.659935,
 12.776638 11.255407 8.922234 6.888783,
 11.255407 65.516655 63.916977 11.055986,
 8.922234 63.916977 115.406517 28.553267,
 6.888783 11.055986 28.553267 24.857624,
 12.625458 9.456390 8.195375 6.210661,
 9.456390 20.630905 19.040234 6.027666,
 8.195375 19.040234 34.798683 8.788311,
 6.210661 6.027666 8.788311 9.339779,

Cross-correlations of the modulus of all oriented sub-bands with all oriented sub-bands at the coarser scale (size QxQ)
 9.717162 16.318045 13.123275 8.626567,
 14.811838 89.640945 85.303055 10.907718,
 20.420980 97.215904 141.169907 52.512020,
 12.265282 22.012127 52.533607 44.046318,
 8.743762 9.399085 7.402279 7.246059,
 11.542633 36.585709 27.479374 6.140546,
 13.576488 34.746616 37.032234 12.971073,
 4.745784 4.337362 8.327090 16.496805,
 9.636621 7.622267 6.489588 6.046550,
 8.028271 8.859426 6.901409 9.435704,
 6.306231 9.114218 11.907688 9.466949,
 6.352150 3.339795 3.497394 5.543468,

Cross-correlations of the real part of each oriented sub-band with both the real and imaginary part of all phase-doubled oriented sub-bands at the next coarser scale (Q matrices of size 1x2Q, which are computed and stored in a matrix of size Qx2Q)
 -0.571673 -3.517623 -2.249145 -1.884269 0.224848 0.418441 0.180383 0.532898,
 -3.582403 -32.565533 -20.740463 -5.141808 0.407176 2.693082 3.690378 2.643108,
 -3.639878 -30.638727 -38.499130 -27.718254 0.317597 2.025598 11.628368 8.344091,
 -1.363068 -3.255147 -16.568586 -21.605972 -0.072727 0.241822 4.799989 4.683307,
 -0.158900 -1.054348 -0.815496 -1.195177 0.303972 -0.617159 -0.334706 0.043552,
 -0.623168 -12.522740 -14.533156 -1.535017 0.125071 -5.556040 1.177993 1.192664,
 -0.660028 -16.404945 -26.625832 -10.715010 -0.066752 -5.073360 6.047998 -0.576538,
 -0.412458 -2.773917 -8.554101 -10.503386 0.130460 -0.343988 1.958954 -1.809437,
 1.445002 -0.163098 -0.254468 0.616105 0.652520 0.350769 0.204908 -0.238116,
 0.735600 -3.784272 5.041561 2.459765 0.448090 4.388614 4.370594 1.829353,
 0.114251 -1.863876 17.848301 5.437884 -0.084159 3.630360 7.580961 4.576443,
 0.525225 0.865877 6.846609 1.900217 0.096881 0.175182 1.989014 0.976812,
