Low-band skewness and kurtosis
 -0.601264 2.174954,
 -0.452895 2.094645,
 -0.411002 1.976470,
 -0.414137 1.877149,
 -0.253849 1.567738,

High-band variance
 936.350708,

Skewness, kurtosis, variance, mean, maximum and minimum of the reconstructed texture
 -0.712837 2.017508 5892.386719 189.910278 255.000000 3.000000,

Auto-correlations of the low-frequency bands at each scale
 1851.627808 1821.368042 1795.210571 1772.309814 1757.747192 1764.865845 1802.783569 1992.085205 1816.326660 1691.197266 1655.462646 1719.366699 1868.541504 2059.988770 3069.303223 3149.640137 3246.300781 3325.538818 3347.502930 3318.956543 3259.356445 4000.364746 4350.602051 4637.676270 4753.985352 4637.676270 4350.602051 4000.364746 3259.356445 3318.956543 3347.502930 3325.538818 3246.300781 3149.640137 3069.303223 2059.988770 1868.541504 1719.366699 1655.462646 1691.197266 1816.326660 1992.085205 1802.783569 1764.865845 1757.747192 1772.309814 1795.210571 1821.368042 1851.627808,
 1720.416504 1698.240601 1675.004272 1656.803345 1649.692749 1657.729370 1679.095947 1803.264893 1683.042603 1596.698242 1568.919678 1604.839600 1698.780151 1822.620361 2464.607666 2506.500732 2563.585938 2607.322998 2604.710449 2572.264893 2531.625244 2990.636963 3213.508301 3406.000244 3487.690918 3406.000244 3213.508301 2990.636963 2531.625244 2572.264893 2604.710449 2607.322998 2563.585938 2506.500732 2464.607666 1822.620361 1698.780151 1604.839600 1568.919678 1596.698242 1683.042603 1803.264893 1679.095947 1657.729370 1649.692749 1656.803345 1675.004272 1698.240601 1720.416504,
 1508.139160 1475.997070 1443.265259 1415.319580 1396.149292 1388.263428 1393.948975 1728.655273 1660.969727 1605.959351 1580.216553 1586.097778 1619.215332 1663.686279 2102.245850 2127.933594 2162.831543 2187.742920 2180.280273 2151.702637 2115.920654 2374.832031 2497.553711 2610.056396 2659.516602 2610.056396 2497.553711 2374.832031 2115.920654 2151.702637 2180.280273 2187.742920 2162.831543 2127.933594 2102.245850 1663.686279 1619.215332 1586.097778 1580.216553 1605.959351 1660.969727 1728.655273 1393.948975 1388.263428 1396.149292 1415.319580 1443.265259 1475.997070 1508.139160,
 668.006714 655.364746 646.037231 646.314880 664.251221 697.212280 733.036865 1340.238770 1281.778687 1223.738281 1182.976562 1170.497314 1185.665894 1217.164551 1865.606689 1868.702515 1870.739868 1860.431641 1826.315796 1778.555054 1733.702148 2050.290039 2139.230957 2220.502686 2255.584961 2220.502686 2139.230957 2050.290039 1733.702148 1778.555054 1826.315796 1860.431641 1870.739868 1868.702515 1865.606689 1217.164551 1185.665894 1170.497314 1182.976562 1223.738281 1281.778687 1340.238770 733.036865 697.212280 664.251221 646.314880 646.037231 655.364746 668.006714,
 -1357.032471 -1363.405884 -1368.311768 -1361.587036 -1346.006836 -1338.296021 -1343.758301 -10.695944 -37.620422 -60.561935 -59.154179 -35.905411 -11.336031 1.907898 1355.605591 1358.654663 1363.147705 1365.113647 1355.951660 1342.777222 1340.404419 1906.480225 1938.448730 1982.900879 2005.136597 1982.900879 1938.448730 1906.480225 1340.404419 1342.777222 1355.951660 1365.113647 1363.147705 1358.654663 1355.605591 1.907898 -11.336031 -35.905411 -59.154179 -60.561935 -37.620422 -10.695944 -1343.758301 -1338.296021 -1346.006836 -1361.587036 -1368.311768 -1363.405884 -1357.032471,

Auto-correlations of the modulus of each oriented sub-band
 4.586357 5.778269 6.839021 7.296873 6.954936 6.044653 5.011357 5.267242 6.674685 7.905647 8.477667 8.143575 7.093717 5.824945 6.570336 8.651793 10.406981 11.069042 10.356482 8.717647 6.872583 7.268112 9.892215 12.485123 13.637257 12.485123 9.892215 7.268112 6.872583 8.717647 10.356482 11.069042 10.406981 8.651793 6.570336 5.824945 7.093717 8.143575 8.477667 7.905647 6.674685 5.267242 5.011357 6.044653 6.954936 7.296873 6.839021 5.778269 4.586357,
 56.487309 62.446873 68.846893 73.721573 75.891571 76.492126 76.814957 76.343979 88.039055 99.988846 107.065887 106.801315 102.408119 97.432510 98.040443 115.901802 134.423721 143.633179 137.995651 124.742622 111.765327 112.226868 131.177444 151.337860 161.122986 151.337860 131.177444 112.226868 111.765327 124.742622 137.995651 143.633179 134.423721 115.901802 98.040443 97.432510 102.408119 106.801315 107.065887 99.988846 88.039055 76.343979 76.814957 76.492126 75.891571 73.721573 68.846893 62.446873 56.487309,
 192.323700 207.951248 223.002655 229.790909 222.270844 204.640305 186.671539 258.533264 297.980408 336.875549 354.764984 337.267883 295.927612 253.583801 322.501129 391.732849 461.901276 494.195740 462.331024 390.431946 318.930634 348.545074 433.079620 519.983643 560.277405 519.983643 433.079620 348.545074 318.930634 390.431946 462.331024 494.195740 461.901276 391.732849 322.501129 253.583801 295.927612 337.267883 354.764984 336.875549 297.980408 258.533264 186.671539 204.640305 222.270844 229.790909 223.002655 207.951248 192.323700,
 53.375607 53.157204 52.767395 51.234329 47.769943 43.381401 39.424091 71.876343 74.927681 78.263962 78.954803 73.493698 64.015297 55.171459 85.331306 94.422874 105.408134 111.043365 103.222603 87.518028 73.639702 86.112869 100.401543 117.671371 126.757401 117.671371 100.401543 86.112869 73.639702 87.518028 103.222603 111.043365 105.408134 94.422874 85.331306 55.171459 64.015297 73.493698 78.954803 78.263962 74.927681 71.876343 39.424091 43.381401 47.769943 51.234329 52.767395 53.157204 53.375607,
 3.338583 4.164258 4.966289 5.437099 5.431218 5.043434 4.477188 4.054246 5.201069 6.206644 6.711875 6.615383 6.048125 5.243981 5.252302 7.103438 8.808773 9.541277 8.914898 7.392652 5.795031 5.994873 8.325861 10.759393 11.882783 10.759393 8.325861 5.994873 5.795031 7.392652 8.914898 9.541277 8.808773 7.103438 5.252302 5.243981 6.048125 6.615383 6.711875 6.206644 5.201069 4.054246 4.477188 5.043434 5.431218 5.437099 4.966289 4.164258 3.338583,
 22.801764 26.937138 30.355316 32.730705 34.415207 35.223862 34.847038 32.676235 40.963730 49.405605 53.940552 53.985188 51.606476 47.946079 45.570137 57.828983 71.635330 78.392067 74.334732 65.347672 56.440422 55.486221 68.262787 82.917786 90.349800 82.917786 68.262787 55.486221 56.440422 65.347672 74.334732 78.392067 71.635330 57.828983 45.570137 47.946079 51.606476 53.985188 53.940552 49.405605 40.963730 32.676235 34.847038 35.223862 34.415207 32.730705 30.355316 26.937138 22.801764,
 72.333755 83.902374 97.308098 105.881447 104.739479 97.358963 90.569214 111.575050 137.607758 166.998367 183.086670 174.670944 150.475250 127.624947 150.451599 195.306335 245.544601 270.897369 251.026749 203.866516 160.289429 170.555206 224.407074 284.296631 312.804047 284.296631 224.407074 170.555206 160.289429 203.866516 251.026749 270.897369 245.544601 195.306335 150.451599 127.624947 150.475250 174.670944 183.086670 166.998367 137.607758 111.575050 90.569214 97.358963 104.739479 105.881447 97.308098 83.902374 72.333755,
 29.352137 29.869585 30.649782 30.676525 29.009024 25.776655 22.196180 41.324890 43.787483 46.540073 47.777649 44.742382 38.153656 31.768021 50.095955 56.171246 63.398018 67.576859 62.809067 52.206966 42.906143 50.645538 59.952843 71.337143 77.405579 71.337143 59.952843 50.645538 42.906143 52.206966 62.809067 67.576859 63.398018 56.171246 50.095955 31.768021 38.153656 44.742382 47.777649 46.540073 43.787483 41.324890 22.196180 25.776655 29.009024 30.676525 30.649782 29.869585 29.352137,
 1.624514 2.068317 2.452333 2.567354 2.338027 1.915516 1.536511 1.548733 2.115912 2.681497 2.953701 2.793410 2.316240 1.798592 2.216029 3.461845 4.728201 5.326960 4.884045 3.731862 2.488060 2.866852 4.634973 6.442970 7.265994 6.442970 4.634973 2.866852 2.488060 3.731862 4.884045 5.326960 4.728201 3.461845 2.216029 1.798592 2.316240 2.793410 2.953701 2.681497 2.115912 1.548733 1.536511 1.915516 2.338027 2.567354 2.452333 2.068317 1.624514,
 4.179821 5.436419 6.244445 6.469104 6.570563 6.875652 7.197714 10.065536 13.509362 16.653540 17.366665 15.721399 13.415736 11.279285 15.510913 22.094376 29.333986 31.916716 27.794134 21.154652 15.668122 17.664089 25.316647 34.691597 39.556900 34.691597 25.316647 17.664089 15.668122 21.154652 27.794134 31.916716 29.333986 22.094376 15.510913 11.279285 13.415736 15.721399 17.366665 16.653540 13.509362 10.065536 7.197714 6.875652 6.570563 6.469104 6.244445 5.436419 4.179821,
 18.017477 20.426220 20.290846 18.393066 16.346266 16.941418 19.078508 37.241325 48.978966 57.865807 58.891125 50.228294 39.006248 30.554121 54.758099 79.813889 103.818939 112.270287 96.680267 70.064774 47.079533 58.573483 89.497894 122.941948 139.235596 122.941948 89.497894 58.573483 47.079533 70.064774 96.680267 112.270287 103.818939 79.813889 54.758099 30.554121 39.006248 50.228294 58.891125 57.865807 48.978966 37.241325 19.078508 16.941418 16.346266 18.393066 20.290846 20.426220 18.017477,
 7.621556 6.157707 5.075793 4.610361 4.764415 5.530471 6.636285 12.367537 13.031675 13.937693 14.537025 13.616293 11.362482 9.208626 16.081579 20.515202 25.586851 28.520386 25.899225 19.450089 13.363115 16.440247 23.601980 31.770203 35.910873 31.770203 23.601980 16.440247 13.363115 19.450089 25.899225 28.520386 25.586851 20.515202 16.081579 9.208626 11.362482 13.616293 14.537025 13.937693 13.031675 12.367537 6.636285 5.530471 4.764415 4.610361 5.075793 6.157707 7.621556,
 0.503438 1.058947 1.588437 1.794172 1.540628 1.023434 0.497056 0.682895 1.134925 1.496684 1.559943 1.274945 0.832849 0.467357 0.913968 1.494938 2.093036 2.358963 2.047226 1.399782 0.820711 1.177094 2.158496 3.277689 3.820780 3.277689 2.158496 1.177094 0.820711 1.399782 2.047226 2.358963 2.093036 1.494938 0.913968 0.467357 0.832849 1.274945 1.559943 1.496684 1.134925 0.682895 0.497056 1.023434 1.540628 1.794172 1.588437 1.058947 0.503438,
 1.313423 3.843755 6.174477 7.295110 6.540131 4.004843 0.354593 2.908235 7.804224 11.902688 13.054670 10.873900 6.464237 1.497441 3.690319 10.794479 17.567142 19.752274 15.994522 9.148497 2.542155 3.471333 11.186385 19.312389 23.118198 19.312389 11.186385 3.471333 2.542155 9.148497 15.994522 19.752274 17.567142 10.794479 3.690319 1.497441 6.464237 10.873900 13.054670 11.902688 7.804224 2.908235 0.354593 4.004843 6.540131 7.295110 6.174477 3.843755 1.313423,
 -20.842159 -19.045271 -5.877052 12.699536 25.308788 26.408007 19.988518 -10.506588 -2.071637 17.211351 36.840294 42.851677 33.971958 19.743469 5.171579 23.239027 49.331631 68.095505 64.086533 43.074730 20.390594 17.020191 41.920216 70.172401 83.933044 70.172401 41.920216 17.020191 20.390594 43.074730 64.086533 68.095505 49.331631 23.239027 5.171579 19.743469 33.971958 42.851677 36.840294 17.211351 -2.071637 -10.506588 19.988518 26.408007 25.308788 12.699536 -5.877052 -19.045271 -20.842159,
 3.057817 4.371471 5.802050 6.841459 6.809128 5.616441 4.045020 8.850550 10.361642 12.124379 13.318877 12.641479 10.161349 7.482687 14.379519 17.513969 21.024389 22.986557 21.266703 16.828194 12.387094 15.797779 20.607468 25.742508 28.186216 25.742508 20.607468 15.797779 12.387094 16.828194 21.266703 22.986557 21.024389 17.513969 14.379519 7.482687 10.161349 12.641479 13.318877 12.124379 10.361642 8.850550 4.045020 5.616441 6.809128 6.841459 5.802050 4.371471 3.057817,

Pairwise cross-correlations of the modulus of all oriented sub-bands at the same scale (size QxQ)
 13.637258 15.105648 15.934314 12.882894,
 15.105648 161.123016 229.979691 52.588478,
 15.934314 229.979691 560.277405 195.865479,
 12.882894 52.588478 195.865479 126.757416,
 11.882784 10.177721 7.615938 8.623441,
 10.177721 90.349808 119.294151 27.117582,
 7.615938 119.294151 312.804077 105.550819,
 8.623441 27.117582 105.550819 77.405586,
 7.265995 3.892437 2.639706 6.033671,
 3.892437 39.556908 50.944458 9.253731,
 2.639706 50.944458 139.235596 43.542732,
 6.033671 9.253731 43.542732 35.910877,
 3.820780 4.177290 4.327235 6.447952,
 4.177290 23.118200 25.559326 13.673178,
 4.327235 25.559326 83.933044 33.392040,
 6.447952 13.673178 33.392040 28.186218,

Cross-correlations of the modulus of all oriented sub-bands with all oriented sub-bands at the coarser scale (size QxQ)
 9.194254 10.136987 6.464048 9.194863,
 14.739943 46.050228 49.000633 15.608012,
 20.379326 53.442936 100.148079 47.429302,
 11.570600 13.871046 42.190994 38.830185,
 6.315954 4.452603 0.922355 6.006711,
 6.584987 28.351074 24.074762 6.410148,
 8.452836 39.620518 75.858521 27.318947,
 6.709281 11.952089 29.982546 22.392096,
 3.300254 4.269617 2.338695 6.453447,
 2.901359 9.759070 23.088650 10.821712,
 4.550807 12.104879 40.239639 19.161562,
 4.061915 6.019641 8.747570 10.229216,

Cross-correlations of the real part of each oriented sub-band with both the real and imaginary part of all phase-doubled oriented sub-bands at the next coarser scale (Q matrices of size 1x2Q, which are computed and stored in a matrix of size Qx2Q)
 -1.163352 -2.238093 -1.436826 -1.770228 1.512091 0.382489 -0.017068 -0.347128,
 -1.851661 -27.208384 -30.819765 -12.025665 0.613031 -1.533246 -4.414875 -0.581005,
 -1.653474 -37.696655 -88.909180 -56.030884 0.016567 -4.359019 -7.606720 -0.549908,
 -1.071309 -8.243546 -41.801910 -35.713776 0.611058 -1.125200 -0.974122 0.368260,
 -0.539775 -0.800774 -0.576028 -1.372144 1.283092 1.097697 -0.072241 -0.816417,
 -0.695538 -4.932531 7.633148 1.101482 0.710722 1.259725 -7.096581 -2.902728,
 -0.462657 1.391801 16.318754 -9.995899 0.238298 -5.186887 -31.588724 -17.986654,
 -0.414232 2.299021 0.794409 -12.619127 0.774622 -2.398221 -17.172386 -12.511482,
 -0.555126 -0.081996 0.285763 0.515014 0.967696 -0.141627 -0.134865 -0.518909,
 -0.495839 1.008821 -7.941253 -2.497588 0.403053 -2.926619 -4.723368 -1.600048,
 0.004690 -1.341976 -23.570805 -4.400235 0.085067 -4.085340 -31.322334 -20.121265,
 0.100008 -1.451238 -7.280285 1.318495 0.286664 -1.164439 -19.216398 -16.484184,
