Low-band skewness and kurtosis
 -0.416442 2.050110,
 -0.298946 2.224372,
 -0.033725 2.002769,
 0.333115 2.093863,
 0.351177 1.651504,

High-band variance
 1060.569580,

Skewness, kurtosis, variance, mean, maximum and minimum of the reconstructed texture
 -0.609899 1.931245 5459.320312 188.099121 255.000000 7.000000,

Auto-correlations of the low-frequency bands at each scale
 850.971252 837.398254 823.313110 809.331055 793.775757 778.966492 764.783875 589.559387 568.441833 566.030151 584.036377 619.527222 675.083313 748.772156 2192.511719 2286.683105 2384.988037 2475.006592 2544.814209 2604.966309 2666.476562 3952.881348 4051.394287 4127.955078 4159.314941 4127.955078 4051.394287 3952.881348 2666.476562 2604.966309 2544.814209 2475.006592 2384.988037 2286.683105 2192.511719 748.772156 675.083313 619.527222 584.036377 566.030151 568.441833 589.559387 764.783875 778.966492 793.775757 809.331055 823.313110 837.398254 850.971252,
 1028.482178 1009.270630 990.877197 974.009094 956.240234 938.081665 920.824219 658.585693 655.280334 661.481995 677.006836 698.585144 729.022644 769.426392 1495.239136 1565.492065 1641.614258 1709.020264 1755.636230 1791.105591 1827.081421 2545.588379 2608.560791 2663.957275 2688.023193 2663.957275 2608.560791 2545.588379 1827.081421 1791.105591 1755.636230 1709.020264 1641.614258 1565.492065 1495.239136 769.426392 729.022644 698.585144 677.006836 661.481995 655.280334 658.585693 920.824219 938.081665 956.240234 974.009094 990.877197 1009.270630 1028.482178,
 768.809143 754.722229 737.948303 726.460083 726.750427 734.787537 743.406189 896.216248 889.447998 889.072754 897.794006 914.424316 936.115356 958.851990 1277.141846 1314.074951 1360.322510 1400.652344 1419.857178 1425.714600 1430.597900 1662.825684 1707.427002 1753.040649 1774.580444 1753.040649 1707.427002 1662.825684 1430.597900 1425.714600 1419.857178 1400.652344 1360.322510 1314.074951 1277.141846 958.851990 936.115356 914.424316 897.794006 889.072754 889.447998 896.216248 743.406189 734.787537 726.750427 726.460083 737.948303 754.722229 768.809143,
 404.762543 412.772583 416.793884 415.276428 408.975342 402.684692 398.779938 687.203064 676.553345 666.633301 659.423462 655.849854 659.141479 668.058899 1061.098633 1070.751709 1089.795288 1107.813721 1113.523804 1113.137695 1114.025146 1367.902466 1396.234253 1428.095215 1443.870117 1428.095215 1396.234253 1367.902466 1114.025146 1113.137695 1113.523804 1107.813721 1089.795288 1070.751709 1061.098633 668.058899 659.141479 655.849854 659.423462 666.633301 676.553345 687.203064 398.779938 402.684692 408.975342 415.276428 416.793884 412.772583 404.762543,
 -801.526672 -799.297852 -802.171265 -807.351196 -806.976318 -802.480469 -801.258118 -63.823093 -68.844032 -70.247276 -70.444984 -67.776924 -60.173515 -54.087986 792.930359 791.468628 802.898682 812.810425 810.435669 805.836060 805.667664 1199.234619 1204.225342 1221.727661 1232.999146 1221.727661 1204.225342 1199.234619 805.667664 805.836060 810.435669 812.810425 802.898682 791.468628 792.930359 -54.087986 -60.173515 -67.776924 -70.444984 -70.247276 -68.844032 -63.823093 -801.258118 -802.480469 -806.976318 -807.351196 -802.171265 -799.297852 -801.526672,

Auto-correlations of the modulus of each oriented sub-band
 3.023203 4.283320 5.349961 5.778636 5.355618 4.291771 3.028982 3.120707 4.445773 5.572332 6.026572 5.580770 4.461419 3.138437 3.434784 4.994233 6.342708 6.893248 6.355086 5.013248 3.454615 3.693561 5.450258 6.989224 7.618622 6.989224 5.450258 3.693561 3.454615 5.013248 6.355086 6.893248 6.342708 4.994233 3.434784 3.138437 4.461419 5.580770 6.026572 5.572332 4.445773 3.120707 3.028982 4.291771 5.355618 5.778636 5.349961 4.283320 3.023203,
 41.590134 43.316822 44.739292 45.604439 45.791279 45.621105 45.491821 61.145905 65.136093 68.186424 69.498390 69.339424 68.363251 67.147003 85.479057 91.571663 96.593262 98.519234 97.149551 94.102470 90.482491 99.254822 105.272842 110.508835 112.826645 110.508835 105.272842 99.254822 90.482491 94.102470 97.149551 98.519234 96.593262 91.571663 85.479057 67.147003 68.363251 69.339424 69.498390 68.186424 65.136093 61.145905 45.491821 45.621105 45.791279 45.604439 44.739292 43.316822 41.590134,
 230.925095 237.664703 242.704681 244.550583 242.595734 239.086151 236.493301 346.023834 366.120850 380.930420 387.044678 383.053284 372.239868 359.041229 491.202301 527.357544 554.159363 565.038086 556.756653 533.911865 503.773712 567.531921 609.519043 641.113892 653.390564 641.113892 609.519043 567.531921 503.773712 533.911865 556.756653 565.038086 554.159363 527.357544 491.202301 359.041229 372.239868 383.053284 387.044678 380.930420 366.120850 346.023834 236.493301 239.086151 242.595734 244.550583 242.704681 237.664703 230.925095,
 26.201513 27.609653 28.699448 28.894608 27.986839 26.328297 24.526907 39.606632 43.129364 45.987801 47.183167 45.924873 42.306305 37.741085 55.547260 62.249554 68.034973 70.801620 68.576004 62.036549 54.212276 62.597076 71.483826 79.383011 82.774292 79.383011 71.483826 62.597076 54.212276 62.036549 68.576004 70.801620 68.034973 62.249554 55.547260 37.741085 42.306305 45.924873 47.183167 45.987801 43.129364 39.606632 24.526907 26.328297 27.986839 28.894608 28.699448 27.609653 26.201513,
 2.128681 3.060437 3.869405 4.197683 3.873612 3.063960 2.128747 2.305889 3.259302 4.073045 4.389793 4.045509 3.218398 2.270086 2.697446 3.853470 4.844376 5.233840 4.820219 3.826024 2.689937 3.013358 4.357177 5.532921 6.013113 5.532921 4.357177 3.013358 2.689937 3.826024 4.820219 5.233840 4.844376 3.853470 2.697446 2.270086 3.218398 4.045509 4.389793 4.073045 3.259302 2.305889 2.128747 3.063960 3.873612 4.197683 3.869405 3.060437 2.128681,
 24.478403 25.030682 24.959364 24.270885 23.432375 22.855412 22.536669 34.122826 36.753174 38.704498 38.841240 37.511208 35.855370 34.491280 47.056084 52.148304 56.936142 58.501637 56.084457 52.141087 48.682030 54.446159 60.014988 65.942825 68.791794 65.942825 60.014988 54.446159 48.682030 52.141087 56.084457 58.501637 56.936142 52.148304 47.056084 34.491280 35.855370 37.511208 38.841240 38.704498 36.753174 34.122826 22.536669 22.855412 23.432375 24.270885 24.959364 25.030682 24.478403,
 140.207901 140.536667 139.656799 136.967087 132.209595 126.698296 121.715469 211.984375 220.251282 225.782181 226.447372 221.098648 211.710266 200.861450 299.232788 318.814026 333.555634 339.064941 332.747040 317.586121 298.051270 343.308533 368.467010 387.749084 395.394653 387.749084 368.467010 343.308533 298.051270 317.586121 332.747040 339.064941 333.555634 318.814026 299.232788 200.861450 211.710266 221.098648 226.447372 225.782181 220.251282 211.984375 121.715469 126.698296 132.209595 136.967087 139.656799 140.536667 140.207901,
 16.048124 16.625303 16.758993 16.201017 15.245829 14.172328 13.103042 23.473280 24.844751 26.205673 26.785351 25.728378 23.134138 20.487738 31.810127 34.680614 38.437885 40.869339 39.081646 34.261387 30.005733 35.171719 39.511047 45.217472 48.257378 45.217472 39.511047 35.171719 30.005733 34.261387 39.081646 40.869339 38.437885 34.680614 31.810127 20.487738 23.134138 25.728378 26.785351 26.205673 24.844751 23.473280 13.103042 14.172328 15.245829 16.201017 16.758993 16.625303 16.048124,
 0.877308 1.611905 2.310991 2.622379 2.378582 1.729114 1.020298 0.909454 1.668948 2.401814 2.724427 2.460343 1.782038 1.050344 1.333107 2.382846 3.358282 3.733088 3.276091 2.297487 1.307895 1.691687 3.024863 4.323583 4.890595 4.323583 3.024863 1.691687 1.307895 2.297487 3.276091 3.733088 3.358282 2.382846 1.333107 1.050344 1.782038 2.460343 2.724427 2.401814 1.668948 0.909454 1.020298 1.729114 2.378582 2.622379 2.310991 1.611905 0.877308,
 7.310035 7.700306 8.248533 8.657124 8.510801 7.796668 6.950556 10.402696 11.752544 13.037901 13.296799 12.490126 11.413357 10.541713 18.121994 20.769377 23.755028 24.592396 22.573605 20.006052 18.375538 22.898094 25.709797 29.653067 31.797588 29.653067 25.709797 22.898094 18.375538 20.006052 22.573605 24.592396 23.755028 20.769377 18.121994 10.541713 11.413357 12.490126 13.296799 13.037901 11.752544 10.402696 6.950556 7.796668 8.510801 8.657124 8.248533 7.700306 7.310035,
 12.687031 14.553496 16.751059 17.695906 16.792048 16.287136 17.196938 29.159487 33.002113 37.331394 39.989086 39.372311 37.701210 36.858475 73.722870 81.507858 89.497650 94.115509 92.229172 86.817078 81.410736 105.892097 115.341782 124.531357 128.918488 124.531357 115.341782 105.892097 81.410736 86.817078 92.229172 94.115509 89.497650 81.507858 73.722870 36.858475 37.701210 39.372311 39.989086 37.331394 33.002113 29.159487 17.196938 16.287136 16.792048 17.695906 16.751059 14.553496 12.687031,
 2.663300 3.237450 3.850492 4.612903 5.219021 4.943573 3.730654 3.929989 4.614433 6.224956 8.335115 9.139927 7.748848 5.442460 7.494302 8.993779 12.319117 15.635977 15.306974 11.785371 8.649487 10.128778 12.802936 17.384735 20.123938 17.384735 12.802936 10.128778 8.649487 11.785371 15.306974 15.635977 12.319117 8.993779 7.494302 5.442460 7.748848 9.139927 8.335115 6.224956 4.614433 3.929989 3.730654 4.943573 5.219021 4.612903 3.850492 3.237450 2.663300,
 -0.391204 -0.209196 -0.035707 -0.022852 -0.184432 -0.416542 -0.559120 -0.215042 0.046962 0.333804 0.448758 0.297954 -0.019678 -0.268844 0.231244 0.875855 1.546589 1.857627 1.586253 0.926869 0.276321 0.592923 1.516705 2.451365 2.867532 2.451365 1.516705 0.592923 0.276321 0.926869 1.586253 1.857627 1.546589 0.875855 0.231244 -0.268844 -0.019678 0.297954 0.448758 0.333804 0.046962 -0.215042 -0.559120 -0.416542 -0.184432 -0.022852 -0.035707 -0.209196 -0.391204,
 2.456813 2.818705 3.255190 3.278355 3.120483 2.990338 2.899183 5.700182 6.108352 6.821737 6.832596 6.365861 6.222859 6.230900 8.512416 9.100705 10.404966 10.697569 9.569666 8.859422 8.806388 9.686143 10.094400 11.560477 12.697284 11.560477 10.094400 9.686143 8.806388 8.859422 9.569666 10.697569 10.404966 9.100705 8.512416 6.230900 6.222859 6.365861 6.832596 6.821737 6.108352 5.700182 2.899183 2.990338 3.120483 3.278355 3.255190 2.818705 2.456813,
 8.329809 11.640269 15.289668 16.340698 13.007453 9.111634 6.442039 17.999325 22.359018 28.055403 31.167959 28.255751 23.947519 20.837135 28.300243 34.183846 41.832569 46.513168 43.244259 37.415749 32.761272 35.182632 41.427448 49.206173 53.722305 49.206173 41.427448 35.182632 32.761272 37.415749 43.244259 46.513168 41.832569 34.183846 28.300243 20.837135 23.947519 28.255751 31.167959 28.055403 22.359018 17.999325 6.442039 9.111634 13.007453 16.340698 15.289668 11.640269 8.329809,
 0.805464 0.348300 0.524618 1.176965 1.387504 1.007662 1.029481 1.012629 0.484053 1.416093 3.040298 3.671035 3.064794 2.513419 0.893399 1.209000 3.613312 6.214219 6.159369 3.979351 2.458280 1.467625 2.826803 6.068418 8.033981 6.068418 2.826803 1.467625 2.458280 3.979351 6.159369 6.214219 3.613312 1.209000 0.893399 2.513419 3.064794 3.671035 3.040298 1.416093 0.484053 1.012629 1.029481 1.007662 1.387504 1.176965 0.524618 0.348300 0.805464,

Pairwise cross-correlations of the modulus of all oriented sub-bands at the same scale (size QxQ)
 7.618622 4.424847 -0.324126 4.446195,
 4.424847 112.826683 252.173218 77.151505,
 -0.324126 252.173218 653.390625 209.092514,
 4.446195 77.151505 209.092514 82.774300,
 6.013113 4.571234 2.398346 2.539224,
 4.571234 68.791801 152.827957 46.567982,
 2.398346 152.827957 395.394714 125.007385,
 2.539224 46.567982 125.007385 48.257374,
 4.890595 4.762732 1.974287 3.962353,
 4.762732 31.797586 52.295967 18.617294,
 1.974287 52.295967 128.918503 38.798721,
 3.962353 18.617294 38.798721 20.123938,
 2.867532 -0.190829 -3.823008 1.474911,
 -0.190829 12.697285 21.288998 5.624271,
 -3.823008 21.288998 53.722309 9.779236,
 1.474911 5.624271 9.779236 8.033982,

Cross-correlations of the modulus of all oriented sub-bands with all oriented sub-bands at the coarser scale (size QxQ)
 5.282547 3.660100 -0.091317 2.610946,
 5.715330 22.388697 42.062553 13.682168,
 6.010793 47.973946 111.891426 34.109539,
 4.473880 17.021208 37.186195 14.623941,
 4.037510 5.395113 1.039389 4.198118,
 3.723485 17.010870 30.207447 11.232718,
 2.875096 29.165394 71.706604 21.014158,
 1.554394 9.886992 21.446819 8.628943,
 2.309088 0.852517 -3.482010 2.586668,
 1.842883 7.742571 6.196436 4.819889,
 1.113513 13.686201 23.923855 5.409943,
 1.901216 3.469375 0.599746 4.170931,

Cross-correlations of the real part of each oriented sub-band with both the real and imaginary part of all phase-doubled oriented sub-bands at the next coarser scale (Q matrices of size 1x2Q, which are computed and stored in a matrix of size Qx2Q)
 -0.892254 -0.380217 -0.001949 -0.131199 0.494095 0.118909 0.090447 0.061542,
 -0.428370 -6.696662 -7.665714 -4.755545 0.163536 10.219719 20.129972 3.492750,
 -0.035722 -12.812866 -28.142359 -18.597897 0.005119 21.263380 42.448944 7.967560,
 -0.367109 -3.748055 -12.907660 -8.936214 0.226769 5.503215 11.034084 2.515932,
 -0.437349 -0.207127 -0.178201 -0.196239 -0.275062 -0.288435 0.033891 0.131360,
 -0.252781 -4.548132 -5.859306 -0.590307 -0.101563 -8.103693 -21.536379 -5.235602,
 0.087363 -7.794004 -16.530148 -4.085789 -0.095864 -18.195482 -48.548229 -11.069744,
 -0.201375 -1.960266 -6.856648 -3.015357 -0.231999 -5.166389 -12.903439 -2.288900,
 -0.357507 0.258618 -0.210530 -0.556053 -0.120901 -0.193490 -0.035139 0.042048,
 -0.149041 3.853790 6.821030 1.115669 -0.096814 -11.423476 -22.155842 -4.888821,
 -0.054284 5.969586 9.047065 -1.781594 -0.149441 -23.017879 -49.623898 -10.084413,
 -0.218071 1.188099 -1.050996 -3.838536 -0.217525 -5.917091 -13.665622 -2.203456,
