Low-band skewness and kurtosis
 -0.539169 2.194164,
 -0.348692 2.138630,
 -0.132174 1.586823,
 -0.135120 1.706924,
 0.016912 1.580029,

High-band variance
 1013.371887,

Skewness, kurtosis, variance, mean, maximum and minimum of the reconstructed texture
 -0.630071 1.883974 5624.829590 189.241882 255.000000 5.000000,

Auto-correlations of the low-frequency bands at each scale
 897.254211 913.779236 932.978210 953.622253 972.558411 991.746277 1011.827332 827.450134 778.235779 741.514771 717.205811 701.668091 698.526184 708.339661 2826.853271 2790.460693 2755.864014 2713.298096 2652.951904 2585.625732 2522.362549 4268.244141 4332.402344 4385.256348 4407.936523 4385.256348 4332.402344 4268.244141 2522.362549 2585.625732 2652.951904 2713.298096 2755.864014 2790.460693 2826.853271 708.339661 698.526184 701.668091 717.205811 741.514771 778.235779 827.450134 1011.827332 991.746277 972.558411 953.622253 932.978210 913.779236 897.254211,
 1084.983887 1092.966675 1100.241577 1106.876831 1112.980591 1119.603149 1125.978760 1008.543091 990.206604 977.133301 970.596619 969.578369 975.958435 988.773926 1970.905029 1960.009521 1950.047363 1932.445068 1899.454346 1860.263672 1825.442627 2745.711914 2792.020996 2833.655518 2852.092285 2833.655518 2792.020996 2745.711914 1825.442627 1860.263672 1899.454346 1932.445068 1950.047363 1960.009521 1970.905029 988.773926 975.958435 969.578369 970.596619 977.133301 990.206604 1008.543091 1125.978760 1119.603149 1112.980591 1106.876831 1100.241577 1092.966675 1084.983887,
 1064.236816 1054.789185 1045.133179 1041.997070 1049.950317 1064.158325 1077.288086 1021.359497 1012.011780 1002.958740 998.705872 1002.644775 1014.273010 1029.115845 1535.684570 1546.448364 1555.350098 1553.848633 1537.251465 1515.826294 1499.706299 1967.688965 2003.196045 2038.492188 2054.741699 2038.492188 2003.196045 1967.688965 1499.706299 1515.826294 1537.251465 1553.848633 1555.350098 1546.448364 1535.684570 1029.115845 1014.273010 1002.644775 998.705872 1002.958740 1012.011780 1021.359497 1077.288086 1064.158325 1049.950317 1041.997070 1045.133179 1054.789185 1064.236816,
 519.996399 520.057312 518.889282 518.614014 520.636353 524.301331 527.169373 943.431152 928.362793 912.079773 903.318848 909.017883 926.849731 945.489990 1333.050171 1338.606934 1345.966064 1348.123779 1343.515381 1339.159424 1337.791382 1535.190674 1560.982422 1590.023926 1603.718018 1590.023926 1560.982422 1535.190674 1337.791382 1339.159424 1343.515381 1348.123779 1345.966064 1338.606934 1333.050171 945.489990 926.849731 909.017883 903.318848 912.079773 928.362793 943.431152 527.169373 524.301331 520.636353 518.614014 518.889282 520.057312 519.996399,
 -1005.489502 -1004.278076 -1003.975891 -1005.112732 -1006.574158 -1007.036621 -1006.831177 -32.775887 -33.894840 -33.084320 -32.568119 -32.123672 -30.099392 -28.423517 999.655701 1000.412170 1006.493164 1010.943787 1010.032959 1007.915466 1006.688904 1452.313110 1456.172485 1464.554565 1469.430786 1464.554565 1456.172485 1452.313110 1006.688904 1007.915466 1010.032959 1010.943787 1006.493164 1000.412170 999.655701 -28.423517 -30.099392 -32.123672 -32.568119 -33.084320 -33.894840 -32.775887 -1006.831177 -1007.036621 -1006.574158 -1005.112732 -1003.975891 -1004.278076 -1005.489502,

Auto-correlations of the modulus of each oriented sub-band
 3.049107 4.265224 5.284381 5.691732 5.290961 4.279138 3.068925 3.180090 4.464242 5.541984 5.969206 5.535644 4.456406 3.174874 3.509233 4.999811 6.270212 6.775670 6.253413 4.973795 3.481759 3.725143 5.377618 6.808683 7.390262 6.808683 5.377618 3.725143 3.481759 4.973795 6.253413 6.775670 6.270212 4.999811 3.509233 3.174874 4.456406 5.535644 5.969206 5.541984 4.464242 3.180090 3.068925 4.279138 5.290961 5.691732 5.284381 4.265224 3.049107,
 20.681890 22.184223 23.567596 24.449560 24.529392 23.994846 23.213053 37.390190 40.422375 42.862148 43.888725 43.421452 41.907368 39.873894 58.149204 63.074497 67.157272 68.619530 67.074326 63.792889 59.871349 68.790146 74.239517 79.011024 81.094574 79.011024 74.239517 68.790146 59.871349 63.792889 67.074326 68.619530 67.157272 63.074497 58.149204 39.873894 41.907368 43.421452 43.888725 42.862148 40.422375 37.390190 23.213053 23.994846 24.529392 24.449560 23.567596 22.184223 20.681890,
 191.217361 195.007126 199.440308 202.570572 202.444336 200.178726 197.443558 331.484375 341.739777 350.915161 355.908569 353.793701 346.165070 335.877930 505.397125 525.537231 541.574463 548.903198 543.678467 528.638550 508.234894 590.799683 616.677979 636.365601 644.299011 636.365601 616.677979 590.799683 508.234894 528.638550 543.678467 548.903198 541.574463 525.537231 505.397125 335.877930 346.165070 353.793701 355.908569 350.915161 341.739777 331.484375 197.443558 200.178726 202.444336 202.570572 199.440308 195.007126 191.217361,
 35.045574 35.660851 36.380611 36.736942 36.230526 35.083214 33.843510 55.509628 56.917339 58.198025 58.709156 57.752827 55.531147 52.936935 79.795746 82.783066 85.399727 86.650337 85.252281 81.729599 77.631470 90.555130 94.942375 98.839371 100.605919 98.839371 94.942375 90.555130 77.631470 81.729599 85.252281 86.650337 85.399727 82.783066 79.795746 52.936935 55.531147 57.752827 58.709156 58.198025 56.917339 55.509628 33.843510 35.083214 36.230526 36.736942 36.380611 35.660851 35.045574,
 1.966994 2.994122 3.887388 4.256822 3.914080 3.032757 1.994154 2.091464 3.125060 4.022553 4.392816 4.043781 3.150097 2.096010 2.352626 3.493424 4.486424 4.891440 4.490520 3.491624 2.332887 2.589055 3.880660 5.009783 5.469969 5.009783 3.880660 2.589055 2.332887 3.491624 4.490520 4.891440 4.486424 3.493424 2.352626 2.096010 3.150097 4.043781 4.392816 4.022553 3.125060 2.091464 1.994154 3.032757 3.914080 4.256822 3.887388 2.994122 1.966994,
 10.129055 10.220162 10.358374 10.297646 9.780203 9.212729 8.776905 17.935093 18.770336 19.303083 18.922657 17.821295 16.527630 15.439716 26.991907 29.120880 31.237965 31.302210 29.221760 26.766449 24.824438 30.508333 33.086788 36.340355 38.136505 36.340355 33.086788 30.508333 24.824438 26.766449 29.221760 31.302210 31.237965 29.120880 26.991907 15.439716 16.527630 17.821295 18.922657 19.303083 18.770336 17.935093 8.776905 9.212729 9.780203 10.297646 10.358374 10.220162 10.129055,
 65.179100 64.793159 64.632797 63.347374 60.148529 56.457329 53.405453 133.591934 135.083176 136.090088 134.507843 128.759033 120.738503 112.548599 218.560257 225.661438 230.984634 231.355972 224.291794 212.480499 199.296249 253.093094 266.381287 277.417786 282.169586 277.417786 266.381287 253.093094 199.296249 212.480499 224.291794 231.355972 230.984634 225.661438 218.560257 112.548599 120.738503 128.759033 134.507843 136.090088 135.083176 133.591934 53.405453 56.457329 60.148529 63.347374 64.632797 64.793159 65.179100,
 10.434815 11.103045 11.815464 12.217179 11.985413 11.321451 10.535388 21.057199 21.972460 22.929440 23.546719 23.285564 21.854200 19.610418 33.877014 36.000263 38.392002 40.054146 39.376690 36.175259 32.145584 39.298019 43.241096 47.253315 49.122276 47.253315 43.241096 39.298019 32.145584 36.175259 39.376690 40.054146 38.392002 36.000263 33.877014 19.610418 21.854200 23.285564 23.546719 22.929440 21.972460 21.057199 10.535388 11.321451 11.985413 12.217179 11.815464 11.103045 10.434815,
 0.697172 1.345392 1.946661 2.208249 1.969229 1.349175 0.646663 0.662581 1.295841 1.897803 2.171428 1.945181 1.331610 0.637090 0.865145 1.715371 2.533906 2.920417 2.642430 1.862815 0.986007 1.219779 2.314235 3.331964 3.760527 3.331964 2.314235 1.219779 0.986007 1.862815 2.642430 2.920417 2.533906 1.715371 0.865145 0.637090 1.331610 1.945181 2.171428 1.897803 1.295841 0.662581 0.646663 1.349175 1.969229 2.208249 1.946661 1.345392 0.697172,
 8.277812 9.760800 11.199527 11.765003 11.239793 10.446052 10.093865 16.434044 18.581732 20.682543 21.337822 20.297354 18.767275 17.789928 23.998573 26.769360 29.858072 30.890335 29.097254 26.485882 24.696663 27.330208 29.942280 33.438129 35.281780 33.438129 29.942280 27.330208 24.696663 26.485882 29.097254 30.890335 29.858072 26.769360 23.998573 17.789928 18.767275 20.297354 21.337822 20.682543 18.581732 16.434044 10.093865 10.446052 11.239793 11.765003 11.199527 9.760800 8.277812,
 38.609478 43.478043 47.464420 49.671741 50.760586 52.003479 53.597836 108.553246 116.684326 123.289726 125.942337 124.867043 122.479980 120.187080 176.671249 188.084335 197.844772 201.741028 198.396317 191.307816 183.637344 208.482178 220.220535 230.705078 235.354721 230.705078 220.220535 208.482178 183.637344 191.307816 198.396317 201.741028 197.844772 188.084335 176.671249 120.187080 122.479980 124.867043 125.942337 123.289726 116.684326 108.553246 53.597836 52.003479 50.760586 49.671741 47.464420 43.478043 38.609478,
 2.809151 3.074192 3.943083 5.773825 8.059064 9.712112 10.255892 11.563927 12.895535 15.316150 18.408855 20.571615 20.740345 19.640268 21.396614 24.192020 28.204813 31.801964 32.392792 30.029564 27.096130 27.928139 31.614576 35.945301 38.136787 35.945301 31.614576 27.928139 27.096130 30.029564 32.392792 31.801964 28.204813 24.192020 21.396614 19.640268 20.740345 20.571615 18.408855 15.316150 12.895535 11.563927 10.255892 9.712112 8.059064 5.773825 3.943083 3.074192 2.809151,
 -0.304140 -0.107934 0.119996 0.262811 0.247185 0.104028 -0.064033 -0.089401 0.213356 0.526208 0.698407 0.660875 0.472895 0.249235 0.089420 0.402478 0.730066 0.896829 0.804797 0.536312 0.263851 0.319901 0.775718 1.260971 1.479864 1.260971 0.775718 0.319901 0.263851 0.536312 0.804797 0.896829 0.730066 0.402478 0.089420 0.249235 0.472895 0.660875 0.698407 0.526208 0.213356 -0.089401 -0.064033 0.104028 0.247185 0.262811 0.119996 -0.107934 -0.304140,
 3.033990 4.736305 5.698505 4.909317 2.636990 0.008358 -2.090665 5.856310 8.343682 10.082952 9.620489 6.931243 3.499854 0.522229 7.848618 11.283384 14.197026 14.640627 11.975286 7.962294 4.187487 7.286504 11.283894 15.199488 17.035303 15.199488 11.283894 7.286504 4.187487 7.962294 11.975286 14.640627 14.197026 11.283384 7.848618 0.522229 3.499854 6.931243 9.620489 10.082952 8.343682 5.856310 -2.090665 0.008358 2.636990 4.909317 5.698505 4.736305 3.033990,
 -3.998558 -4.510697 -3.635048 -3.025713 -5.255921 -8.393623 -9.438181 8.874398 9.699864 12.147285 13.497541 10.432479 5.830617 3.548260 25.142586 28.019705 32.785522 35.369415 31.653633 25.547312 21.728401 32.226307 36.516541 42.935188 46.577873 42.935188 36.516541 32.226307 21.728401 25.547312 31.653633 35.369415 32.785522 28.019705 25.142586 3.548260 5.830617 10.432479 13.497541 12.147285 9.699864 8.874398 -9.438181 -8.393623 -5.255921 -3.025713 -3.635048 -4.510697 -3.998558,
 0.247573 -0.118997 -0.550074 -0.475759 -0.181369 -0.136497 -0.107973 2.536087 2.345090 2.603640 3.615990 4.114351 3.500684 2.855406 4.998351 5.316640 6.710682 8.446295 8.271967 6.582610 5.440900 6.283120 7.275342 9.454111 10.849148 9.454111 7.275342 6.283120 5.440900 6.582610 8.271967 8.446295 6.710682 5.316640 4.998351 2.855406 3.500684 4.114351 3.615990 2.603640 2.345090 2.536087 -0.107973 -0.136497 -0.181369 -0.475759 -0.550074 -0.118997 0.247573,

Pairwise cross-correlations of the modulus of all oriented sub-bands at the same scale (size QxQ)
 7.390263 3.612162 -1.878203 3.703440,
 3.612162 81.094574 213.087067 78.719994,
 -1.878203 213.087067 644.299072 239.941528,
 3.703440 78.719994 239.941528 100.605904,
 5.469970 2.555183 2.105651 5.157096,
 2.555183 38.136509 94.825813 34.849541,
 2.105651 94.825813 282.169617 104.247818,
 5.157096 34.849541 104.247818 49.122280,
 3.760528 3.643051 1.012112 3.271307,
 3.643051 35.281784 81.193497 31.190914,
 1.012112 81.193497 235.354706 84.480255,
 3.271307 31.190914 84.480255 38.136791,
 1.479864 2.295710 1.457158 1.685308,
 2.295710 17.035305 19.479733 9.506332,
 1.457158 19.479733 46.577873 18.996574,
 1.685308 9.506332 18.996574 10.849149,

Cross-correlations of the modulus of all oriented sub-bands with all oriented sub-bands at the coarser scale (size QxQ)
 5.341897 2.390437 0.225234 5.484839,
 3.106073 4.799193 6.529606 5.194882,
 1.863040 5.882818 21.794958 8.418019,
 3.874671 2.612823 7.617153 7.954576,
 3.695531 4.037548 -0.874495 3.394035,
 2.024830 11.938000 25.197390 11.778149,
 3.756746 26.547413 66.717140 28.717043,
 3.815005 13.110042 23.076738 13.351084,
 1.529275 4.573878 1.660829 2.055797,
 0.909923 11.012272 15.276691 5.783579,
 -0.387601 15.740653 41.989388 13.638350,
 0.934480 9.620535 16.677544 6.846121,

Cross-correlations of the real part of each oriented sub-band with both the real and imaginary part of all phase-doubled oriented sub-bands at the next coarser scale (Q matrices of size 1x2Q, which are computed and stored in a matrix of size Qx2Q)
 -0.859356 -0.108458 -0.182609 -0.368836 0.424807 0.156589 -0.054186 0.054457,
 -0.370993 -15.104072 -37.945335 -11.924765 0.115495 7.465864 18.088274 6.241784,
 -0.019070 -40.555294 -107.500931 -38.066517 -0.015091 18.388027 45.455826 16.088186,
 -0.454238 -13.826147 -39.586613 -16.230389 0.195200 5.736660 13.798527 5.153152,
 -0.390187 0.042006 -0.102342 -0.171249 -0.080470 0.101334 -0.064827 -0.130596,
 -0.106718 -10.941427 -30.434219 -9.878521 -0.074766 2.058836 6.384344 1.592462,
 -0.014109 -31.163340 -88.620583 -32.574474 0.000417 4.878687 16.019932 -0.657983,
 -0.383637 -11.186078 -32.931717 -14.035591 -0.038099 1.353788 4.150737 -2.818424,
 -0.508460 0.097225 0.064598 -0.821089 -0.294984 0.014097 0.139230 0.534031,
 -0.072034 7.246014 15.274411 3.997247 -0.115117 7.489260 18.090837 3.263485,
 -0.136035 16.553055 44.662697 13.326613 -0.072241 20.186790 45.777115 9.591246,
 -0.663281 5.445120 17.686890 3.876026 -0.252498 7.020592 14.742908 4.785949,
