Low-band skewness and kurtosis
 -0.597791 2.163494,
 -0.454822 2.071588,
 -0.396088 1.895105,
 -0.207988 1.597825,
 -0.095898 1.533418,

High-band variance
 891.371399,

Skewness, kurtosis, variance, mean, maximum and minimum of the reconstructed texture
 -0.708814 2.013192 5960.144531 189.408813 255.000000 3.000000,

Auto-correlations of the low-frequency bands at each scale
 1775.725464 1719.148315 1650.536133 1601.378906 1602.873535 1665.849243 1767.264526 1848.404175 1693.687988 1577.134644 1576.514648 1714.189331 1940.231689 2165.850098 2898.907471 3032.382080 3223.682129 3409.698486 3512.583496 3516.902588 3445.626709 4005.140625 4388.202637 4735.406250 4882.392578 4735.406250 4388.202637 4005.140625 3445.626709 3516.902588 3512.583496 3409.698486 3223.682129 3032.382080 2898.907471 2165.850098 1940.231689 1714.189331 1576.514648 1577.134644 1693.687988 1848.404175 1767.264526 1665.849243 1602.873535 1601.378906 1650.536133 1719.148315 1775.725464,
 1709.144653 1686.369019 1654.304932 1627.951660 1625.024902 1651.765015 1696.108032 1679.965210 1597.963501 1528.906372 1523.172119 1596.739868 1724.120483 1857.486450 2308.684082 2378.373291 2487.595215 2598.906982 2655.607422 2652.849854 2616.584961 2993.079590 3213.658203 3428.001465 3522.775879 3428.001465 3213.658203 2993.079590 2616.584961 2652.849854 2655.607422 2598.906982 2487.595215 2378.373291 2308.684082 1857.486450 1724.120483 1596.739868 1523.172119 1528.906372 1597.963501 1679.965210 1696.108032 1651.765015 1625.024902 1627.951660 1654.304932 1686.369019 1709.144653,
 1432.048462 1428.093018 1430.055420 1436.395630 1450.088379 1478.130615 1516.151733 1578.294678 1554.059570 1540.068726 1551.665527 1592.822632 1659.141357 1729.752930 2002.533081 2048.658447 2114.428711 2173.130859 2193.143066 2184.836670 2167.003906 2369.984375 2485.704834 2602.746338 2656.591064 2602.746338 2485.704834 2369.984375 2167.003906 2184.836670 2193.143066 2173.130859 2114.428711 2048.658447 2002.533081 1729.752930 1659.141357 1592.822632 1551.665527 1540.068726 1554.059570 1578.294678 1516.151733 1478.130615 1450.088379 1436.395630 1430.055420 1428.093018 1432.048462,
 722.996277 725.940674 732.348511 741.432068 745.176514 738.298584 723.575745 1227.660889 1210.092529 1206.945557 1229.355225 1272.105469 1320.514160 1360.322021 1699.477905 1738.965332 1794.211426 1848.953857 1881.757568 1892.307373 1887.775513 2025.399780 2112.434326 2193.697266 2229.456055 2193.697266 2112.434326 2025.399780 1887.775513 1892.307373 1881.757568 1848.953857 1794.211426 1738.965332 1699.477905 1360.322021 1320.514160 1272.105469 1229.355225 1206.945557 1210.092529 1227.660889 723.575745 738.298584 745.176514 741.432068 732.348511 725.940674 722.996277,
 -1342.169434 -1372.325439 -1392.158447 -1387.888916 -1357.446289 -1321.054932 -1304.201660 -40.327850 -63.178650 -58.914001 -25.075901 18.299736 41.043770 30.104048 1285.980835 1295.152222 1340.178955 1395.094971 1418.398438 1396.601685 1351.417603 1870.231567 1918.509399 1979.394165 2008.498535 1979.394165 1918.509399 1870.231567 1351.417603 1396.601685 1418.398438 1395.094971 1340.178955 1295.152222 1285.980835 30.104048 41.043770 18.299736 -25.075901 -58.914001 -63.178650 -40.327850 -1304.201660 -1321.054932 -1357.446289 -1387.888916 -1392.158447 -1372.325439 -1342.169434,

Auto-correlations of the modulus of each oriented sub-band
 5.827609 7.281718 8.635473 9.420723 9.380575 8.643002 7.584085 6.603999 8.312059 9.815282 10.643405 10.513898 9.497377 8.015075 8.189616 10.781069 12.917229 13.643213 12.738850 10.796890 8.562163 8.978191 12.255116 15.459347 16.892553 15.459347 12.255116 8.978191 8.562163 10.796890 12.738850 13.643213 12.917229 10.781069 8.189616 8.015075 9.497377 10.513898 10.643405 9.815282 8.312059 6.603999 7.584085 8.643002 9.380575 9.420723 8.635473 7.281718 5.827609,
 71.003639 78.743134 87.988457 95.662933 99.475090 99.784454 98.430305 89.586670 105.615326 122.639130 133.394104 134.050323 127.453369 118.643890 113.109581 137.961990 163.434494 176.493729 170.260757 152.182297 132.679291 130.766068 157.659103 184.798767 197.266068 184.798767 157.659103 130.766068 132.679291 152.182297 170.260757 176.493729 163.434494 137.961990 113.109581 118.643890 127.453369 134.050323 133.394104 122.639130 105.615326 89.586670 98.430305 99.784454 99.475090 95.662933 87.988457 78.743134 71.003639,
 192.133591 211.085968 235.223938 251.281219 250.500031 237.354553 220.845139 258.913147 299.575958 345.330780 370.496887 358.952972 323.592255 285.398499 330.406342 397.838318 470.527466 506.804749 479.196350 413.346008 347.450043 367.875397 447.886169 531.951904 571.548218 531.951904 447.886169 367.875397 347.450043 413.346008 479.196350 506.804749 470.527466 397.838318 330.406342 285.398499 323.592255 358.952972 370.496887 345.330780 299.575958 258.913147 220.845139 237.354553 250.500031 251.281219 235.223938 211.085968 192.133591,
 63.435917 62.787846 61.620384 58.839985 53.815681 48.264164 43.627468 76.520645 80.148170 84.236618 85.161621 78.712616 67.852455 58.204815 85.328705 95.197632 108.002327 115.030289 106.161659 88.607544 74.201263 84.831268 99.556137 118.887543 129.491272 118.887543 99.556137 84.831268 74.201263 88.607544 106.161659 115.030289 108.002327 95.197632 85.328705 58.204815 67.852455 78.712616 85.161621 84.236618 80.148170 76.520645 43.627468 48.264164 53.815681 58.839985 61.620384 62.787846 63.435917,
 3.369643 4.021663 4.607192 4.954772 4.987533 4.714972 4.225476 3.976198 4.899404 5.669489 6.017253 5.832582 5.196616 4.355953 4.866183 6.580645 8.142914 8.756109 8.045483 6.474524 4.819287 5.443669 7.864100 10.356359 11.502724 10.356359 7.864100 5.443669 4.819287 6.474524 8.045483 8.756109 8.142914 6.580645 4.866183 4.355953 5.196616 5.832582 6.017253 5.669489 4.899404 3.976198 4.225476 4.714972 4.987533 4.954772 4.607192 4.021663 3.369643,
 30.862917 34.133938 38.858059 43.025555 45.035954 45.448063 45.568859 42.064362 51.967979 63.125774 69.260239 67.942566 62.872391 57.799751 56.324875 73.161659 92.315483 101.262787 94.043678 79.746132 67.018745 66.600098 84.845078 106.328766 117.266022 106.328766 84.845078 66.600098 67.018745 79.746132 94.043678 101.262787 92.315483 73.161659 56.324875 57.799751 62.872391 67.942566 69.260239 63.125774 51.967979 42.064362 45.568859 45.448063 45.035954 43.025555 38.858059 34.133938 30.862917,
 87.803459 97.341095 109.523804 118.473969 119.246246 114.188919 108.311790 127.802322 152.127258 178.725998 194.207062 188.300369 168.091980 146.612900 176.563461 219.397217 263.663177 286.196564 269.733917 229.049255 187.505020 202.816849 254.620651 306.944489 331.342529 306.944489 254.620651 202.816849 187.505020 229.049255 269.733917 286.196564 263.663177 219.397217 176.563461 146.612900 168.091980 188.300369 194.207062 178.725998 152.127258 127.802322 108.311790 114.188919 119.246246 118.473969 109.523804 97.341095 87.803459,
 28.942692 29.467684 29.276333 27.862783 24.646656 19.958727 15.893246 35.869545 39.522224 42.856991 44.220963 40.483463 32.328041 24.868687 41.215130 49.019173 58.395119 64.349831 58.992172 46.032349 34.907551 41.305302 52.579544 66.911392 74.714493 66.911392 52.579544 41.305302 34.907551 46.032349 58.992172 64.349831 58.395119 49.019173 41.215130 24.868687 32.328041 40.483463 44.220963 42.856991 39.522224 35.869545 15.893246 19.958727 24.646656 27.862783 29.276333 29.467684 28.942692,
 1.817638 2.104548 2.442503 2.667490 2.663300 2.440709 2.120199 2.401602 2.853672 3.291575 3.514127 3.411538 3.058095 2.620389 3.214295 4.170527 5.140794 5.529233 5.048951 4.085579 3.186574 3.617597 4.996562 6.582417 7.349526 6.582417 4.996562 3.617597 3.186574 4.085579 5.048951 5.529233 5.140794 4.170527 3.214295 2.620389 3.058095 3.411538 3.514127 3.291575 2.853672 2.401602 2.120199 2.440709 2.663300 2.667490 2.442503 2.104548 1.817638,
 9.039356 9.760262 10.713291 11.314983 11.316832 11.284401 12.391329 10.915490 15.267979 20.110281 22.258879 21.113653 18.973412 18.029907 17.320957 25.483721 35.215885 39.426064 34.967602 27.867224 22.933002 22.923185 31.438787 42.767441 48.921738 42.767441 31.438787 22.923185 22.933002 27.867224 34.967602 39.426064 35.215885 25.483721 17.320957 18.029907 18.973412 21.113653 22.258879 20.110281 15.267979 10.915490 12.391329 11.284401 11.316832 11.314983 10.713291 9.760262 9.039356,
 55.259323 55.863083 56.877403 57.845798 58.614571 60.448090 64.212364 68.196014 76.630203 87.449059 94.662079 94.044899 89.152893 85.661987 85.296173 105.560341 129.961243 143.920868 136.959229 117.324852 99.484009 98.629478 124.628975 154.653656 169.155762 154.653656 124.628975 98.629478 99.484009 117.324852 136.959229 143.920868 129.961243 105.560341 85.296173 85.661987 89.152893 94.044899 94.662079 87.449059 76.630203 68.196014 64.212364 60.448090 58.614571 57.845798 56.877403 55.863083 55.259323,
 13.163997 13.376179 12.816890 11.301215 9.399467 7.865606 7.150346 15.134964 16.399242 17.729141 18.483109 16.817482 13.490900 11.127850 16.972712 20.267063 25.401453 29.584221 26.812056 20.132778 15.431111 17.585976 22.665218 30.758842 35.798241 30.758842 22.665218 17.585976 15.431111 20.132778 26.812056 29.584221 25.401453 20.267063 16.972712 11.127850 13.490900 16.817482 18.483109 17.729141 16.399242 15.134964 7.150346 7.865606 9.399467 11.301215 12.816890 13.376179 13.163997,
 0.126957 0.878002 1.458959 1.613942 1.301845 0.741872 0.240550 0.141431 1.054112 1.744299 1.890906 1.470550 0.786928 0.192941 0.126640 1.287854 2.294925 2.581235 2.031319 1.056086 0.192156 0.286651 1.491507 2.810833 3.435723 2.810833 1.491507 0.286651 0.192156 1.056086 2.031319 2.581235 2.294925 1.287854 0.126640 0.192941 0.786928 1.470550 1.890906 1.744299 1.054112 0.141431 0.240550 0.741872 1.301845 1.613942 1.458959 0.878002 0.126957,
 -0.410323 0.237285 1.958650 3.742930 4.995213 5.330812 4.934666 2.227121 5.296415 9.361682 11.910780 12.251191 11.270546 9.684978 6.724046 11.844074 17.991390 21.096275 19.258823 15.499668 11.998557 10.766950 16.000797 22.260460 25.560129 22.260460 16.000797 10.766950 11.998557 15.499668 19.258823 21.096275 17.991390 11.844074 6.724046 9.684978 11.270546 12.251191 11.910780 9.361682 5.296415 2.227121 4.934666 5.330812 4.995213 3.742930 1.958650 0.237285 -0.410323,
 6.243056 8.563103 11.371140 13.823359 13.321661 11.913845 12.478612 18.267380 28.732914 39.043644 43.910442 38.889523 29.887955 23.589005 28.283400 45.962002 64.053551 72.256012 63.000748 45.760014 31.336767 33.187889 52.586861 73.904739 84.446251 73.904739 52.586861 33.187889 31.336767 45.760014 63.000748 72.256012 64.053551 45.962002 28.283400 23.589005 29.887955 38.889523 43.910442 39.043644 28.732914 18.267380 12.478612 11.913845 13.321661 13.823359 11.371140 8.563103 6.243056,
 0.032940 1.386350 3.215231 4.625632 4.113782 2.366897 0.594798 2.177771 4.585349 7.239030 9.211157 8.433782 5.602898 2.512249 3.908362 7.405282 11.430191 14.370530 12.812840 8.404778 4.143267 4.659068 9.020676 14.101814 17.031719 14.101814 9.020676 4.659068 4.143267 8.404778 12.812840 14.370530 11.430191 7.405282 3.908362 2.512249 5.602898 8.433782 9.211157 7.239030 4.585349 2.177771 0.594798 2.366897 4.113782 4.625632 3.215231 1.386350 0.032940,

Pairwise cross-correlations of the modulus of all oriented sub-bands at the same scale (size QxQ)
 16.892555 22.585545 12.668311 11.386405,
 22.585545 197.266129 234.247131 41.622234,
 12.668311 234.247131 571.548279 188.098526,
 11.386405 41.622234 188.098526 129.491272,
 11.502725 12.746169 9.732306 7.085184,
 12.746169 117.266037 134.041885 15.252296,
 9.732306 134.041885 331.342560 99.676163,
 7.085184 15.252296 99.676163 74.714508,
 7.349527 8.265924 10.644030 5.665008,
 8.265924 48.921738 62.060108 12.978708,
 10.644030 62.060108 169.155792 54.777645,
 5.665008 12.978708 54.777645 35.798244,
 3.435723 -0.248459 0.267250 1.402375,
 -0.248459 25.560131 31.294914 4.802298,
 0.267250 31.294914 84.446259 25.910187,
 1.402375 4.802298 25.910187 17.031719,

Cross-correlations of the modulus of all oriented sub-bands with all oriented sub-bands at the coarser scale (size QxQ)
 9.288517 11.553041 3.739224 5.876727,
 17.943171 61.962933 58.243008 5.670605,
 18.143219 60.627304 140.031342 52.978439,
 10.299353 6.951751 52.138687 46.024269,
 5.040801 7.899871 6.104115 3.167804,
 7.147996 23.568325 22.917059 3.636819,
 8.758916 34.777279 74.561081 28.815350,
 5.410081 9.662438 31.427610 21.833990,
 2.500808 4.341291 7.511014 2.658649,
 1.313843 14.476012 22.289499 5.416374,
 -0.550803 19.029106 50.708523 16.903471,
 1.177009 5.566707 17.535664 9.979552,

Cross-correlations of the real part of each oriented sub-band with both the real and imaginary part of all phase-doubled oriented sub-bands at the next coarser scale (Q matrices of size 1x2Q, which are computed and stored in a matrix of size Qx2Q)
 -3.256984 -4.838969 -2.822691 -3.727845 1.390488 0.816441 0.226490 -0.194282,
 -6.394677 -36.941124 -51.822853 -11.216542 0.778123 4.260122 -8.048004 -1.802480,
 -4.493128 -45.801308 -114.721870 -44.306854 0.175157 -1.431244 -22.480194 -0.598998,
 -3.119784 -9.528207 -42.899578 -31.784166 0.592299 -2.112983 -6.491886 1.876846,
 -0.226014 -1.939224 -0.830497 -1.738881 0.718235 0.354950 0.140100 -0.091340,
 -1.539904 -5.734735 1.595078 -0.452584 0.213804 -3.185520 -6.335526 -1.890501,
 -1.509033 1.633982 4.453043 -8.148957 -0.176931 -8.387423 -14.496192 -2.079220,
 -1.068977 2.285722 -1.146316 -10.372409 0.144996 -1.928158 -3.064899 0.503036,
 -0.313659 -1.044309 -0.322627 -1.071168 0.266209 0.108498 1.231118 -0.154700,
 -0.629085 -7.634491 -2.330068 0.062216 -0.174387 16.139866 28.495087 4.138095,
 -0.408859 -7.193706 -1.071635 -0.990293 -0.022479 28.460716 58.241196 13.266068,
 -0.440364 -0.562390 0.886413 -3.057126 0.327636 6.894535 19.009649 6.046176,
