Low-band skewness and kurtosis
 -0.510358 2.069665,
 -0.399011 2.094016,
 -0.232628 1.991045,
 -0.094790 1.831998,
 -0.102025 1.942633,

High-band variance
 1018.331116,

Skewness, kurtosis, variance, mean, maximum and minimum of the reconstructed texture
 -0.655895 1.947727 5962.012207 187.174622 255.000000 3.000000,

Auto-correlations of the low-frequency bands at each scale
 1862.114624 1695.691895 1584.625366 1551.696411 1594.669312 1697.291992 1829.490845 2316.041260 2055.312500 1789.167480 1659.982422 1729.715820 1943.868652 2173.723877 3137.816650 3295.544922 3394.509277 3393.633301 3273.695801 3088.769531 2901.834717 3493.677246 4034.344727 4534.223633 4745.694336 4534.223633 4034.344727 3493.677246 2901.834717 3088.769531 3273.695801 3393.633301 3394.509277 3295.544922 3137.816650 2173.723877 1943.868652 1729.715820 1659.982422 1789.167480 2055.312500 2316.041260 1829.490845 1697.291992 1594.669312 1551.696411 1584.625366 1695.691895 1862.114624,
 1732.928711 1615.752563 1531.949951 1494.442627 1501.676514 1549.619019 1625.864746 1897.433472 1698.928711 1505.697388 1414.268433 1463.952026 1621.785645 1800.954224 2375.350098 2487.549316 2564.079346 2571.730957 2498.141357 2391.083496 2292.196289 2642.198242 3005.808594 3349.107422 3496.733887 3349.107422 3005.808594 2642.198242 2292.196289 2391.083496 2498.141357 2571.730957 2564.079346 2487.549316 2375.350098 1800.954224 1621.785645 1463.952026 1414.268433 1505.697388 1698.928711 1897.433472 1625.864746 1549.619019 1501.676514 1494.442627 1531.949951 1615.752563 1732.928711,
 1274.875977 1241.907715 1240.392334 1258.565063 1279.606445 1304.046631 1332.955322 1624.848755 1556.900024 1496.087402 1483.357544 1522.754395 1589.514771 1635.760620 2014.204102 2074.336914 2115.632812 2116.433105 2061.701660 1981.270264 1898.726318 2113.065430 2298.911621 2484.702148 2568.194824 2484.702148 2298.911621 2113.065430 1898.726318 1981.270264 2061.701660 2116.433105 2115.632812 2074.336914 2014.204102 1635.760620 1589.514771 1522.754395 1483.357544 1496.087402 1556.900024 1624.848755 1332.955322 1304.046631 1279.606445 1258.565063 1240.392334 1241.907715 1274.875977,
 680.751526 657.062439 609.519714 540.748596 477.460510 449.130707 454.811432 1150.333862 1122.371826 1080.405640 1047.392456 1038.736938 1053.834717 1065.527466 1605.343018 1658.513672 1713.896118 1742.307007 1711.187378 1631.960205 1535.917480 1783.286865 1942.097290 2098.247070 2167.010498 2098.247070 1942.097290 1783.286865 1535.917480 1631.960205 1711.187378 1742.307007 1713.896118 1658.513672 1605.343018 1065.527466 1053.834717 1038.736938 1047.392456 1080.405640 1122.371826 1150.333862 454.811432 449.130707 477.460510 540.748596 609.519714 657.062439 680.751526,
 -1033.617188 -1046.500000 -1126.791016 -1224.819336 -1252.703125 -1197.852295 -1122.380371 81.196556 66.784042 -15.594704 -134.967331 -202.446106 -161.505646 -55.712196 1121.965942 1202.895630 1261.507446 1233.812256 1129.301636 1039.695435 1022.716614 1505.978516 1639.542358 1811.103149 1893.763794 1811.103149 1639.542358 1505.978516 1022.716614 1039.695435 1129.301636 1233.812256 1261.507446 1202.895630 1121.965942 -55.712196 -161.505646 -202.446106 -134.967331 -15.594704 66.784042 81.196556 -1122.380371 -1197.852295 -1252.703125 -1224.819336 -1126.791016 -1046.500000 -1033.617188,

Auto-correlations of the modulus of each oriented sub-band
 7.710277 8.504539 9.276852 9.650385 9.428162 8.732819 7.909503 8.369831 9.386758 10.219269 10.572161 10.336132 9.522578 8.401642 9.444326 11.477893 13.336829 14.250071 13.678432 11.888854 9.758844 10.292158 13.513244 17.117329 18.869041 17.117329 13.513244 10.292158 9.758844 11.888854 13.678432 14.250071 13.336829 11.477893 9.444326 8.401642 9.522578 10.336132 10.572161 10.219269 9.386758 8.369831 7.909503 8.732819 9.428162 9.650385 9.276852 8.504539 7.710277,
 80.762772 86.823097 95.007439 102.835434 107.427162 108.379005 106.759949 94.301102 108.142609 124.593094 135.683441 136.254868 129.584366 120.450912 111.411102 133.699387 159.412476 173.352722 165.725372 146.871872 128.218033 124.876541 149.523727 177.484512 191.705322 177.484512 149.523727 124.876541 128.218033 146.871872 165.725372 173.352722 159.412476 133.699387 111.411102 120.450912 129.584366 136.254868 135.683441 124.593094 108.142609 94.301102 106.759949 108.379005 107.427162 102.835434 95.007439 86.823097 80.762772,
 200.426010 209.969727 223.841583 231.413223 225.621613 210.444427 193.398911 231.658051 264.498962 309.174652 332.811188 311.895905 266.941833 227.579010 262.217712 321.636292 402.918579 446.529724 405.486511 324.428894 261.260071 275.703491 348.520203 447.294159 500.516602 447.294159 348.520203 275.703491 261.260071 324.428894 405.486511 446.529724 402.918579 321.636292 262.217712 227.579010 266.941833 311.895905 332.811188 309.174652 264.498962 231.658051 193.398911 210.444427 225.621613 231.413223 223.841583 209.969727 200.426010,
 126.373650 127.096588 124.882561 119.296844 111.232399 102.979004 96.187355 145.575317 154.871658 160.602997 158.791565 147.142242 130.616776 116.197205 156.624268 177.253906 196.850204 203.884766 189.051590 162.270508 138.429657 154.146164 181.418961 211.208649 225.929550 211.208649 181.418961 154.146164 138.429657 162.270508 189.051590 203.884766 196.850204 177.253906 156.624268 116.197205 130.616776 147.142242 158.791565 160.602997 154.871658 145.575317 96.187355 102.979004 111.232399 119.296844 124.882561 127.096588 126.373650,
 4.732837 5.520623 6.248226 6.565816 6.404581 5.910718 5.314722 5.485164 6.154132 6.740028 7.094171 7.093536 6.628695 5.865299 6.125051 7.345171 8.937626 10.003586 9.640665 8.038619 6.262799 6.549765 9.009155 12.061962 13.597020 12.061962 9.009155 6.549765 6.262799 8.038619 9.640665 10.003586 8.937626 7.345171 6.125051 5.865299 6.628695 7.093536 7.094171 6.740028 6.154132 5.485164 5.314722 5.910718 6.404581 6.565816 6.248226 5.520623 4.732837,
 56.139732 63.775795 71.299759 76.914055 79.482071 78.645348 75.218544 67.334778 79.808479 92.583336 99.448364 98.381538 92.174309 83.607346 78.097061 95.621796 114.877754 123.924332 116.875099 102.315842 87.738235 85.738892 104.277206 125.139015 135.721878 125.139015 104.277206 85.738892 87.738235 102.315842 116.875099 123.924332 114.877754 95.621796 78.097061 83.607346 92.174309 98.381538 99.448364 92.583336 79.808479 67.334778 75.218544 78.645348 79.482071 76.914055 71.299759 63.775795 56.139732,
 86.314056 104.542412 121.433357 129.583557 124.843529 113.294487 105.414520 109.755661 145.572388 183.375458 200.825241 183.497437 148.468567 122.457565 132.215668 186.031403 249.732193 280.670868 248.676956 186.125336 138.454376 143.417786 203.300995 279.514404 318.873444 279.514404 203.300995 143.417786 138.454376 186.125336 248.676956 280.670868 249.732193 186.031403 132.215668 122.457565 148.468567 183.497437 200.825241 183.375458 145.572388 109.755661 105.414520 113.294487 124.843529 129.583557 121.433357 104.542412 86.314056,
 74.538651 76.132095 74.630226 70.624489 65.189430 59.918026 56.032318 84.487122 93.838577 99.451675 98.116928 88.926300 76.210068 65.991028 91.016815 108.536697 124.638123 130.089783 118.478058 97.651688 79.694260 89.860352 111.293137 134.621353 145.920380 134.621353 111.293137 89.860352 79.694260 97.651688 118.478058 130.089783 124.638123 108.536697 91.016815 65.991028 76.210068 88.926300 98.116928 99.451675 93.838577 84.487122 56.032318 59.918026 65.189430 70.624489 74.630226 76.132095 74.538651,
 1.381288 2.160243 2.979319 3.483964 3.395678 2.807727 2.039262 1.768423 2.621456 3.546672 4.097874 3.969043 3.253390 2.308501 2.559904 4.070615 5.637049 6.394851 5.809840 4.259943 2.555102 2.980625 5.207411 7.564369 8.661487 7.564369 5.207411 2.980625 2.555102 4.259943 5.809840 6.394851 5.637049 4.070615 2.559904 2.308501 3.253390 3.969043 4.097874 3.546672 2.621456 1.768423 2.039262 2.807727 3.395678 3.483964 2.979319 2.160243 1.381288,
 2.979228 7.473287 12.551884 17.735613 22.856388 26.838970 29.286743 9.668127 17.539509 25.934731 31.708630 35.069092 36.585896 35.826279 19.213987 30.439999 43.031555 49.408909 47.426933 42.104069 36.187874 29.447159 40.182526 52.483204 58.866531 52.483204 40.182526 29.447159 36.187874 42.104069 47.426933 49.408909 43.031555 30.439999 19.213987 35.826279 36.585896 35.069092 31.708630 25.934731 17.539509 9.668127 29.286743 26.838970 22.856388 17.735613 12.551884 7.473287 2.979228,
 -3.697667 2.715039 8.424527 10.999593 12.266921 16.411419 23.778461 11.129433 26.810936 43.605263 49.739197 43.138451 35.607040 35.681774 27.952126 53.723091 86.193275 101.004921 85.406273 58.778831 42.928642 40.309731 68.189835 107.351700 128.051804 107.351700 68.189835 40.309731 42.928642 58.778831 85.406273 101.004921 86.193275 53.723091 27.952126 35.681774 35.607040 43.138451 49.739197 43.605263 26.810936 11.129433 23.778461 16.411419 12.266921 10.999593 8.424527 2.715039 -3.697667,
 27.426796 26.894211 24.911186 21.473024 17.462585 13.487736 9.583278 32.041958 36.710983 39.104748 36.948708 30.497509 22.236881 15.532207 33.760254 43.922169 53.919346 56.992504 48.716106 34.573437 23.367027 30.701801 43.789124 59.613716 67.622330 59.613716 43.789124 30.701801 23.367027 34.573437 48.716106 56.992504 53.919346 43.922169 33.760254 15.532207 22.236881 30.497509 36.948708 39.104748 36.710983 32.041958 9.583278 13.487736 17.462585 21.473024 24.911186 26.894211 27.426796,
 -0.040193 0.957423 1.829595 2.277544 2.050704 1.178623 0.064562 0.253715 1.216861 1.986695 2.334093 2.105768 1.238920 0.039179 1.025078 2.518210 3.878998 4.372846 3.720919 2.284878 0.621589 1.468485 3.559237 5.609396 6.543883 5.609396 3.559237 1.468485 0.621589 2.284878 3.720919 4.372846 3.878998 2.518210 1.025078 0.039179 1.238920 2.105768 2.334093 1.986695 1.216861 0.253715 0.064562 1.178623 2.050704 2.277544 1.829595 0.957423 -0.040193,
 -10.354548 -4.500422 2.743241 6.822822 6.413684 3.916121 3.045022 -5.730655 3.140635 13.600693 18.908897 17.409134 12.141863 7.398503 1.012402 12.129827 25.354870 31.554377 26.964706 17.710133 9.233456 6.873635 17.794147 30.701099 37.510181 30.701099 17.794147 6.873635 9.233456 17.710133 26.964706 31.554377 25.354870 12.129827 1.012402 7.398503 12.141863 17.409134 18.908897 13.600693 3.140635 -5.730655 3.045022 3.916121 6.413684 6.822822 2.743241 -4.500422 -10.354548,
 1.629568 11.553121 19.447807 16.915497 3.605292 -13.217538 -25.174780 4.376806 19.716465 34.515797 35.639465 19.640604 -2.940876 -19.984606 4.163280 24.910843 47.972183 55.679832 38.749039 11.110714 -10.639921 -1.192636 22.222963 50.581493 64.779991 50.581493 22.222963 -1.192636 -10.639921 11.110714 38.749039 55.679832 47.972183 24.910843 4.163280 -19.984606 -2.940876 19.640604 35.639465 34.515797 19.716465 4.376806 -25.174780 -13.217538 3.605292 16.915497 19.447807 11.553121 1.629568,
 -3.781885 -1.719142 -0.200676 0.057909 -0.935595 -3.245235 -5.479561 0.333683 3.060177 5.932588 8.305319 8.352980 4.926412 1.033005 5.172725 9.607196 15.614079 20.453564 19.255245 12.883622 6.716598 8.097517 14.515030 22.611988 26.916176 22.611988 14.515030 8.097517 6.716598 12.883622 19.255245 20.453564 15.614079 9.607196 5.172725 1.033005 4.926412 8.352980 8.305319 5.932588 3.060177 0.333683 -5.479561 -3.245235 -0.935595 0.057909 -0.200676 -1.719142 -3.781885,

Pairwise cross-correlations of the modulus of all oriented sub-bands at the same scale (size QxQ)
 18.869041 26.401056 32.326626 27.830872,
 26.401056 191.705322 191.778244 28.962660,
 32.326626 191.778244 500.516602 224.464539,
 27.830872 28.962660 224.464539 225.929565,
 13.597021 15.450888 20.681469 18.868046,
 15.450888 135.721909 127.737305 11.656356,
 20.681469 127.737305 318.873474 130.021927,
 18.868046 11.656356 130.021927 145.920380,
 8.661486 7.717046 10.611002 7.286553,
 7.717046 58.866539 46.164268 2.616821,
 10.611002 46.164268 128.051819 61.598885,
 7.286553 2.616821 61.598885 67.622337,
 6.543883 0.424916 1.742365 4.743890,
 0.424916 37.510185 28.371683 -3.856162,
 1.742365 28.371683 64.779991 17.407337,
 4.743890 -3.856162 17.407337 26.916176,

Cross-correlations of the modulus of all oriented sub-bands with all oriented sub-bands at the coarser scale (size QxQ)
 9.810126 11.479770 14.172581 15.828122,
 19.117212 77.008705 69.714684 15.792694,
 28.554745 64.619545 122.831764 75.751595,
 20.609447 -0.969986 57.385986 84.570358,
 6.533275 5.232458 8.947676 7.012986,
 11.597268 42.877018 26.928585 -0.339599,
 17.795879 30.147234 57.351227 36.354416,
 10.433418 -5.853226 35.217129 45.980576,
 4.014207 0.081643 1.369655 2.964158,
 1.983084 27.953449 13.478085 -6.135859,
 4.875295 10.744023 14.272473 7.374000,
 4.247668 -10.257664 -3.727776 8.634657,

Cross-correlations of the real part of each oriented sub-band with both the real and imaginary part of all phase-doubled oriented sub-bands at the next coarser scale (Q matrices of size 1x2Q, which are computed and stored in a matrix of size Qx2Q)
 -1.497025 -3.251034 -1.231415 -2.519547 0.725265 0.577187 0.146061 -0.032313,
 -3.318099 -32.779896 -24.998243 -4.083822 0.639326 2.975918 -2.119585 0.101414,
 -3.499291 -39.485466 -42.734802 -19.704521 0.239227 1.341668 5.157474 3.585067,
 -2.905365 -6.791248 -11.186395 -17.525545 0.002655 0.118910 6.673507 2.876559,
 -0.028288 -3.393966 -2.463864 -1.207949 0.249527 0.843364 -1.080730 -3.044511,
 -2.296456 -18.765507 -12.177998 -3.782914 0.871527 2.017365 -0.715932 -2.917154,
 -2.313073 -16.062336 -37.858326 -23.663420 1.320153 -0.621365 -15.810824 -24.816238,
 -0.534695 -3.014269 -23.511879 -18.088995 1.137362 -0.549835 -15.264871 -25.651222,
 -0.153152 -4.020326 -1.604795 -0.985076 -0.522637 -0.672084 -0.000214 0.045773,
 -2.405752 -31.074362 -12.584903 1.872195 -0.695403 -3.615909 -3.224139 -0.455393,
 -1.780513 -23.922667 -6.267612 6.573011 -0.665818 -5.995478 -0.844944 1.476169,
 -0.451042 -0.677784 2.220097 1.162060 -0.265676 -1.634506 3.260140 2.311895,
