Low-band skewness and kurtosis
 -0.723224 2.313880,
 -0.633199 2.250053,
 -0.548709 2.035209,
 -0.472064 1.718971,
 -0.470114 1.792181,

High-band variance
 898.178040,

Skewness, kurtosis, variance, mean, maximum and minimum of the reconstructed texture
 -0.807242 2.154105 6209.215332 191.435425 255.000000 2.000000,

Auto-correlations of the low-frequency bands at each scale
 2589.278076 2532.958252 2500.031494 2487.631348 2499.392822 2549.456787 2647.914795 2852.706787 2659.036865 2499.835205 2453.270264 2549.328369 2757.672119 2994.850830 3625.065918 3723.194092 3834.698242 3921.284668 3933.000000 3874.924072 3771.632324 4192.074707 4605.572266 4973.500000 5127.439453 4973.500000 4605.572266 4192.074707 3771.632324 3874.924072 3933.000000 3921.284668 3834.698242 3723.194092 3625.065918 2994.850830 2757.672119 2549.328369 2453.270264 2499.835205 2659.036865 2852.706787 2647.914795 2549.456787 2499.392822 2487.631348 2500.031494 2532.958252 2589.278076,
 2498.710938 2478.072266 2461.852295 2450.072021 2448.340576 2467.562500 2513.770508 2649.083740 2527.817139 2440.570068 2430.028320 2504.839111 2643.105225 2792.713135 3076.323975 3129.799072 3206.731201 3274.347656 3291.319092 3264.196045 3210.561768 3405.846924 3662.217529 3895.370117 3994.925781 3895.370117 3662.217529 3405.846924 3210.561768 3264.196045 3291.319092 3274.347656 3206.731201 3129.799072 3076.323975 2792.713135 2643.105225 2504.839111 2430.028320 2440.570068 2527.817139 2649.083740 2513.770508 2467.562500 2448.340576 2450.072021 2461.852295 2478.072266 2498.710938,
 2191.905273 2187.190186 2168.422852 2137.632324 2107.165039 2100.043701 2128.985352 2518.239502 2440.836670 2375.391357 2349.020996 2369.514893 2433.185791 2512.070068 2790.631348 2810.992676 2859.818359 2910.583740 2925.611816 2905.191406 2861.144043 2977.148193 3121.254395 3260.060303 3321.237549 3260.060303 3121.254395 2977.148193 2861.144043 2905.191406 2925.611816 2910.583740 2859.818359 2810.992676 2790.631348 2512.070068 2433.185791 2369.514893 2349.020996 2375.391357 2440.836670 2518.239502 2128.985352 2100.043701 2107.165039 2137.632324 2168.422852 2187.190186 2191.905273,
 854.550171 854.258423 854.883606 856.270264 856.029114 855.411133 857.424805 1805.647217 1783.657104 1768.430176 1765.323486 1773.559082 1794.979370 1819.152344 2506.634277 2537.575928 2572.255615 2590.916504 2578.472900 2553.327393 2530.146973 2785.509277 2865.683594 2944.902344 2981.203613 2944.902344 2865.683594 2785.509277 2530.146973 2553.327393 2578.472900 2590.916504 2572.255615 2537.575928 2506.634277 1819.152344 1794.979370 1773.559082 1765.323486 1768.430176 1783.657104 1805.647217 857.424805 855.411133 856.029114 856.270264 854.883606 854.258423 854.550171,
 -1818.226318 -1845.649048 -1861.575684 -1851.060669 -1815.742676 -1782.281372 -1774.324219 -152.963531 -186.582779 -204.386002 -194.798340 -164.129562 -131.228317 -114.756378 1783.987061 1805.324219 1840.043701 1862.116089 1851.363525 1820.648682 1794.474609 2663.508545 2725.918945 2801.963135 2837.770996 2801.963135 2725.918945 2663.508545 1794.474609 1820.648682 1851.363525 1862.116089 1840.043701 1805.324219 1783.987061 -114.756378 -131.228317 -164.129562 -194.798340 -204.386002 -186.582779 -152.963531 -1774.324219 -1782.281372 -1815.742676 -1851.060669 -1861.575684 -1845.649048 -1818.226318,

Auto-correlations of the modulus of each oriented sub-band
 5.794578 6.893868 7.848124 8.257317 7.941991 7.088541 6.037652 6.805162 8.097908 9.175648 9.626055 9.219296 8.149139 6.913924 8.318975 10.513496 12.226262 12.814342 12.105168 10.396893 8.290836 8.937002 11.891935 14.973685 16.408249 14.973685 11.891935 8.937002 8.290836 10.396893 12.105168 12.814342 12.226262 10.513496 8.318975 6.913924 8.149139 9.219296 9.626055 9.175648 8.097908 6.805162 6.037652 7.088541 7.941991 8.257317 7.848124 6.893868 5.794578,
 68.880768 76.010376 85.335281 95.343170 103.727051 109.639572 113.113007 88.295227 102.649261 119.056519 131.798523 137.116272 137.073196 133.962616 113.264267 134.714401 158.468384 172.376251 168.945984 156.528214 143.045670 134.751862 156.475662 180.082642 191.977570 180.082642 156.475662 134.751862 143.045670 156.528214 168.945984 172.376251 158.468384 134.714401 113.264267 133.962616 137.073196 137.116272 131.798523 119.056519 102.649261 88.295227 113.113007 109.639572 103.727051 95.343170 85.335281 76.010376 68.880768,
 233.212463 243.989700 258.254669 267.043213 263.714020 253.344650 243.847931 278.772980 310.971069 349.914062 371.794891 359.138367 326.147949 295.201141 329.050751 386.845795 454.935181 490.777863 462.485168 398.718903 341.326263 356.155975 426.197052 507.333496 547.731262 507.333496 426.197052 356.155975 341.326263 398.718903 462.485168 490.777863 454.935181 386.845795 329.050751 295.201141 326.147949 359.138367 371.794891 349.914062 310.971069 278.772980 243.847931 253.344650 263.714020 267.043213 258.254669 243.989700 233.212463,
 103.334839 100.902237 97.707802 92.844505 85.731728 78.454941 72.922028 122.102997 125.012665 127.120316 125.183578 115.683823 102.396591 90.978851 132.989517 144.281647 156.545273 161.595428 150.236160 130.115265 112.648460 129.421371 147.335007 168.278107 179.328217 168.278107 147.335007 129.421371 112.648460 130.115265 150.236160 161.595428 156.545273 144.281647 132.989517 90.978851 102.396591 115.683823 125.183578 127.120316 125.012665 122.102997 72.922028 78.454941 85.731728 92.844505 97.707802 100.902237 103.334839,
 4.008864 4.753281 5.482981 5.825924 5.601732 4.985411 4.320223 4.227762 5.035876 5.791485 6.112228 5.836914 5.151037 4.428906 5.107481 6.595712 8.020684 8.552357 7.824341 6.352344 4.952501 5.638137 7.740833 9.995251 11.038920 9.995251 7.740833 5.638137 4.952501 6.352344 7.824341 8.552357 8.020684 6.595712 5.107481 4.428906 5.151037 5.836914 6.112228 5.791485 5.035876 4.227762 4.320223 4.985411 5.601732 5.825924 5.482981 4.753281 4.008864,
 41.971786 46.902145 51.089680 53.737862 54.500347 53.653183 52.158218 49.923016 59.933506 68.820435 72.753204 71.292023 67.086479 62.138943 60.035431 75.033478 89.985420 96.306396 90.578911 79.443390 68.629654 67.715927 83.241013 99.994560 108.249146 99.994560 83.241013 67.715927 68.629654 79.443390 90.578911 96.306396 89.985420 75.033478 60.035431 62.138943 67.086479 71.292023 72.753204 68.820435 59.933506 49.923016 52.158218 53.653183 54.500347 53.737862 51.089680 46.902145 41.971786,
 92.875908 104.212914 115.878258 121.054817 115.913124 104.809639 94.370918 112.712509 137.528381 163.695786 175.490723 163.643082 139.210876 117.390579 138.187958 178.526062 223.407593 244.471893 223.403198 180.526917 143.083618 152.496735 199.095428 252.734375 279.158203 252.734375 199.095428 152.496735 143.083618 180.526917 223.403198 244.471893 223.407593 178.526062 138.187958 117.390579 139.210876 163.643082 175.490723 163.695786 137.528381 112.712509 94.370918 104.809639 115.913124 121.054817 115.878258 104.212914 92.875908,
 44.278351 44.889469 44.948814 44.531639 42.786438 39.146099 34.676369 54.708843 58.509892 61.428894 62.494064 59.357819 51.979465 44.172344 62.771381 71.126205 79.616508 84.271713 79.164650 67.058365 55.650326 63.389034 75.289047 88.561691 95.354843 88.561691 75.289047 63.389034 55.650326 67.058365 79.164650 84.271713 79.616508 71.126205 62.771381 44.172344 51.979465 59.357819 62.494064 61.428894 58.509892 54.708843 34.676369 39.146099 42.786438 44.531639 44.948814 44.889469 44.278351,
 1.739846 2.232100 2.872101 3.352950 3.387985 2.965847 2.327547 2.376744 3.108451 3.855772 4.297814 4.183033 3.553479 2.703208 3.104763 4.362596 5.566123 6.066933 5.529263 4.323573 3.064926 3.403536 5.031257 6.733052 7.515500 6.733052 5.031257 3.403536 3.064926 4.323573 5.529263 6.066933 5.566123 4.362596 3.104763 2.703208 3.553479 4.183033 4.297814 3.855772 3.108451 2.376744 2.327547 2.965847 3.387985 3.352950 2.872101 2.232100 1.739846,
 13.919476 15.294350 17.174986 19.312281 21.791059 24.437763 26.192265 19.969038 24.895517 29.432665 31.956516 32.599792 32.354256 30.985270 25.878893 34.385410 42.448074 45.574211 42.743546 37.578365 32.251526 30.163532 38.796646 47.927391 52.334702 47.927391 38.796646 30.163532 32.251526 37.578365 42.743546 45.574211 42.448074 34.385410 25.878893 30.985270 32.354256 32.599792 31.956516 29.432665 24.895517 19.969038 26.192265 24.437763 21.791059 19.312281 17.174986 15.294350 13.919476,
 31.299799 30.644104 32.305016 34.920910 36.264030 36.291946 35.618286 46.303265 51.139858 60.259518 65.404121 59.978962 49.028950 40.396755 55.620537 69.804657 91.371483 102.206894 89.159447 65.027252 47.472122 54.911076 75.206963 104.505119 120.242859 104.505119 75.206963 54.911076 47.472122 65.027252 89.159447 102.206894 91.371483 69.804657 55.620537 40.396755 49.028950 59.978962 65.404121 60.259518 51.139858 46.303265 35.618286 36.291946 36.264030 34.920910 32.305016 30.644104 31.299799,
 12.891344 11.886502 10.692034 9.475611 8.048351 6.188323 4.111656 18.156122 18.468914 18.946278 19.047956 17.376911 13.693638 9.469770 21.728170 24.745478 28.863327 31.616352 29.082436 22.298925 15.832304 20.792263 26.718563 34.284370 38.348164 34.284370 26.718563 20.792263 15.832304 22.298925 29.082436 31.616352 28.863327 24.745478 21.728170 9.469770 13.693638 17.376911 19.047956 18.946278 18.468914 18.156122 4.111656 6.188323 8.048351 9.475611 10.692034 11.886502 12.891344,
 -0.146074 0.498185 1.090700 1.427760 1.371995 0.981438 0.483697 -0.009309 0.876977 1.640672 2.137936 2.318909 2.172547 1.767325 0.702188 2.085733 3.338771 3.984840 3.872094 3.204904 2.268806 1.687725 3.211819 4.659081 5.297515 4.659081 3.211819 1.687725 2.268806 3.204904 3.872094 3.984840 3.338771 2.085733 0.702188 1.767325 2.172547 2.318909 2.137936 1.640672 0.876977 -0.009309 0.483697 0.981438 1.371995 1.427760 1.090700 0.498185 -0.146074,
 -2.671163 -0.366853 1.557445 3.014371 4.621940 5.879844 5.835048 0.638904 3.892760 6.445968 7.056219 6.833378 6.539872 5.574381 3.321512 7.499089 11.673173 12.621862 10.273446 7.518671 5.211533 4.656499 8.311625 13.054505 15.715597 13.054505 8.311625 4.656499 5.211533 7.518671 10.273446 12.621862 11.673173 7.499089 3.321512 5.574381 6.539872 6.833378 7.056219 6.445968 3.892760 0.638904 5.835048 5.879844 4.621940 3.014371 1.557445 -0.366853 -2.671163,
 4.197526 7.569419 7.772983 4.858458 2.459193 3.225586 5.372608 7.756772 12.468844 16.002056 15.093202 10.645471 7.880929 8.455962 11.374897 16.941742 24.440582 26.915718 20.788067 13.632882 11.267750 12.726432 17.641748 26.991898 32.630493 26.991898 17.641748 12.726432 11.267750 13.632882 20.788067 26.915718 24.440582 16.941742 11.374897 8.455962 7.880929 10.645471 15.093202 16.002056 12.468844 7.756772 5.372608 3.225586 2.459193 4.858458 7.772983 7.569419 4.197526,
 0.372627 1.619628 2.276891 2.333022 2.152153 1.726705 1.404174 4.584546 6.281972 7.347280 7.990581 7.880533 6.538234 5.097430 7.995089 10.112408 12.497351 14.607412 14.028547 11.013020 8.237167 9.297701 12.252768 16.051605 18.252056 16.051605 12.252768 9.297701 8.237167 11.013020 14.028547 14.607412 12.497351 10.112408 7.995089 5.097430 6.538234 7.880533 7.990581 7.347280 6.281972 4.584546 1.404174 1.726705 2.152153 2.333022 2.276891 1.619628 0.372627,

Pairwise cross-correlations of the modulus of all oriented sub-bands at the same scale (size QxQ)
 16.408251 23.005907 32.062393 21.415554,
 23.005907 191.977585 225.553436 42.246677,
 32.062393 225.553436 547.731323 224.951431,
 21.415554 42.246677 224.951431 179.328232,
 11.038919 15.374851 21.176781 11.393746,
 15.374851 108.249153 114.835533 12.747149,
 21.176781 114.835533 279.158234 109.615120,
 11.393746 12.747149 109.615120 95.354843,
 7.515501 6.696162 9.544284 4.426614,
 6.696162 52.334705 50.995949 2.656554,
 9.544284 50.995949 120.242882 40.848343,
 4.426614 2.656554 40.848343 38.348171,
 5.297515 1.649986 2.234366 3.328355,
 1.649986 15.715600 8.856839 -3.842860,
 2.234366 8.856839 32.630493 13.556605,
 3.328355 -3.842860 13.556605 18.252056,

Cross-correlations of the modulus of all oriented sub-bands with all oriented sub-bands at the coarser scale (size QxQ)
 8.995985 13.193784 17.321005 11.213299,
 18.282518 76.154510 89.872276 18.530525,
 31.421801 77.614655 180.667709 93.009613,
 17.156536 9.350979 81.015846 76.106773,
 5.353101 6.884338 10.631187 4.451659,
 10.760242 37.129009 36.134323 -0.153968,
 18.601000 39.047455 63.638199 23.698631,
 8.887550 3.122785 20.341354 23.867281,
 3.465323 2.441319 5.309313 3.413632,
 1.703117 15.244043 14.021618 -2.941821,
 3.966377 17.212025 22.150604 4.543391,
 2.412971 1.297295 7.035470 8.627799,

Cross-correlations of the real part of each oriented sub-band with both the real and imaginary part of all phase-doubled oriented sub-bands at the next coarser scale (Q matrices of size 1x2Q, which are computed and stored in a matrix of size Qx2Q)
 -0.819435 -1.915239 -2.810404 -2.623553 -0.058435 0.235033 0.435038 0.122421,
 -1.687199 -16.952587 -21.580307 -7.205382 -0.223733 5.622305 7.169871 1.417418,
 -2.917562 -17.044907 -62.762249 -47.597031 0.188532 7.797444 13.977422 5.163393,
 -2.335816 -2.836867 -37.688019 -38.501041 0.245553 1.644547 4.712918 2.961282,
 0.717225 -2.001820 -1.693798 -1.190950 -0.894803 -0.614863 -0.565251 -0.349694,
 -0.883115 -18.723537 -13.566578 -0.249707 -0.749916 -4.455009 -4.710543 -1.398661,
 -1.519326 -17.876270 -22.143335 -11.358039 -0.143660 -7.119263 -16.151525 -7.539840,
 -0.459573 -1.840687 -9.806912 -13.711911 -0.209181 -2.178385 -8.877456 -5.899025,
 -1.542369 -0.962900 -0.673875 -0.578714 0.233382 0.335882 -0.076546 0.230869,
 -0.923213 -10.182012 -9.126564 -1.047863 0.107614 -0.167505 2.760397 0.174764,
 -0.292016 -10.860249 -18.105808 -5.692181 -0.193503 0.479126 6.400278 1.822864,
 -0.623753 -1.287023 -6.715874 -4.969847 0.006627 0.044809 1.897565 2.242314,
