Low-band skewness and kurtosis
 -0.534831 2.227114,
 -0.450917 2.280704,
 -0.444768 2.440198,
 -0.297643 1.980291,
 -0.109470 1.636008,

High-band variance
 1021.301270,

Skewness, kurtosis, variance, mean, maximum and minimum of the reconstructed texture
 -0.669617 2.009459 5677.503906 188.511597 255.000000 2.000000,

Auto-correlations of the low-frequency bands at each scale
 1298.559082 1254.773315 1214.575073 1180.640259 1159.708862 1167.776978 1213.099365 1343.652222 1204.796997 1113.585693 1107.153076 1194.246826 1359.582642 1554.366821 2461.803711 2595.440918 2757.749023 2901.606689 2975.695312 2982.457520 2938.522949 3660.969238 4014.383301 4310.177734 4431.323242 4310.177734 4014.383301 3660.969238 2938.522949 2982.457520 2975.695312 2901.606689 2757.749023 2595.440918 2461.803711 1554.366821 1359.582642 1194.246826 1107.153076 1113.585693 1204.796997 1343.652222 1213.099365 1167.776978 1159.708862 1180.640259 1214.575073 1254.773315 1298.559082,
 985.573486 964.639954 944.832520 930.796204 932.801636 963.979797 1025.957520 1090.366577 990.332214 927.109375 925.662781 987.508301 1100.246338 1229.980103 1846.969238 1920.143188 2023.708496 2115.081543 2142.620605 2110.819824 2043.729980 2516.541016 2766.412109 2987.335938 3081.257812 2987.335938 2766.412109 2516.541016 2043.729980 2110.819824 2142.620605 2115.081543 2023.708496 1920.143188 1846.969238 1229.980103 1100.246338 987.508301 925.662781 927.109375 990.332214 1090.366577 1025.957520 963.979797 932.801636 930.796204 944.832520 964.639954 985.573486,
 930.687988 904.320312 872.923828 840.595581 807.353760 781.809326 777.732666 951.736511 894.910339 859.404785 857.061279 882.009521 933.591614 1004.976624 1381.132935 1435.447388 1517.575928 1588.801147 1604.047363 1577.440796 1539.969604 1802.566284 1962.541992 2117.195312 2186.627686 2117.195312 1962.541992 1802.566284 1539.969604 1577.440796 1604.047363 1588.801147 1517.575928 1435.447388 1381.132935 1004.976624 933.591614 882.009521 857.061279 859.404785 894.910339 951.736511 777.732666 781.809326 807.353760 840.595581 872.923828 904.320312 930.687988,
 354.726562 333.857300 314.171570 314.897095 346.089783 391.415710 428.012024 768.927246 726.122375 692.313782 682.427795 696.896301 731.052795 773.040283 1168.969116 1201.631592 1246.429688 1271.579956 1243.740234 1192.512451 1154.349243 1367.679688 1465.912964 1575.319946 1629.265625 1575.319946 1465.912964 1367.679688 1154.349243 1192.512451 1243.740234 1271.579956 1246.429688 1201.631592 1168.969116 773.040283 731.052795 696.896301 682.427795 692.313782 726.122375 768.927246 428.012024 391.415710 346.089783 314.897095 314.171570 333.857300 354.726562,
 -809.633423 -833.354126 -867.887817 -885.229126 -868.698486 -836.641479 -813.272705 -49.730217 -67.167122 -72.223106 -59.091152 -37.571434 -22.471434 -20.898386 794.089722 808.918396 849.173645 886.553223 888.355774 860.379456 827.873291 1186.967285 1237.027100 1302.941162 1335.673584 1302.941162 1237.027100 1186.967285 827.873291 860.379456 888.355774 886.553223 849.173645 808.918396 794.089722 -20.898386 -22.471434 -37.571434 -59.091152 -72.223106 -67.167122 -49.730217 -813.272705 -836.641479 -868.698486 -885.229126 -867.887817 -833.354126 -809.633423,

Auto-correlations of the modulus of each oriented sub-band
 5.204204 6.823575 8.186823 8.761912 8.289736 7.026026 5.524576 6.055894 7.938437 9.501907 10.119030 9.541807 8.085365 6.352475 7.567066 10.204548 12.365425 13.104533 12.111784 9.954477 7.516439 8.237213 11.459942 14.496434 15.812821 14.496434 11.459942 8.237213 7.516439 9.954477 12.111784 13.104533 12.365425 10.204548 7.567066 6.352475 8.085365 9.541807 10.119030 9.501907 7.938437 6.055894 5.524576 7.026026 8.289736 8.761912 8.186823 6.823575 5.204204,
 56.177773 61.543037 67.057098 71.840073 75.215698 77.131660 78.155571 77.373444 89.064323 100.622482 107.284233 107.472641 103.853920 99.395981 101.989326 120.558311 139.494110 148.463791 142.574036 129.066040 115.849464 117.703819 137.538055 158.594421 168.708832 158.594421 137.538055 117.703819 115.849464 129.066040 142.574036 148.463791 139.494110 120.558311 101.989326 99.395981 103.853920 107.472641 107.284233 100.622482 89.064323 77.373444 78.155571 77.131660 75.215698 71.840073 67.057098 61.543037 56.177773,
 161.272873 165.975708 171.580582 174.003784 170.286697 163.878418 158.340775 236.925720 263.023193 289.959869 300.218994 283.382477 251.921387 223.078735 312.912506 368.468597 426.738068 451.599854 420.213043 357.852692 300.225067 341.705780 412.757080 489.180786 525.684204 489.180786 412.757080 341.705780 300.225067 357.852692 420.213043 451.599854 426.738068 368.468597 312.912506 223.078735 251.921387 283.382477 300.218994 289.959869 263.023193 236.925720 158.340775 163.878418 170.286697 174.003784 171.580582 165.975708 161.272873,
 35.688194 34.188179 32.519096 30.156321 26.413263 22.056265 18.713568 50.963234 52.629517 54.824928 55.246304 50.324814 41.565277 33.717613 63.002625 70.583977 80.712990 86.652603 79.592888 64.558174 51.712387 63.807049 76.808746 93.568741 102.686638 93.568741 76.808746 63.807049 51.712387 64.558174 79.592888 86.652603 80.712990 70.583977 63.002625 33.717613 41.565277 50.324814 55.246304 54.824928 52.629517 50.963234 18.713568 22.056265 26.413263 30.156321 32.519096 34.188179 35.688194,
 4.680728 6.191436 7.521558 8.110838 7.666654 6.373082 4.814492 5.295930 6.945960 8.369575 8.945856 8.402099 6.985242 5.303451 6.442505 8.846713 10.965790 11.705418 10.634262 8.426723 6.124748 7.027683 10.049333 13.065685 14.424837 13.065685 10.049333 7.027683 6.124748 8.426723 10.634262 11.705418 10.965790 8.846713 6.442505 5.303451 6.985242 8.402099 8.945856 8.369575 6.945960 5.295930 4.814492 6.373082 7.666654 8.110838 7.521558 6.191436 4.680728,
 33.988609 37.968319 41.982449 44.199974 43.840748 41.885593 39.518440 44.891670 52.374523 59.934357 63.432014 61.542122 56.653416 51.147125 57.646126 69.804771 82.695686 88.267471 82.941048 72.361427 62.054283 65.151199 78.777824 93.766006 101.098663 93.766006 78.777824 65.151199 62.054283 72.361427 82.941048 88.267471 82.695686 69.804771 57.646126 51.147125 56.653416 61.542122 63.432014 59.934357 52.374523 44.891670 39.518440 41.885593 43.840748 44.199974 41.982449 37.968319 33.988609,
 73.885193 80.823189 86.626839 86.132904 76.432106 63.119926 52.788166 108.550438 129.422623 149.506104 156.467514 141.990906 115.141556 89.551567 145.470642 186.891647 228.888870 247.186264 224.867630 178.384476 133.158813 158.050537 211.586456 267.154907 293.282227 267.154907 211.586456 158.050537 133.158813 178.384476 224.867630 247.186264 228.888870 186.891647 145.470642 89.551567 115.141556 141.990906 156.467514 149.506104 129.422623 108.550438 52.788166 63.119926 76.432106 86.132904 86.626839 80.823189 73.885193,
 24.238581 25.673538 26.486748 25.431604 22.233536 18.124306 14.633780 33.849167 36.951134 39.758450 40.464088 36.608921 29.099665 22.005163 40.017429 46.987846 55.274445 60.081421 54.638412 42.323090 31.592587 39.108147 49.805733 63.165329 70.310928 63.165329 49.805733 39.108147 31.592587 42.323090 54.638412 60.081421 55.274445 46.987846 40.017429 22.005163 29.099665 36.608921 40.464088 39.758450 36.951134 33.849167 14.633780 18.124306 22.233536 25.431604 26.486748 25.673538 24.238581,
 2.855416 4.568505 5.965560 6.383561 5.577156 3.972453 2.292629 4.063960 6.026200 7.630814 8.162556 7.359248 5.636582 3.734275 5.659265 8.454317 10.953273 11.931799 10.870404 8.488443 5.917360 6.864544 10.203733 13.427013 14.839415 13.427013 10.203733 6.864544 5.917360 8.488443 10.870404 11.931799 10.953273 8.454317 5.659265 3.734275 5.636582 7.359248 8.162556 7.630814 6.026200 4.063960 2.292629 3.972453 5.577156 6.383561 5.965560 4.568505 2.855416,
 9.077316 14.522088 20.196964 25.640499 29.990540 32.500263 32.783531 19.507580 28.507891 37.567162 43.052879 43.572205 41.061386 37.345440 30.078186 43.214764 57.169498 63.798096 59.005642 48.889904 39.446854 37.288429 50.941811 66.359009 74.099739 66.359009 50.941811 37.288429 39.446854 48.889904 59.005642 63.798096 57.169498 43.214764 30.078186 37.345440 41.061386 43.572205 43.052879 37.567162 28.507891 19.507580 32.783531 32.500263 29.990540 25.640499 20.196964 14.522088 9.077316,
 9.724903 17.317019 26.478498 35.458492 39.302841 38.543930 35.519012 42.892593 63.702614 84.418037 96.969604 93.132576 77.035149 56.821732 73.692024 114.165070 152.001221 170.167542 155.905334 119.985184 79.277397 87.344925 137.963501 184.853256 205.921936 184.853256 137.963501 87.344925 79.277397 119.985184 155.905334 170.167542 152.001221 114.165070 73.692024 56.821732 77.035149 93.132576 96.969604 84.418037 63.702614 42.892593 35.519012 38.543930 39.302841 35.458492 26.478498 17.317019 9.724903,
 4.267128 5.111919 5.739009 6.118050 6.219146 6.067761 5.632140 9.972322 12.717101 15.564741 17.647772 17.114187 13.812066 9.771132 14.615243 20.590443 27.531883 32.131702 29.653305 21.801510 14.096654 16.141373 24.581425 34.431381 39.478584 34.431381 24.581425 16.141373 14.096654 21.801510 29.653305 32.131702 27.531883 20.590443 14.615243 9.771132 13.812066 17.114187 17.647772 15.564741 12.717101 9.972322 5.632140 6.067761 6.219146 6.118050 5.739009 5.111919 4.267128,
 -0.216013 2.492360 4.838562 5.749567 4.824954 2.612310 0.120529 -0.023161 2.542812 4.692857 5.487658 4.577544 2.472487 0.112332 1.754743 5.421909 8.594113 9.882467 8.606183 5.434355 1.812195 3.095001 7.715407 11.821189 13.508467 11.821189 7.715407 3.095001 1.812195 5.434355 8.606183 9.882467 8.594113 5.421909 1.754743 0.112332 2.472487 4.577544 5.487658 4.692857 2.542812 -0.023161 0.120529 2.612310 4.824954 5.749567 4.838562 2.492360 -0.216013,
 0.743317 -0.189595 0.094562 1.083930 1.483699 0.823435 -0.440828 4.112940 5.452430 7.233102 7.943464 6.918242 4.488184 1.389646 7.457294 12.265549 17.542257 19.326818 16.164728 10.678185 5.309806 8.042401 14.613973 22.056084 25.745392 22.056084 14.613973 8.042401 5.309806 10.678185 16.164728 19.326818 17.542257 12.265549 7.457294 1.389646 4.488184 6.918242 7.943464 7.233102 5.452430 4.112940 -0.440828 0.823435 1.483699 1.083930 0.094562 -0.189595 0.743317,
 -11.288264 -11.490237 -7.098248 -3.262219 -5.256000 -11.271127 -17.578804 -4.804322 0.011271 8.699450 15.366901 13.710737 4.749307 -5.868268 7.378454 21.954205 39.803593 51.087021 46.251766 29.468258 11.482290 17.076786 38.206776 60.917618 71.845528 60.917618 38.206776 17.076786 11.482290 29.468258 46.251766 51.087021 39.803593 21.954205 7.378454 -5.868268 4.749307 13.710737 15.366901 8.699450 0.011271 -4.804322 -17.578804 -11.271127 -5.256000 -3.262219 -7.098248 -11.490237 -11.288264,
 -0.886672 4.135417 10.062507 13.333433 10.849296 4.461306 -1.643414 -0.621941 6.130193 13.990946 18.313093 15.719782 8.284472 0.975334 0.976531 10.113575 20.229136 25.876736 22.341345 12.528912 3.117416 2.909530 13.204432 24.556229 30.068161 24.556229 13.204432 2.909530 3.117416 12.528912 22.341345 25.876736 20.229136 10.113575 0.976531 0.975334 8.284472 15.719782 18.313093 13.990946 6.130193 -0.621941 -1.643414 4.461306 10.849296 13.333433 10.062507 4.135417 -0.886672,

Pairwise cross-correlations of the modulus of all oriented sub-bands at the same scale (size QxQ)
 15.812819 16.533112 9.952597 10.296667,
 16.533112 168.708832 223.575378 42.564930,
 9.952597 223.575378 525.684204 157.218475,
 10.296667 42.564930 157.218475 102.686653,
 14.424838 13.531601 4.913244 6.649624,
 13.531601 101.098663 110.317345 17.106510,
 4.913244 110.317345 293.282288 95.051308,
 6.649624 17.106510 95.051308 70.310928,
 14.839415 10.942217 4.415197 8.971276,
 10.942217 74.099754 90.877281 15.794023,
 4.415197 90.877281 205.921967 54.328178,
 8.971276 15.794023 54.328178 39.478584,
 13.508468 6.705224 -6.318821 7.676907,
 6.705224 25.745394 22.288708 6.246834,
 -6.318821 22.288708 71.845535 17.753277,
 7.676907 6.246834 17.753277 30.068159,

Cross-correlations of the modulus of all oriented sub-bands with all oriented sub-bands at the coarser scale (size QxQ)
 10.831112 11.726306 2.489961 7.337689,
 12.933127 46.677162 23.990265 0.358641,
 10.127083 38.610703 39.015030 9.609138,
 7.357865 5.461932 14.566071 21.190874,
 10.298338 9.222210 3.400357 8.850382,
 11.485711 21.869446 25.590942 13.747441,
 5.086043 1.120475 26.378340 23.050220,
 4.294481 -6.802866 4.651292 16.811380,
 11.370184 7.681323 -1.789939 8.782563,
 9.423874 5.373847 -11.345610 -3.328869,
 4.249162 -3.469623 -5.722822 -6.975110,
 6.475924 1.173696 -2.382582 9.413992,

Cross-correlations of the real part of each oriented sub-band with both the real and imaginary part of all phase-doubled oriented sub-bands at the next coarser scale (Q matrices of size 1x2Q, which are computed and stored in a matrix of size Qx2Q)
 -0.833780 -3.597452 -2.046367 -1.761743 0.128555 0.087358 0.057371 0.137267,
 -2.480783 -32.122002 -17.894720 -5.514545 0.304011 -8.977744 -13.725508 -0.395959,
 -2.276545 -32.378014 -42.214191 -40.313316 0.130273 -16.027918 -26.411264 0.534405,
 -1.089900 -3.824251 -23.555582 -31.340145 -0.082998 -2.994735 -5.239754 1.512320,
 -0.192903 -0.717384 0.200392 -0.787057 -1.609627 -0.190989 -0.317608 0.246008,
 -0.884974 -0.504952 5.695852 0.069472 -0.508098 -4.112937 -0.092885 2.781451,
 -0.635671 0.566818 4.795603 -6.724825 0.124154 -0.917993 13.253086 7.439292,
 -0.369718 -0.245125 -1.892310 -7.344569 -0.607018 1.747505 6.731416 2.934723,
 -2.300622 -2.649453 -1.494881 -1.590294 -1.394203 -0.299725 0.871543 0.891052,
 -1.237426 -16.437271 -27.266901 -5.694810 -0.391355 -2.404062 -7.376405 2.956037,
 -0.219907 -22.428226 -72.321678 -27.602736 0.098289 -8.049233 -3.328832 13.737332,
 -0.932891 -5.267261 -30.779505 -19.867289 -0.363942 -2.616879 8.039389 8.400746,
