Low-band skewness and kurtosis
 -0.547479 2.094529,
 -0.432142 2.061747,
 -0.337703 1.962348,
 -0.173361 1.825423,
 -0.052440 1.756961,

High-band variance
 948.864075,

Skewness, kurtosis, variance, mean, maximum and minimum of the reconstructed texture
 -0.665123 1.939700 6021.042480 187.777771 255.000000 3.000000,

Auto-correlations of the low-frequency bands at each scale
 2260.822998 2126.199951 2014.712158 1970.808228 2010.906738 2122.968506 2269.710205 2490.061279 2262.112793 2031.337646 1943.983398 2067.450928 2338.511719 2611.014893 3163.248535 3333.112061 3490.049561 3572.999512 3542.948486 3436.558838 3303.328125 3678.510742 4187.291992 4672.847656 4881.028320 4672.847656 4187.291992 3678.510742 3303.328125 3436.558838 3542.948486 3572.999512 3490.049561 3333.112061 3163.248535 2611.014893 2338.511719 2067.450928 1943.983398 2031.337646 2262.112793 2490.061279 2269.710205 2122.968506 2010.906738 1970.808228 2014.712158 2126.199951 2260.822998,
 1937.533813 1859.304688 1810.791870 1811.209351 1855.479858 1929.195801 2013.494995 2183.868408 2068.013672 1954.829712 1926.872192 2013.108765 2172.376465 2316.036865 2616.035889 2716.512939 2817.755371 2878.065430 2866.221680 2810.929443 2742.538330 2932.231689 3207.773682 3488.459961 3613.671387 3488.459961 3207.773682 2932.231689 2742.538330 2810.929443 2866.221680 2878.065430 2817.755371 2716.512939 2616.035889 2316.036865 2172.376465 2013.108765 1926.872192 1954.829712 2068.013672 2183.868408 2013.494995 1929.195801 1855.479858 1811.209351 1810.791870 1859.304688 1937.533813,
 1714.302124 1695.183105 1669.751709 1645.080444 1632.221680 1646.164062 1689.803589 1913.210449 1850.870483 1789.336182 1768.807251 1805.857666 1888.381470 1978.071289 2239.322998 2286.919434 2351.024170 2407.483643 2420.563232 2387.778809 2324.947021 2491.883301 2672.500977 2841.909424 2914.911133 2841.909424 2672.500977 2491.883301 2324.947021 2387.778809 2420.563232 2407.483643 2351.024170 2286.919434 2239.322998 1978.071289 1888.381470 1805.857666 1768.807251 1789.336182 1850.870483 1913.210449 1689.803589 1646.164062 1632.221680 1645.080444 1669.751709 1695.183105 1714.302124,
 735.543274 689.537170 657.702637 653.567017 678.203979 715.965271 753.075012 1390.071777 1353.019287 1316.080566 1307.405273 1340.040283 1400.398682 1460.307129 1939.648682 2002.289429 2055.779541 2080.826172 2066.320068 2028.317505 1987.012939 2178.378174 2309.714600 2433.854248 2487.497803 2433.854248 2309.714600 2178.378174 1987.012939 2028.317505 2066.320068 2080.826172 2055.779541 2002.289429 1939.648682 1460.307129 1400.398682 1340.040283 1307.405273 1316.080566 1353.019287 1390.071777 753.075012 715.965271 678.203979 653.567017 657.702637 689.537170 735.543274,
 -1421.993164 -1444.797119 -1477.222412 -1500.501343 -1499.956299 -1475.090820 -1442.119629 17.604984 -0.166232 -30.100426 -49.858543 -43.639900 -18.924702 4.577201 1419.960205 1448.663452 1485.843750 1509.055786 1501.488281 1469.678589 1433.999268 1999.529907 2077.460938 2165.981445 2206.240234 2165.981445 2077.460938 1999.529907 1433.999268 1469.678589 1501.488281 1509.055786 1485.843750 1448.663452 1419.960205 4.577201 -18.924702 -43.639900 -49.858543 -30.100426 -0.166232 17.604984 -1442.119629 -1475.090820 -1499.956299 -1500.501343 -1477.222412 -1444.797119 -1421.993164,

Auto-correlations of the modulus of each oriented sub-band
 7.938540 8.901814 9.812772 10.280937 10.095477 9.400349 8.528765 8.673140 9.873548 10.799454 11.240190 11.082073 10.310573 9.148096 9.941087 12.208208 14.082346 14.773170 14.027002 12.273926 10.179835 10.808097 14.145827 17.764927 19.483532 17.764927 14.145827 10.808097 10.179835 12.273926 14.027002 14.773170 14.082346 12.208208 9.941087 9.148096 10.310573 11.082073 11.240190 10.799454 9.873548 8.673140 8.528765 9.400349 10.095477 10.280937 9.812772 8.901814 7.938540,
 106.621262 114.019073 122.698952 130.603363 136.091080 138.923645 139.375320 126.670013 142.171387 159.024231 169.873154 170.953430 165.496765 157.608673 148.900818 173.110443 199.425644 213.220673 205.919846 187.335480 168.374420 165.253342 191.515594 219.916199 233.955841 219.916199 191.515594 165.253342 168.374420 187.335480 205.919846 213.220673 199.425644 173.110443 148.900818 157.608673 165.496765 170.953430 169.873154 159.024231 142.171387 126.670013 139.375320 138.923645 136.091080 130.603363 122.698952 114.019073 106.621262,
 256.320282 269.545471 283.669983 288.979797 282.754822 273.198547 265.267792 294.914978 327.972107 367.563507 385.710114 366.458649 330.570374 301.159973 331.304474 389.052185 461.197693 497.101593 460.644897 390.862244 334.956635 348.115845 417.235352 504.984650 551.000671 504.984650 417.235352 348.115845 334.956635 390.862244 460.644897 497.101593 461.197693 389.052185 331.304474 301.159973 330.570374 366.458649 385.710114 367.563507 327.972107 294.914978 265.267792 273.198547 282.754822 288.979797 283.669983 269.545471 256.320282,
 137.619812 139.287384 139.324463 135.338715 126.918579 117.704071 110.287567 152.257263 161.335693 168.917603 168.970871 157.453613 140.644287 126.005867 160.789490 179.827896 199.864441 208.391205 194.038910 167.826584 144.713013 158.340302 183.837891 212.930618 227.899734 212.930618 183.837891 158.340302 144.713013 167.826584 194.038910 208.391205 199.864441 179.827896 160.789490 126.005867 140.644287 157.453613 168.970871 168.917603 161.335693 152.257263 110.287567 117.704071 126.918579 135.338715 139.324463 139.287384 137.619812,
 5.191008 5.693523 5.996053 5.988195 5.685629 5.205950 4.726070 5.453239 6.299312 6.809046 6.868310 6.548398 5.964306 5.241836 5.846541 7.529923 9.091105 9.740999 9.089941 7.574176 5.959167 6.378578 8.849145 11.557035 12.837401 11.557035 8.849145 6.378578 5.959167 7.574176 9.089941 9.740999 9.091105 7.529923 5.846541 5.241836 5.964306 6.548398 6.868310 6.809046 6.299312 5.453239 4.726070 5.205950 5.685629 5.988195 5.996053 5.693523 5.191008,
 50.243526 55.049850 60.440578 65.937477 69.979996 70.741234 68.197433 57.186596 66.146881 76.568001 84.130936 85.974586 82.338852 75.314819 66.830788 81.647720 99.115005 108.859627 104.625549 92.322525 79.224953 75.982529 92.874184 112.220764 121.916931 112.220764 92.874184 75.982529 79.224953 92.322525 104.625549 108.859627 99.115005 81.647720 66.830788 75.314819 82.338852 85.974586 84.130936 76.568001 66.146881 57.186596 68.197433 70.741234 69.979996 65.937477 60.440578 55.049850 50.243526,
 91.795502 101.456123 113.218819 120.229637 117.694847 110.163475 103.269531 104.198769 125.630661 154.569733 171.515778 161.483429 136.965744 116.258934 122.157661 159.154053 209.467712 237.570709 215.103943 167.439972 129.695618 133.486786 178.865021 239.226715 271.084412 239.226715 178.865021 133.486786 129.695618 167.439972 215.103943 237.570709 209.467712 159.154053 122.157661 116.258934 136.965744 161.483429 171.515778 154.569733 125.630661 104.198769 103.269531 110.163475 117.694847 120.229637 113.218819 101.456123 91.795502,
 57.102894 59.497929 59.749989 57.108677 52.151432 46.350330 41.209965 61.470112 69.502548 75.859077 76.455650 69.575447 58.585739 48.913868 63.729553 78.326256 93.650108 100.243225 91.125221 73.054390 57.339775 62.664310 80.843552 101.898064 112.402031 101.898064 80.843552 62.664310 57.339775 73.054390 91.125221 100.243225 93.650108 78.326256 63.729553 48.913868 58.585739 69.575447 76.455650 75.859077 69.502548 61.470112 41.209965 46.350330 52.151432 57.108677 59.749989 59.497929 57.102894,
 1.718306 1.992058 2.174311 2.141418 1.934350 1.698086 1.516856 1.748329 2.093529 2.418845 2.582461 2.482493 2.177843 1.828754 2.189633 3.050930 3.972659 4.366741 3.916512 2.988374 2.130584 2.589119 3.988029 5.628336 6.439611 5.628336 3.988029 2.589119 2.130584 2.988374 3.916512 4.366741 3.972659 3.050930 2.189633 1.828754 2.177843 2.482493 2.582461 2.418845 2.093529 1.748329 1.516856 1.698086 1.934350 2.141418 2.174311 1.992058 1.718306,
 22.643358 27.229776 30.756502 32.251648 31.939878 30.554140 28.959555 30.730156 37.908142 44.682339 47.138832 44.732334 39.901100 35.117348 38.431503 48.712074 59.981724 64.477303 58.888409 48.991325 40.323608 42.146973 53.274338 66.444878 73.138313 66.444878 53.274338 42.146973 40.323608 48.991325 58.888409 64.477303 59.981724 48.712074 38.431503 35.117348 39.901100 44.732334 47.138832 44.682339 37.908142 30.730156 28.959555 30.554140 31.939878 32.251648 30.756502 27.229776 22.643358,
 62.689106 69.865311 72.774521 66.377197 55.365269 46.741127 42.519825 71.372086 91.451454 110.159851 112.174255 94.306625 70.553841 54.208519 78.606514 111.502174 148.255814 162.421112 138.490891 98.685402 68.547752 78.408119 115.931931 162.276505 186.236694 162.276505 115.931931 78.408119 68.547752 98.685402 138.490891 162.421112 148.255814 111.502174 78.606514 54.208519 70.553841 94.306625 112.174255 110.159851 91.451454 71.372086 42.519825 46.741127 55.365269 66.377197 72.774521 69.865311 62.689106,
 14.430458 15.054544 15.414031 14.388387 12.393771 9.968870 7.053656 15.825552 19.903057 23.996525 25.756687 23.913273 18.959560 12.845131 17.738699 25.772413 34.625175 39.761292 36.509712 27.058687 17.314253 18.848049 29.430351 41.140312 46.994923 41.140312 29.430351 18.848049 17.314253 27.058687 36.509712 39.761292 34.625175 25.772413 17.738699 12.845131 18.959560 23.913273 25.756687 23.996525 19.903057 15.825552 7.053656 9.968870 12.393771 14.388387 15.414031 15.054544 14.430458,
 0.071407 0.455346 0.894887 1.074383 0.884593 0.494232 0.120070 -0.516486 -0.044828 0.502496 0.788685 0.688196 0.355091 0.003692 0.039716 0.814437 1.686333 2.111504 1.779177 1.029418 0.303412 0.874385 2.111342 3.476036 4.155757 3.476036 2.111342 0.874385 0.303412 1.029418 1.779177 2.111504 1.686333 0.814437 0.039716 0.003692 0.355091 0.688196 0.788685 0.502496 -0.044828 -0.516486 0.120070 0.494232 0.884593 1.074383 0.894887 0.455346 0.071407,
 1.505139 1.431859 2.551697 3.017303 1.831161 0.004602 -1.091719 1.470431 4.642979 9.652482 12.859613 11.771850 7.843272 4.273329 4.494364 11.779938 21.178011 26.464771 23.549234 15.657843 8.670299 8.482109 17.543760 28.435709 33.672585 28.435709 17.543760 8.482109 8.670299 15.657843 23.549234 26.464771 21.178011 11.779938 4.494364 4.273329 7.843272 11.771850 12.859613 9.652482 4.642979 1.470431 -1.091719 0.004602 1.831161 3.017303 2.551697 1.431859 1.505139,
 0.660596 6.890978 12.735291 13.742311 7.983253 -1.805482 -8.115238 5.772211 15.609646 28.731087 34.684162 26.655731 11.736565 3.278738 13.121613 27.647760 50.514500 62.708427 50.264843 27.003462 14.109173 17.797468 33.908688 61.644772 77.022552 61.644772 33.908688 17.797468 14.109173 27.003462 50.264843 62.708427 50.514500 27.647760 13.121613 3.278738 11.736565 26.655731 34.684162 28.731087 15.609646 5.772211 -8.115238 -1.805482 7.983253 13.742311 12.735291 6.890978 0.660596,
 6.394512 7.840147 7.050124 4.463830 1.241558 -1.933654 -4.928016 9.553476 12.395853 13.588387 13.298449 10.842096 6.122416 0.790021 11.208002 15.859974 20.454275 22.990925 20.293055 13.416451 6.463198 10.174210 16.766979 24.019238 27.626659 24.019238 16.766979 10.174210 6.463198 13.416451 20.293055 22.990925 20.454275 15.859974 11.208002 0.790021 6.122416 10.842096 13.298449 13.588387 12.395853 9.553476 -4.928016 -1.933654 1.241558 4.463830 7.050124 7.840147 6.394512,

Pairwise cross-correlations of the modulus of all oriented sub-bands at the same scale (size QxQ)
 19.483532 27.151033 32.392120 29.958668,
 27.151033 233.955872 236.404297 30.847282,
 32.392120 236.404297 551.000671 227.586502,
 29.958668 30.847282 227.586502 227.899765,
 12.837402 16.129402 19.796160 16.271555,
 16.129402 121.916931 116.138458 13.954042,
 19.796160 116.138458 271.084442 108.444763,
 16.271555 13.954042 108.444763 112.402039,
 6.439612 11.113147 14.628294 7.166530,
 11.113147 73.138321 77.901604 15.819984,
 14.628294 77.901604 186.236710 64.319077,
 7.166530 15.819984 64.319077 46.994926,
 4.155757 2.165442 4.099598 3.532870,
 2.165442 33.672581 37.169117 -0.322205,
 4.099598 37.169117 77.022560 18.261974,
 3.532870 -0.322205 18.261974 27.626659,

Cross-correlations of the modulus of all oriented sub-bands with all oriented sub-bands at the coarser scale (size QxQ)
 9.623761 15.039219 18.195518 14.530102,
 18.662729 90.642456 80.390747 12.203814,
 29.317982 83.595230 147.049088 81.221535,
 20.480040 9.826191 70.920830 83.363632,
 4.537822 8.618786 13.391010 6.672250,
 10.564327 44.505058 50.321289 10.398833,
 15.328211 52.882515 100.138824 44.087051,
 7.516311 10.100924 40.988895 34.828167,
 2.393138 2.096886 3.480974 2.106657,
 3.007594 16.056995 18.436089 -4.219506,
 8.482455 22.766098 33.930737 10.905579,
 4.959950 2.910161 6.120895 12.449484,

Cross-correlations of the real part of each oriented sub-band with both the real and imaginary part of all phase-doubled oriented sub-bands at the next coarser scale (Q matrices of size 1x2Q, which are computed and stored in a matrix of size Qx2Q)
 -2.403199 -5.924312 -3.491783 -4.157156 0.882628 -0.421194 -0.230980 -0.046718,
 -6.008281 -39.756638 -23.566608 -4.223211 0.114749 -7.636037 -10.126887 -1.733610,
 -6.010875 -34.209980 -35.497753 -29.716667 0.022758 -10.506521 -20.416088 -2.644472,
 -4.389625 -3.717608 -14.140084 -30.641712 0.407114 -2.047211 -5.355198 0.278013,
 -0.867972 -1.878653 -0.828272 -2.184628 1.468664 -0.737159 -0.641421 -0.929996,
 -1.454762 -13.155638 3.496644 1.141148 0.039041 -14.352970 -17.144320 -3.389297,
 -1.442793 -9.622564 15.641504 -3.029367 -0.150986 -20.258694 -39.113132 -17.154524,
 -1.409473 -0.047125 4.460428 -9.577183 1.020680 -3.996961 -14.843908 -12.337108,
 -0.142746 -0.137019 0.261752 -0.212095 0.813507 -1.046847 -0.669900 -0.976342,
 -0.530984 -6.622509 0.316582 2.205679 0.001849 -3.365355 16.102201 1.392232,
 -0.398164 -5.952384 12.883788 10.282816 0.228990 0.618055 32.618011 -4.970942,
 -0.196272 0.325982 10.395008 5.654478 0.916220 0.703923 4.544480 -9.694439,
