Low-band skewness and kurtosis
 -0.628586 2.245381,
 -0.549454 2.262008,
 -0.353093 1.926882,
 -0.168720 1.642849,
 -0.092884 1.591753,

High-band variance
 935.783569,

Skewness, kurtosis, variance, mean, maximum and minimum of the reconstructed texture
 -0.715692 2.027759 6014.881836 189.283936 255.000000 1.000000,

Auto-correlations of the low-frequency bands at each scale
 2303.916992 2159.841309 2041.400879 1980.109741 1992.908691 2074.517578 2190.285156 2554.064453 2271.077148 2017.857544 1912.392334 1990.598755 2190.524902 2394.127930 3355.615479 3446.113525 3524.315186 3548.831787 3477.037354 3332.042236 3164.980713 3815.817627 4279.731445 4706.865234 4886.979004 4706.865234 4279.731445 3815.817627 3164.980713 3332.042236 3477.037354 3548.831787 3524.315186 3446.113525 3355.615479 2394.127930 2190.524902 1990.598755 1912.392334 2017.857544 2271.077148 2554.064453 2190.285156 2074.517578 1992.908691 1980.109741 2041.400879 2159.841309 2303.916992,
 2087.982178 2024.337646 2001.719238 2008.792480 2021.238525 2029.231689 2030.979248 2388.816895 2233.779297 2078.572754 1987.303711 1989.144897 2069.438965 2169.728027 2835.161377 2881.293213 2892.691406 2855.989502 2767.255371 2668.565674 2593.477295 2998.547119 3253.896240 3496.180908 3601.583496 3496.180908 3253.896240 2998.547119 2593.477295 2668.565674 2767.255371 2855.989502 2892.691406 2881.293213 2835.161377 2169.728027 2069.438965 1989.144897 1987.303711 2078.572754 2233.779297 2388.816895 2030.979248 2029.231689 2021.238525 2008.792480 2001.719238 2024.337646 2087.982178,
 1711.687012 1672.156128 1656.339844 1665.596313 1688.916748 1716.129761 1738.163086 2070.160645 1961.157593 1866.519043 1824.171021 1837.986816 1884.863159 1927.229248 2480.356201 2498.259766 2498.481445 2468.473389 2397.170410 2307.785156 2229.038818 2550.478027 2714.083008 2868.349121 2935.166992 2868.349121 2714.083008 2550.478027 2229.038818 2307.785156 2397.170410 2468.473389 2498.481445 2498.259766 2480.356201 1927.229248 1884.863159 1837.986816 1824.171021 1866.519043 1961.157593 2070.160645 1738.163086 1716.129761 1688.916748 1665.596313 1656.339844 1672.156128 1711.687012,
 892.674072 903.190430 895.738281 870.864197 839.512939 820.260864 819.860474 1568.744507 1555.102539 1533.861084 1510.047485 1491.143799 1495.638916 1525.597778 2121.499512 2136.976318 2148.561035 2136.382324 2084.520996 2021.173950 1978.614258 2261.994873 2354.722168 2449.455322 2493.138672 2449.455322 2354.722168 2261.994873 1978.614258 2021.173950 2084.520996 2136.382324 2148.561035 2136.976318 2121.499512 1525.597778 1495.638916 1491.143799 1510.047485 1533.861084 1555.102539 1568.744507 819.860474 820.260864 839.512939 870.864197 895.738281 903.190430 892.674072,
 -1548.137939 -1551.496216 -1571.614502 -1590.182251 -1578.947510 -1553.358032 -1544.616211 28.648817 22.982079 -2.296352 -39.213188 -55.151745 -34.691437 -1.771328 1556.787231 1592.708740 1622.534424 1608.875854 1554.268799 1512.040039 1509.725708 2152.184814 2203.194580 2281.855225 2323.376953 2281.855225 2203.194580 2152.184814 1509.725708 1512.040039 1554.268799 1608.875854 1622.534424 1592.708740 1556.787231 -1.771328 -34.691437 -55.151745 -39.213188 -2.296352 22.982079 28.648817 -1544.616211 -1553.358032 -1578.947510 -1590.182251 -1571.614502 -1551.496216 -1548.137939,

Auto-correlations of the modulus of each oriented sub-band
 6.747618 7.879537 8.798382 9.175734 8.876736 8.060992 7.095431 7.803057 9.024241 9.953229 10.249315 9.824597 8.843202 7.662575 8.982891 10.980538 12.688618 13.353365 12.589304 10.762593 8.677189 9.361633 12.399383 15.622961 17.130886 15.622961 12.399383 9.361633 8.677189 10.762593 12.589304 13.353365 12.688618 10.980538 8.982891 7.662575 8.843202 9.824597 10.249315 9.953229 9.024241 7.803057 7.095431 8.060992 8.876736 9.175734 8.798382 7.879537 6.747618,
 100.698631 108.463036 116.100731 122.614113 127.098351 129.859497 131.224411 118.653320 131.913757 145.729492 154.487320 155.052734 150.891296 145.455017 138.035400 158.035507 180.000244 191.488129 184.564941 168.864822 153.830688 151.518723 173.066879 197.332321 209.804718 197.332321 173.066879 151.518723 153.830688 168.864822 184.564941 191.488129 180.000244 158.035507 138.035400 145.455017 150.891296 155.052734 154.487320 145.729492 131.913757 118.653320 131.224411 129.859497 127.098351 122.614113 116.100731 108.463036 100.698631,
 298.906281 308.048920 315.814331 317.190521 309.773193 299.861542 293.664154 338.396088 369.925079 403.327606 416.626190 396.721039 361.808685 333.671356 377.690216 436.527893 503.980164 535.119995 498.768738 430.410095 373.783783 392.980042 464.216248 549.414490 592.971741 549.414490 464.216248 392.980042 373.783783 430.410095 498.768738 535.119995 503.980164 436.527893 377.690216 333.671356 361.808685 396.721039 416.626190 403.327606 369.925079 338.396088 293.664154 299.861542 309.773193 317.190521 315.814331 308.048920 298.906281,
 129.527725 127.449867 124.526939 120.296692 114.194466 107.671867 102.624954 145.719772 151.084869 155.162048 154.253784 145.104889 131.440002 119.644875 155.983475 171.438095 187.207245 193.508926 181.423248 159.011276 139.247940 153.699982 175.676590 200.327972 212.701416 200.327972 175.676590 153.699982 139.247940 159.011276 181.423248 193.508926 187.207245 171.438095 155.983475 119.644875 131.440002 145.104889 154.253784 155.162048 151.084869 145.719772 102.624954 107.671867 114.194466 120.296692 124.526939 127.449867 129.527725,
 4.038587 4.931841 5.650531 5.864682 5.447791 4.556977 3.551768 4.344777 5.338767 6.103116 6.337541 5.930027 4.982787 3.834848 4.633408 6.307610 7.903625 8.654453 8.037077 6.380426 4.556032 4.981352 7.445775 10.076796 11.311449 10.076796 7.445775 4.981352 4.556032 6.380426 8.037077 8.654453 7.903625 6.307610 4.633408 3.834848 4.982787 5.930027 6.337541 6.103116 5.338767 4.344777 3.551768 4.556977 5.447791 5.864682 5.650531 4.931841 4.038587,
 34.191265 36.186119 38.044258 39.982796 41.776222 43.012756 43.493687 39.363293 45.369999 51.830067 55.197952 54.204395 51.127941 48.006611 45.142269 55.812870 68.821465 74.861992 69.013695 58.739132 50.612926 49.567307 61.295135 76.719620 85.152100 76.719620 61.295135 49.567307 50.612926 58.739132 69.013695 74.861992 68.821465 55.812870 45.142269 48.006611 51.127941 54.204395 55.197952 51.830067 45.369999 39.363293 43.493687 43.012756 41.776222 39.982796 38.044258 36.186119 34.191265,
 137.801285 141.888077 149.329010 155.295517 153.978638 147.290634 141.428391 151.159683 168.551849 192.456299 206.668518 196.449310 171.757721 151.436935 164.654144 199.645828 245.653610 270.707275 248.106430 201.063187 164.003937 170.343704 214.584778 272.343475 302.624237 272.343475 214.584778 170.343704 164.003937 201.063187 248.106430 270.707275 245.653610 199.645828 164.654144 151.436935 171.757721 196.449310 206.668518 192.456299 168.551849 151.159683 141.428391 147.290634 153.978638 155.295517 149.329010 141.888077 137.801285,
 68.366203 70.375519 71.484085 71.053238 68.568619 64.059875 58.369186 75.081100 81.966812 87.832832 90.272751 86.578087 77.482407 67.397110 80.221725 93.376938 106.661385 113.706360 107.297173 91.460434 76.003510 80.877029 97.949608 116.415955 125.564537 116.415955 97.949608 80.877029 76.003510 91.460434 107.297173 113.706360 106.661385 93.376938 80.221725 67.397110 77.482407 86.578087 90.272751 87.832832 81.966812 75.081100 58.369186 64.059875 68.568619 71.053238 71.484085 70.375519 68.366203,
 1.686296 1.964118 2.189890 2.198182 1.947476 1.567198 1.205897 1.860927 2.296018 2.646081 2.650724 2.282073 1.730085 1.241486 1.909446 2.881104 3.919723 4.281138 3.595577 2.365852 1.363070 1.738609 3.240234 5.110846 6.037865 5.110846 3.240234 1.738609 1.363070 2.365852 3.595577 4.281138 3.919723 2.881104 1.909446 1.241486 1.730085 2.282073 2.650724 2.646081 2.296018 1.860927 1.205897 1.567198 1.947476 2.198182 2.189890 1.964118 1.686296,
 9.307461 12.149473 14.998884 17.012264 17.354269 15.965590 13.327782 13.693114 18.669849 24.035398 26.388496 24.239397 19.876431 15.232179 17.055380 25.120630 34.384872 38.195107 32.899063 24.083097 16.664190 17.734880 26.979340 38.328239 44.317635 38.328239 26.979340 17.734880 16.664190 24.083097 32.899063 38.195107 34.384872 25.120630 17.055380 15.232179 19.876431 24.239397 26.388496 24.035398 18.669849 13.693114 13.327782 15.965590 17.354269 17.012264 14.998884 12.149473 9.307461,
 45.368816 49.522598 55.184120 58.973259 57.578804 52.461082 45.908527 69.223289 80.065269 93.587418 100.641830 93.556274 77.232262 60.547218 90.765808 113.351044 139.084915 151.425278 137.708298 108.587875 80.871399 95.328362 126.155777 160.023285 176.414658 160.023285 126.155777 95.328362 80.871399 108.587875 137.708298 151.425278 139.084915 113.351044 90.765808 60.547218 77.232262 93.556274 100.641830 93.587418 80.065269 69.223289 45.908527 52.461082 57.578804 58.973259 55.184120 49.522598 45.368816,
 40.942635 40.600471 38.210861 34.095467 28.723328 23.206940 18.642780 47.649246 51.946587 53.620834 51.510933 44.970169 36.112160 27.941412 50.892891 60.167248 67.645897 69.481117 62.540844 50.496151 38.823326 47.734535 60.089355 72.143494 77.768501 72.143494 60.089355 47.734535 38.823326 50.496151 62.540844 69.481117 67.645897 60.167248 50.892891 27.941412 36.112160 44.970169 51.510933 53.620834 51.946587 47.649246 18.642780 23.206940 28.723328 34.095467 38.210861 40.600471 40.942635,
 -0.072083 -0.064638 0.142984 0.458277 0.681639 0.641169 0.354229 -0.113758 0.254036 1.110151 2.053622 2.482382 2.102883 1.251363 0.507556 1.689713 3.352600 4.587076 4.496838 3.202956 1.621914 1.381023 3.212529 5.207375 6.131565 5.207375 3.212529 1.381023 1.621914 3.202956 4.496838 4.587076 3.352600 1.689713 0.507556 1.251363 2.102883 2.482382 2.053622 1.110151 0.254036 -0.113758 0.354229 0.641169 0.681639 0.458277 0.142984 -0.064638 -0.072083,
 -4.505004 -1.470899 1.480776 2.679044 2.842511 2.844282 2.928788 -2.749533 1.817143 6.341099 7.336426 5.606200 3.570583 2.209361 -1.018442 4.755275 11.563066 13.520979 9.544241 4.388935 0.878238 -0.037555 5.338970 12.807510 16.823647 12.807510 5.338970 -0.037555 0.878238 4.388935 9.544241 13.520979 11.563066 4.755275 -1.018442 2.209361 3.570583 5.606200 7.336426 6.341099 1.817143 -2.749533 2.928788 2.844282 2.842511 2.679044 1.480776 -1.470899 -4.505004,
 11.100327 16.319235 19.967842 17.008911 8.126280 -0.537546 -3.780709 18.828840 28.721142 37.740860 37.492096 26.181599 11.830193 3.293520 22.483639 37.730328 53.879799 58.637894 46.230919 26.295322 11.552380 19.347811 37.051228 58.217163 68.484924 58.217163 37.051228 19.347811 11.552380 26.295322 46.230919 58.637894 53.879799 37.730328 22.483639 3.293520 11.830193 26.181599 37.492096 37.740860 28.721142 18.828840 -3.780709 -0.537546 8.126280 17.008911 19.967842 16.319235 11.100327,
 3.639029 3.811432 3.687009 3.060819 2.641394 2.745314 2.957950 6.473710 7.530563 8.243838 9.294817 10.788526 11.441332 10.556788 10.172802 13.279514 16.816101 20.555712 21.973186 19.606884 15.328487 14.231263 19.422928 24.847769 27.486210 24.847769 19.422928 14.231263 15.328487 19.606884 21.973186 20.555712 16.816101 13.279514 10.172802 10.556788 11.441332 10.788526 9.294817 8.243838 7.530563 6.473710 2.957950 2.745314 2.641394 3.060819 3.687009 3.811432 3.639029,

Pairwise cross-correlations of the modulus of all oriented sub-bands at the same scale (size QxQ)
 17.130886 25.814165 25.252632 21.404396,
 25.814165 209.804749 226.107315 40.289612,
 25.252632 226.107315 592.971863 250.190048,
 21.404396 40.289612 250.190048 212.701447,
 11.311449 10.938932 19.331842 15.824966,
 10.938932 85.152122 106.289238 23.640640,
 19.331842 106.289238 302.624268 140.297211,
 15.824966 23.640640 140.297211 125.564545,
 6.037865 6.743393 8.523665 6.031244,
 6.743393 44.317638 50.919746 8.421000,
 8.523665 50.919746 176.414688 87.652405,
 6.031244 8.421000 87.652405 77.768509,
 6.131566 3.862257 8.990377 6.262146,
 3.862257 16.823645 22.849255 3.215044,
 8.990377 22.849255 68.484924 28.681751,
 6.262146 3.215044 28.681751 27.486214,

Cross-correlations of the modulus of all oriented sub-bands with all oriented sub-bands at the coarser scale (size QxQ)
 8.845994 11.616918 16.904531 14.474637,
 14.770259 68.356590 74.752800 16.151581,
 26.673603 92.335747 194.415970 98.457619,
 19.228359 30.054054 110.522301 92.274864,
 5.019420 7.086721 11.316513 8.746007,
 7.553604 24.992455 39.087425 14.274958,
 12.500902 25.737690 90.578766 58.685318,
 7.530599 5.381780 51.241455 49.450981,
 3.218866 2.763834 4.745914 2.696610,
 4.479805 13.542845 17.364653 -2.060268,
 8.245804 12.291073 46.717930 19.017263,
 6.071262 -0.167076 24.426857 18.884972,

Cross-correlations of the real part of each oriented sub-band with both the real and imaginary part of all phase-doubled oriented sub-bands at the next coarser scale (Q matrices of size 1x2Q, which are computed and stored in a matrix of size Qx2Q)
 -2.028606 -2.512373 -2.277265 -3.955104 0.625915 0.336961 0.796901 1.030473,
 -2.016166 -24.973061 -9.603451 -0.247231 0.364918 3.355787 2.944287 0.999118,
 -3.594187 -25.022066 -5.235812 -12.330870 -0.194083 2.925477 10.590952 13.622389,
 -4.477743 -2.233416 -3.184613 -20.888998 -0.180052 0.091474 8.079608 13.989667,
 -0.288613 -0.408501 -0.537678 -1.132056 0.250547 0.751731 0.556323 0.476574,
 -0.294033 -4.423578 -2.386247 -4.196162 0.272710 5.794185 -2.365846 -0.787021,
 -0.591395 -4.205922 -20.179510 -25.957884 -0.010747 1.301793 -20.329231 0.122523,
 -0.746135 -0.265932 -15.885517 -19.499046 -0.055728 -2.161318 -10.602089 3.522938,
 -1.050589 -0.662741 -0.287147 -0.564490 -0.452121 -0.670923 -0.453538 -0.588872,
 -0.518073 -4.094613 -10.473051 -3.065142 -0.252088 -3.056253 -1.542844 -1.390082,
 -0.437413 -5.761416 -37.502159 -15.445913 0.036840 -2.908689 -13.753359 -11.861697,
 -1.081428 -1.784903 -18.605915 -9.414055 -0.295544 -0.602698 -11.409703 -9.777071,
