Low-band skewness and kurtosis
 -0.411483 2.115715,
 -0.234420 2.415773,
 -0.017006 2.445996,
 0.358027 2.439850,
 0.649684 2.033267,

High-band variance
 1096.021973,

Skewness, kurtosis, variance, mean, maximum and minimum of the reconstructed texture
 -0.589275 1.904374 5393.860840 187.395447 255.000000 5.000000,

Auto-correlations of the low-frequency bands at each scale
 528.541626 479.234131 427.022736 377.786469 339.701447 327.651794 353.595337 320.283173 191.811523 123.318893 143.103363 260.391663 465.318542 719.961182 1682.964966 1858.762695 2063.251465 2254.074463 2394.066895 2486.918945 2537.318359 3344.196045 3685.257080 3953.677246 4060.378906 3953.677246 3685.257080 3344.196045 2537.318359 2486.918945 2394.066895 2254.074463 2063.251465 1858.762695 1682.964966 719.961182 465.318542 260.391663 143.103363 123.318893 191.811523 320.283173 353.595337 327.651794 339.701447 377.786469 427.022736 479.234131 528.541626,
 437.880127 424.274658 401.556610 374.383392 349.922882 337.651672 345.060547 387.039185 321.659912 285.713654 294.475342 350.059296 453.204956 589.725952 1074.435303 1162.238159 1286.869751 1411.950439 1495.880737 1543.225952 1566.663574 1966.386841 2163.727783 2332.020996 2403.103516 2332.020996 2163.727783 1966.386841 1566.663574 1543.225952 1495.880737 1411.950439 1286.869751 1162.238159 1074.435303 589.725952 453.204956 350.059296 294.475342 285.713654 321.659912 387.039185 345.060547 337.651672 349.922882 374.383392 401.556610 424.274658 437.880127,
 336.987061 338.613861 336.811798 337.838348 345.513092 359.856964 380.459778 371.168457 328.464966 304.474976 316.732391 363.583374 433.276489 509.837036 754.435791 799.141174 866.944336 937.365356 980.130859 996.261536 997.527954 1229.137207 1347.834961 1454.689819 1501.375854 1454.689819 1347.834961 1229.137207 997.527954 996.261536 980.130859 937.365356 866.944336 799.141174 754.435791 509.837036 433.276489 363.583374 316.732391 304.474976 328.464966 371.168457 380.459778 359.856964 345.513092 337.838348 336.811798 338.613861 336.987061,
 209.060043 214.673523 212.372604 198.169800 167.542435 130.205963 98.399490 311.828613 270.151581 245.935196 242.501984 253.149826 280.923004 325.557861 533.994446 548.488953 591.883484 646.049744 683.306458 704.505310 718.325134 845.300415 915.613892 982.193359 1012.376709 982.193359 915.613892 845.300415 718.325134 704.505310 683.306458 646.049744 591.883484 548.488953 533.994446 325.557861 280.923004 253.149826 242.501984 245.935196 270.151581 311.828613 98.399490 130.205963 167.542435 198.169800 212.372604 214.673523 209.060043,
 -414.161469 -430.283508 -438.241455 -429.745972 -409.207947 -393.454407 -390.504425 -136.678986 -147.649963 -147.453644 -133.484909 -117.684052 -111.269196 -114.144814 395.940094 399.909882 414.816345 431.249329 432.560791 421.124176 408.798065 699.003052 716.192688 740.373657 753.295959 740.373657 716.192688 699.003052 408.798065 421.124176 432.560791 431.249329 414.816345 399.909882 395.940094 -114.144814 -111.269196 -117.684052 -133.484909 -147.453644 -147.649963 -136.678986 -390.504425 -393.454407 -409.207947 -429.745972 -438.241455 -430.283508 -414.161469,

Auto-correlations of the modulus of each oriented sub-band
 3.554233 4.760626 5.847403 6.357905 6.071096 5.190074 4.151780 4.271333 5.595897 6.731102 7.219975 6.854362 5.853148 4.682452 5.388058 7.311541 8.895507 9.422777 8.692496 7.158639 5.467013 5.899827 8.283973 10.551182 11.534694 10.551182 8.283973 5.899827 5.467013 7.158639 8.692496 9.422777 8.895507 7.311541 5.388058 4.682452 5.853148 6.854362 7.219975 6.731102 5.595897 4.271333 4.151780 5.190074 6.071096 6.357905 5.847403 4.760626 3.554233,
 48.820583 53.572701 57.903603 61.003143 62.536995 62.921013 62.837605 70.149254 80.947098 90.837265 96.365692 96.577988 93.549774 89.415199 97.219933 114.365036 130.555283 138.298279 134.305862 123.636688 111.923897 115.543686 133.572754 150.955765 158.839081 150.955765 133.572754 115.543686 111.923897 123.636688 134.305862 138.298279 130.555283 114.365036 97.219933 89.415199 93.549774 96.577988 96.365692 90.837265 80.947098 70.149254 62.837605 62.921013 62.536995 61.003143 57.903603 53.572701 48.820583,
 186.642883 203.831970 213.295761 211.022385 198.577621 183.187805 170.655487 265.243622 311.800476 348.562378 357.812469 334.953247 295.488159 257.744904 347.991394 429.176086 502.016693 529.385498 493.519440 420.632751 347.125732 386.132751 480.905701 571.883423 612.455139 571.883423 480.905701 386.132751 347.125732 420.632751 493.519440 529.385498 502.016693 429.176086 347.991394 257.744904 295.488159 334.953247 357.812469 348.562378 311.800476 265.243622 170.655487 183.187805 198.577621 211.022385 213.295761 203.831970 186.642883,
 35.632351 36.059364 36.110641 35.241402 32.849930 29.415077 26.727596 48.876221 53.121243 58.091419 60.399673 55.931232 46.618320 38.928955 59.619881 69.573517 83.109245 90.944931 83.016640 65.780548 52.540390 61.274910 75.574516 95.512787 106.336899 95.512787 75.574516 61.274910 52.540390 65.780548 83.016640 90.944931 83.109245 69.573517 59.619881 38.928955 46.618320 55.931232 60.399673 58.091419 53.121243 48.876221 26.727596 29.415077 32.849930 35.241402 36.110641 36.059364 35.632351,
 1.468302 2.364899 3.270994 3.749427 3.547912 2.823097 1.987810 2.146285 3.306167 4.442491 5.009669 4.721972 3.775401 2.671746 3.309232 5.149818 6.906948 7.641038 6.940784 5.306423 3.591418 4.042191 6.326459 8.635201 9.671049 8.635201 6.326459 4.042191 3.591418 5.306423 6.940784 7.641038 6.906948 5.149818 3.309232 2.671746 3.775401 4.721972 5.009669 4.442491 3.306167 2.146285 1.987810 2.823097 3.547912 3.749427 3.270994 2.364899 1.468302,
 7.692883 11.698990 16.322906 20.452738 23.764458 26.151707 27.023014 22.104925 30.992207 39.878307 45.196709 46.879345 46.677898 44.672020 42.332329 56.114227 70.213554 76.834244 73.649605 66.336540 58.431747 57.921265 71.610725 86.128273 93.247932 86.128273 71.610725 57.921265 58.431747 66.336540 73.649605 76.834244 70.213554 56.114227 42.332329 44.672020 46.677898 46.879345 45.196709 39.878307 30.992207 22.104925 27.023014 26.151707 23.764458 20.452738 16.322906 11.698990 7.692883,
 18.253048 31.338217 45.114563 55.018341 57.220093 52.906868 46.843113 64.087585 95.164093 124.999435 141.703568 137.729233 118.612823 96.192291 124.809784 179.084412 229.935669 254.304321 238.471466 195.132568 147.163910 162.510742 226.212784 285.660248 311.534851 285.660248 226.212784 162.510742 147.163910 195.132568 238.471466 254.304321 229.935669 179.084412 124.809784 96.192291 118.612823 137.729233 141.703568 124.999435 95.164093 64.087585 46.843113 52.906868 57.220093 55.018341 45.114563 31.338217 18.253048,
 6.623796 7.075228 7.198808 7.305034 7.152874 6.380638 5.464818 14.285433 15.880204 17.608244 19.324398 18.720476 14.912400 10.891830 20.911226 25.262577 31.829670 37.348442 34.632908 25.424999 17.842031 22.255615 29.802876 40.969490 47.446426 40.969490 29.802876 22.255615 17.842031 25.424999 34.632908 37.348442 31.829670 25.262577 20.911226 10.891830 14.912400 18.720476 19.324398 17.608244 15.880204 14.285433 5.464818 6.380638 7.152874 7.305034 7.198808 7.075228 6.623796,
 0.435971 0.577214 0.821146 0.953275 0.824868 0.561606 0.394976 0.668533 1.029998 1.407333 1.530698 1.305849 0.955752 0.732515 1.269311 2.167848 3.098051 3.411047 2.838956 1.910855 1.211651 1.675752 2.890727 4.382852 5.128103 4.382852 2.890727 1.675752 1.211651 1.910855 2.838956 3.411047 3.098051 2.167848 1.269311 0.732515 0.955752 1.305849 1.530698 1.407333 1.029998 0.668533 0.394976 0.561606 0.824868 0.953275 0.821146 0.577214 0.435971,
 -0.355947 1.263973 2.455543 3.198292 3.633921 3.720043 3.779390 5.720564 10.921064 15.212229 15.985923 13.972528 11.310392 9.140974 13.660437 22.700392 31.893831 34.740891 29.495890 21.778814 15.396132 17.884125 27.638643 38.946289 44.747189 38.946289 27.638643 17.884125 15.396132 21.778814 29.495890 34.740891 31.893831 22.700392 13.660437 9.140974 11.310392 13.972528 15.985923 15.212229 10.921064 5.720564 3.779390 3.720043 3.633921 3.198292 2.455543 1.263973 -0.355947,
 -0.106705 10.018798 19.080286 22.305801 19.193739 12.728568 4.354211 10.590232 30.213041 48.669369 56.716835 50.611858 35.509007 17.288685 32.752277 64.716286 94.801994 108.422226 97.082054 69.764458 38.819080 48.165695 86.078568 121.096283 136.695007 121.096283 86.078568 48.165695 38.819080 69.764458 97.082054 108.422226 94.801994 64.716286 32.752277 17.288685 35.509007 50.611858 56.716835 48.669369 30.213041 10.590232 4.354211 12.728568 19.193739 22.305801 19.080286 10.018798 -0.106705,
 2.027445 4.313933 6.771037 8.547936 8.596391 6.449422 3.199860 3.856745 7.223534 11.369436 15.016906 15.143698 10.767864 5.318989 6.252582 11.624284 18.783525 24.490911 22.578367 14.612567 7.215535 7.778793 15.047600 24.451046 29.712532 24.451046 15.047600 7.778793 7.215535 14.612567 22.578367 24.490911 18.783525 11.624284 6.252582 5.318989 10.767864 15.143698 15.016906 11.369436 7.223534 3.856745 3.199860 6.449422 8.596391 8.547936 6.771037 4.313933 2.027445,
 -0.036102 0.479653 1.031271 1.286528 1.035407 0.415666 -0.254695 -0.165084 0.438809 1.040388 1.280644 0.987024 0.349627 -0.315571 0.009186 0.938016 1.867936 2.216398 1.724015 0.783420 -0.094128 0.148565 1.258289 2.460436 3.024400 2.460436 1.258289 0.148565 -0.094128 0.783420 1.724015 2.216398 1.867936 0.938016 0.009186 -0.315571 0.349627 0.987024 1.280644 1.040388 0.438809 -0.165084 -0.254695 0.415666 1.035407 1.286528 1.031271 0.479653 -0.036102,
 3.698036 2.954051 3.343921 4.328298 4.238949 2.918926 2.068412 8.518179 9.706999 11.217757 11.333336 9.657453 7.402254 5.601744 11.113703 14.303997 18.549314 19.381542 15.605707 11.340031 8.758915 10.870800 14.328826 20.146084 23.522186 20.146084 14.328826 10.870800 8.758915 11.340031 15.605707 19.381542 18.549314 14.303997 11.113703 5.601744 7.402254 9.657453 11.333336 11.217757 9.706999 8.518179 2.068412 2.918926 4.238949 4.328298 3.343921 2.954051 3.698036,
 10.485117 12.313158 10.747925 4.506195 -6.859831 -16.465345 -18.406145 15.482594 24.972939 30.992306 27.989590 13.710400 -2.677217 -12.421738 15.334461 32.143284 47.750549 51.291737 36.754799 15.257453 -1.488332 9.210293 28.941166 50.757072 61.515259 50.757072 28.941166 9.210293 -1.488332 15.257453 36.754799 51.291737 47.750549 32.143284 15.334461 -12.421738 -2.677217 13.710400 27.989590 30.992306 24.972939 15.482594 -18.406145 -16.465345 -6.859831 4.506195 10.747925 12.313158 10.485117,
 -1.093230 -0.621162 -0.548484 -1.009817 -1.428866 -1.234241 -1.020349 0.379719 1.003607 1.364963 1.615415 2.050030 1.965322 0.910015 1.468091 2.772644 4.575192 6.549616 6.828155 4.696366 2.161822 2.145744 4.546391 7.752278 9.599171 7.752278 4.546391 2.145744 2.161822 4.696366 6.828155 6.549616 4.575192 2.772644 1.468091 0.910015 1.965322 2.050030 1.615415 1.364963 1.003607 0.379719 -1.020349 -1.234241 -1.428866 -1.009817 -0.548484 -0.621162 -1.093230,

Pairwise cross-correlations of the modulus of all oriented sub-bands at the same scale (size QxQ)
 11.534694 11.722815 7.582479 7.828955,
 11.722815 158.839066 246.991623 54.005875,
 7.582479 246.991623 612.455078 187.795975,
 7.828955 54.005875 187.795975 106.336899,
 9.671050 6.435721 6.286476 5.064677,
 6.435721 93.247925 134.872070 23.086842,
 6.286476 134.872070 311.534851 80.792877,
 5.064677 23.086842 80.792877 47.446430,
 5.128103 4.758249 4.571789 4.181412,
 4.758249 44.747185 53.965794 9.716303,
 4.571789 53.965794 136.695023 39.888428,
 4.181412 9.716303 39.888428 29.712532,
 3.024400 1.009530 1.442886 2.117036,
 1.009530 23.522186 23.599243 0.221463,
 1.442886 23.599243 61.515266 10.948005,
 2.117036 0.221463 10.948005 9.599171,

Cross-correlations of the modulus of all oriented sub-bands with all oriented sub-bands at the coarser scale (size QxQ)
 7.040893 6.959281 3.378865 4.013203,
 11.445555 29.526754 24.608095 5.031896,
 17.190956 30.561626 54.845310 23.644266,
 9.555180 7.692934 19.465675 19.223026,
 4.454025 4.847615 4.127945 4.930959,
 4.099654 17.509132 20.013931 -0.199200,
 5.521165 19.596315 33.236450 4.768831,
 3.240226 2.380269 5.794176 7.594375,
 1.707717 1.617501 1.197325 1.955168,
 3.286773 2.014013 -2.693349 0.272202,
 2.984102 -6.131514 -7.473795 -0.213465,
 2.911683 -2.333045 -1.994845 2.893082,

Cross-correlations of the real part of each oriented sub-band with both the real and imaginary part of all phase-doubled oriented sub-bands at the next coarser scale (Q matrices of size 1x2Q, which are computed and stored in a matrix of size Qx2Q)
 -0.727608 -1.666503 -1.010077 -1.218277 0.585521 0.053101 -0.219802 -0.421850,
 -1.256498 -37.241650 -42.934971 -9.810451 0.223196 1.460713 -2.961721 -2.422172,
 -1.108328 -57.435787 -95.420639 -39.757324 0.019179 0.953744 -10.531293 -9.348931,
 -0.668420 -11.153584 -31.990644 -24.072065 0.271095 -0.300653 -5.550138 -5.646585,
 0.530171 -0.716764 -0.861298 -1.036742 -0.581048 0.264557 0.525634 0.271169,
 -0.465257 -21.992071 -30.553684 -4.595419 -0.283789 18.596512 25.924450 1.698865,
 -0.595541 -34.023300 -58.459049 -17.125896 0.094622 31.819723 44.381413 3.915769,
 0.075515 -6.184202 -16.240364 -11.448565 -0.171802 6.650119 9.739254 1.841628,
 -0.214187 -1.768364 -0.616673 -0.189518 -0.163603 0.161357 -0.286696 -0.606857,
 -0.606920 -21.860157 -13.785763 1.162830 -0.192540 -3.376868 -1.088395 1.409768,
 -0.423703 -23.779129 -2.214576 7.977967 -0.140191 -3.377325 5.464404 3.426645,
 -0.013432 -1.795308 8.374372 4.115659 0.099267 -0.038551 3.431481 -0.985701,
