Low-band skewness and kurtosis
 -0.547630 2.124677,
 -0.403148 2.092742,
 -0.264033 2.004077,
 -0.142851 1.878542,
 -0.049961 1.832225,

High-band variance
 981.800598,

Skewness, kurtosis, variance, mean, maximum and minimum of the reconstructed texture
 -0.663570 1.948076 5917.623535 188.099976 255.000000 3.000000,

Auto-correlations of the low-frequency bands at each scale
 1887.404053 1735.593262 1629.334473 1600.207764 1634.796631 1702.260498 1776.126221 2183.868408 1963.451904 1729.469116 1599.068237 1633.559204 1795.580811 1978.467041 3159.047607 3300.737549 3375.087646 3342.620605 3213.941162 3062.573486 2940.672607 3727.988525 4162.635742 4567.073242 4738.863281 4567.073242 4162.635742 3727.988525 2940.672607 3062.573486 3213.941162 3342.620605 3375.087646 3300.737549 3159.047607 1978.467041 1795.580811 1633.559204 1599.068237 1729.469116 1963.451904 2183.868408 1776.126221 1702.260498 1634.796631 1600.207764 1629.334473 1735.593262 1887.404053,
 1899.753906 1813.703003 1746.660156 1712.843140 1705.326904 1713.640991 1728.265137 2029.649414 1876.754761 1717.541504 1621.394165 1624.036621 1708.696655 1814.246582 2481.219971 2550.382080 2588.545410 2565.328613 2477.301758 2375.850342 2301.068115 2763.833984 3036.581299 3299.281982 3413.760254 3299.281982 3036.581299 2763.833984 2301.068115 2375.850342 2477.301758 2565.328613 2588.545410 2550.382080 2481.219971 1814.246582 1708.696655 1624.036621 1621.394165 1717.541504 1876.754761 2029.649414 1728.265137 1713.640991 1705.326904 1712.843140 1746.660156 1813.703003 1899.753906,
 1467.841064 1431.980591 1417.072266 1423.902222 1445.992920 1472.088257 1489.761475 1801.488037 1701.559570 1596.041382 1530.295044 1529.689575 1585.567383 1655.085693 2173.692139 2211.338379 2215.283203 2171.533203 2085.987305 2004.842285 1958.540405 2253.772461 2416.142090 2578.635986 2651.321777 2578.635986 2416.142090 2253.772461 1958.540405 2004.842285 2085.987305 2171.533203 2215.283203 2211.338379 2173.692139 1655.085693 1585.567383 1529.689575 1530.295044 1596.041382 1701.559570 1801.488037 1489.761475 1472.088257 1445.992920 1423.902222 1417.072266 1431.980591 1467.841064,
 694.175415 675.289734 643.583435 612.312683 592.377869 581.158630 568.559448 1292.476440 1273.343994 1230.466431 1186.923096 1168.010132 1179.129395 1201.268433 1817.418945 1855.906860 1875.621338 1859.575073 1811.453857 1764.146362 1738.598145 2013.354370 2093.854736 2180.504639 2220.782715 2180.504639 2093.854736 2013.354370 1738.598145 1764.146362 1811.453857 1859.575073 1875.621338 1855.906860 1817.418945 1201.268433 1179.129395 1168.010132 1186.923096 1230.466431 1273.343994 1292.476440 568.559448 581.158630 592.377869 612.312683 643.583435 675.289734 694.175415,
 -1235.837158 -1249.990601 -1290.862671 -1332.226685 -1344.940308 -1323.934937 -1286.393311 -41.269318 -25.602470 -47.819122 -96.569702 -137.269180 -143.851593 -119.143967 1283.000122 1333.863159 1362.526978 1344.006470 1289.266724 1239.855347 1223.239624 1861.114258 1916.081909 1982.149658 2013.245605 1982.149658 1916.081909 1861.114258 1223.239624 1239.855347 1289.266724 1344.006470 1362.526978 1333.863159 1283.000122 -119.143967 -143.851593 -137.269180 -96.569702 -47.819122 -25.602470 -41.269318 -1286.393311 -1323.934937 -1344.940308 -1332.226685 -1290.862671 -1249.990601 -1235.837158,

Auto-correlations of the modulus of each oriented sub-band
 7.335125 8.080496 8.550760 8.515224 7.907450 6.925912 5.910426 7.916564 8.974068 9.716258 9.857567 9.341521 8.316441 7.061486 8.608967 10.585096 12.321193 13.168364 12.616178 10.824160 8.604992 9.133375 12.270306 15.492443 16.982119 15.492443 12.270306 9.133375 8.604992 10.824160 12.616178 13.168364 12.321193 10.585096 8.608967 7.061486 8.316441 9.341521 9.857567 9.716258 8.974068 7.916564 5.910426 6.925912 7.907450 8.515224 8.550760 8.080496 7.335125,
 62.328300 67.350746 73.850723 80.513306 85.368683 87.970207 88.854210 77.035789 88.447968 101.641937 110.938538 112.280930 108.288010 102.648750 95.576759 114.023911 135.038132 146.703949 140.807449 126.042786 111.655540 109.548569 129.735489 152.640442 164.413895 152.640442 129.735489 109.548569 111.655540 126.042786 140.807449 146.703949 135.038132 114.023911 95.576759 102.648750 108.288010 112.280930 110.938538 101.641937 88.447968 77.035789 88.854210 87.970207 85.368683 80.513306 73.850723 67.350746 62.328300,
 258.318268 271.491882 283.239746 287.763733 281.806396 269.401001 257.002167 305.572021 340.474304 377.652283 394.272583 375.640930 336.039612 298.665771 354.750885 419.911957 492.834045 527.382568 491.380310 416.257904 348.247528 374.180878 455.804260 548.276062 593.687683 548.276062 455.804260 374.180878 348.247528 416.257904 491.380310 527.382568 492.834045 419.911957 354.750885 298.665771 336.039612 375.640930 394.272583 377.652283 340.474304 305.572021 257.002167 269.401001 281.806396 287.763733 283.239746 271.491882 258.318268,
 122.816330 124.618408 124.328186 120.364784 112.948105 104.605042 97.476639 139.972794 149.292068 156.658768 156.478180 145.730301 129.174484 114.110725 152.787445 172.346588 192.078522 199.668121 185.777588 159.620941 135.861115 151.899567 178.106049 206.915833 221.035980 206.915833 178.106049 151.899567 135.861115 159.620941 185.777588 199.668121 192.078522 172.346588 152.787445 114.110725 129.174484 145.730301 156.478180 156.658768 149.292068 139.972794 97.476639 104.605042 112.948105 120.364784 124.328186 124.618408 122.816330,
 4.175607 4.705228 5.251746 5.550159 5.377914 4.782929 4.070861 4.392831 5.196752 5.963062 6.418240 6.324831 5.638097 4.670163 5.060362 6.702697 8.432032 9.368855 8.848867 7.179542 5.320429 5.675747 8.199244 10.983429 12.308410 10.983429 8.199244 5.675747 5.320429 7.179542 8.848867 9.368855 8.432032 6.702697 5.060362 4.670163 5.638097 6.324831 6.418240 5.963062 5.196752 4.392831 4.070861 4.782929 5.377914 5.550159 5.251746 4.705228 4.175607,
 29.847694 34.642757 39.480328 42.395836 43.090778 42.517338 41.835037 38.628933 48.458630 57.867702 61.418678 58.549107 52.893757 47.548779 47.892693 63.163158 78.866692 84.597763 76.839622 63.638447 51.951057 52.667252 68.975853 87.361435 96.458832 87.361435 68.975853 52.667252 51.951057 63.638447 76.839622 84.597763 78.866692 63.163158 47.892693 47.548779 52.893757 58.549107 61.418678 57.867702 48.458630 38.628933 41.835037 42.517338 43.090778 42.395836 39.480328 34.642757 29.847694,
 133.308823 141.563370 147.778976 146.376511 134.923325 119.066544 107.065887 157.926117 180.674042 205.605789 214.913147 197.076279 164.303864 136.726349 179.613846 221.155273 269.996338 293.073578 266.828430 214.083466 169.214096 186.150238 237.946838 299.651794 330.442383 299.651794 237.946838 186.150238 169.214096 214.083466 266.828430 293.073578 269.996338 221.155273 179.613846 136.726349 164.303864 197.076279 214.913147 205.605789 180.674042 157.926117 107.065887 119.066544 134.923325 146.376511 147.778976 141.563370 133.308823,
 63.786324 65.196083 64.753944 61.473732 55.769249 48.657326 42.085541 72.319199 78.378693 83.171104 83.617859 76.959602 64.981583 53.650497 77.365288 90.046257 103.982491 110.845139 102.054771 83.295403 66.645988 75.801300 93.304878 114.106964 124.777870 114.106964 93.304878 75.801300 66.645988 83.295403 102.054771 110.845139 103.982491 90.046257 77.365288 53.650497 64.981583 76.959602 83.617859 83.171104 78.378693 72.319199 42.085541 48.657326 55.769249 61.473732 64.753944 65.196083 63.786324,
 1.150018 1.820792 2.538289 2.954117 2.850404 2.325357 1.740594 1.365056 2.085399 2.784859 3.203161 3.116919 2.531213 1.788242 2.035747 3.233904 4.605883 5.367805 4.898803 3.547296 2.243222 2.600363 4.396660 6.618753 7.729986 6.618753 4.396660 2.600363 2.243222 3.547296 4.898803 5.367805 4.605883 3.233904 2.035747 1.788242 2.531213 3.116919 3.203161 2.784859 2.085399 1.365056 1.740594 2.325357 2.850404 2.954117 2.538289 1.820792 1.150018,
 6.257923 11.104249 15.276398 16.635677 15.575991 12.959332 9.212054 9.381294 15.901306 22.163130 23.853218 20.620176 15.575422 10.501478 12.129755 20.423407 29.875183 33.352497 27.633308 18.956972 11.906725 12.896564 21.512259 32.485954 38.433113 32.485954 21.512259 12.896564 11.906725 18.956972 27.633308 33.352497 29.875183 20.423407 12.129755 10.501478 15.575422 20.620176 23.853218 22.163130 15.901306 9.381294 9.212054 12.959332 15.575991 16.635677 15.276398 11.104249 6.257923,
 23.417955 42.510178 61.384769 71.223206 66.594185 50.539505 33.741867 37.469391 65.347412 94.088211 109.166908 100.360550 74.276611 47.923798 52.718357 89.856987 129.591873 149.878662 134.254807 96.017372 59.461864 61.883785 103.138107 147.652878 168.900177 147.652878 103.138107 61.883785 59.461864 96.017372 134.254807 149.878662 129.591873 89.856987 52.718357 47.923798 74.276611 100.360550 109.166908 94.088211 65.347412 37.469391 33.741867 50.539505 66.594185 71.223206 61.384769 42.510178 23.417955,
 34.035915 38.729778 42.536098 43.547638 40.590366 34.344845 27.166927 40.549931 49.327499 57.161610 60.722767 57.150021 47.566109 36.730602 45.913692 59.013542 72.001167 78.799637 73.337929 59.141525 44.563457 47.870621 63.521767 79.650070 87.376251 79.650070 63.521767 47.870621 44.563457 59.141525 73.337929 78.799637 72.001167 59.013542 45.913692 36.730602 47.566109 57.150021 60.722767 57.161610 49.327499 40.549931 27.166927 34.344845 40.590366 43.547638 42.536098 38.729778 34.035915,
 -0.373054 -0.037529 0.476984 0.779417 0.624649 0.110839 -0.443414 -0.284363 0.400389 1.181644 1.630183 1.472474 0.837422 0.063994 -0.023262 1.014835 2.182583 2.974422 2.835346 1.848750 0.652270 0.801426 2.407215 4.110487 4.918085 4.110487 2.407215 0.801426 0.652270 1.848750 2.835346 2.974422 2.182583 1.014835 -0.023262 0.063994 0.837422 1.472474 1.630183 1.181644 0.400389 -0.284363 -0.443414 0.110839 0.624649 0.779417 0.476984 -0.037529 -0.373054,
 -0.368332 0.748285 3.617861 5.759356 5.527754 4.252796 2.079525 1.834162 3.959764 7.880992 10.463562 9.448258 6.907077 3.864416 4.210321 7.339573 12.212675 15.082283 12.921034 9.093895 5.393885 5.675977 9.386602 14.292222 17.329222 14.292222 9.386602 5.675977 5.393885 9.093895 12.921034 15.082283 12.212675 7.339573 4.210321 3.864416 6.907077 9.448258 10.463562 7.880992 3.959764 1.834162 2.079525 4.252796 5.527754 5.759356 3.617861 0.748285 -0.368332,
 7.282891 10.121817 11.619837 8.296462 0.098464 -7.553368 -9.769876 13.096736 21.546515 29.706442 29.340668 19.012171 6.692489 -0.021926 19.961304 33.338364 49.058636 53.672741 42.057262 24.574339 12.872478 21.067696 35.866856 55.517353 65.320511 55.517353 35.866856 21.067696 12.872478 24.574339 42.057262 53.672741 49.058636 33.338364 19.961304 -0.021926 6.692489 19.012171 29.340668 29.706442 21.546515 13.096736 -9.769876 -7.553368 0.098464 8.296462 11.619837 10.121817 7.282891,
 -0.660341 1.089189 3.267102 5.129363 5.765574 5.201715 4.001223 1.886561 5.260034 9.481986 12.527973 12.512557 10.204824 7.551643 5.049704 10.318245 17.177931 21.503550 19.703684 14.168968 9.133228 7.890102 14.148281 21.970217 25.979691 21.970217 14.148281 7.890102 9.133228 14.168968 19.703684 21.503550 17.177931 10.318245 5.049704 7.551643 10.204824 12.512557 12.527973 9.481986 5.260034 1.886561 4.001223 5.201715 5.765574 5.129363 3.267102 1.089189 -0.660341,

Pairwise cross-correlations of the modulus of all oriented sub-bands at the same scale (size QxQ)
 16.982119 17.240038 23.432686 28.091732,
 17.240038 164.413925 215.927521 50.319550,
 23.432686 215.927521 593.687866 251.155029,
 28.091732 50.319550 251.155029 221.035995,
 12.308411 11.032725 14.979992 14.532063,
 11.032725 96.458839 119.803116 19.000589,
 14.979992 119.803116 330.442413 133.680038,
 14.532063 19.000589 133.680038 124.777885,
 7.729986 4.167552 9.839641 9.665312,
 4.167552 38.433109 50.159096 9.573164,
 9.839641 50.159096 168.900177 89.032906,
 9.665312 9.573164 89.032906 87.376251,
 4.918085 -1.548762 -1.843242 3.996776,
 -1.548762 17.329224 23.952028 2.513421,
 -1.843242 23.952028 65.320511 22.692244,
 3.996776 2.513421 22.692244 25.979694,

Cross-correlations of the modulus of all oriented sub-bands with all oriented sub-bands at the coarser scale (size QxQ)
 9.478006 10.825197 13.161230 13.929340,
 13.938969 61.806992 74.064316 16.790878,
 26.484545 77.660477 177.928925 87.650017,
 20.798918 21.483438 87.065712 80.785721,
 5.850723 4.770342 9.325231 9.045057,
 6.162849 26.685619 33.373375 10.274398,
 10.199797 30.487926 72.936539 44.589539,
 7.687684 1.996199 33.577534 43.253414,
 3.584605 0.450222 0.905777 5.312705,
 1.979847 5.095852 8.391928 3.642848,
 5.651966 21.401871 40.901085 21.909098,
 5.791944 13.942366 23.033607 18.917738,

Cross-correlations of the real part of each oriented sub-band with both the real and imaginary part of all phase-doubled oriented sub-bands at the next coarser scale (Q matrices of size 1x2Q, which are computed and stored in a matrix of size Qx2Q)
 -3.104134 -4.429077 -2.353476 -3.852530 0.507899 0.289099 0.158070 0.165287,
 -4.375331 -34.241547 -22.877367 -4.204986 0.016176 4.529246 12.861309 3.803445,
 -4.281529 -35.046200 -48.765842 -29.474335 -0.432303 8.054548 32.975697 13.391086,
 -4.547031 -5.104402 -22.086895 -28.520651 -0.176256 2.065634 11.710752 7.001955,
 -1.133500 -1.605586 -1.310707 -3.382757 0.994412 0.050717 -0.194806 -1.041293,
 -1.402683 -10.342882 5.877675 -0.712076 0.008382 1.015633 -2.398631 -1.207573,
 -2.110245 -8.730622 8.551070 -20.710869 0.266467 1.416551 -8.246082 -10.720632,
 -2.748888 -1.245846 -4.836942 -25.976225 1.184660 0.476326 -5.554666 -10.119005,
 -1.136263 0.057459 0.292218 0.099218 0.669739 -0.056914 0.258809 -0.060871,
 -0.518107 1.678772 4.505854 2.248701 0.118874 4.365299 0.854161 -0.941557,
 -0.040410 5.743664 28.631699 13.008978 0.167949 6.034223 -6.090510 -4.976954,
 -0.624256 2.998933 17.256882 8.850275 0.514980 0.441352 -4.300730 -1.997444,
