Low-band skewness and kurtosis
 -0.674657 2.207995,
 -0.553964 2.151336,
 -0.409273 1.988509,
 -0.330692 1.650720,
 -0.320376 1.619606,

High-band variance
 850.103088,

Skewness, kurtosis, variance, mean, maximum and minimum of the reconstructed texture
 -0.778720 2.094833 6183.004395 191.022278 255.000000 1.000000,

Auto-correlations of the low-frequency bands at each scale
 2517.276123 2470.902588 2405.773438 2332.020020 2274.218262 2275.676514 2367.719971 2458.913086 2292.252441 2195.378662 2222.370361 2390.183838 2675.784668 3003.744629 3150.123291 3317.807373 3571.332764 3838.714355 4034.432861 4129.067383 4108.707520 4203.453125 4641.644531 5007.255371 5156.564453 5007.255371 4641.644531 4203.453125 4108.707520 4129.067383 4034.432861 3838.714355 3571.332764 3317.807373 3150.123291 3003.744629 2675.784668 2390.183838 2222.370361 2195.378662 2292.252441 2458.913086 2367.719971 2275.676514 2274.218262 2332.020020 2405.773438 2470.902588 2517.276123,
 2463.139160 2469.845703 2463.340088 2438.030273 2396.697021 2371.617188 2391.333984 2466.947510 2388.525635 2341.976318 2350.684082 2413.959229 2534.579834 2688.791260 2788.005127 2872.261230 3015.731445 3168.878418 3263.636230 3293.729980 3271.172607 3344.149170 3588.495117 3807.361084 3901.401367 3807.361084 3588.495117 3344.149170 3271.172607 3293.729980 3263.636230 3168.878418 3015.731445 2872.261230 2788.005127 2688.791260 2534.579834 2413.959229 2350.684082 2341.976318 2388.525635 2466.947510 2391.333984 2371.617188 2396.697021 2438.030273 2463.340088 2469.845703 2463.139160,
 2056.795654 2096.988525 2137.564697 2165.591064 2170.713623 2166.396240 2170.253662 2282.897461 2275.482422 2287.898926 2317.994141 2349.176758 2389.353516 2440.509277 2563.645752 2635.734131 2737.126221 2827.584961 2855.318115 2836.503662 2798.711670 2868.905029 3019.119629 3162.058838 3227.557373 3162.058838 3019.119629 2868.905029 2798.711670 2836.503662 2855.318115 2827.584961 2737.126221 2635.734131 2563.645752 2440.509277 2389.353516 2349.176758 2317.994141 2287.898926 2275.482422 2282.897461 2170.253662 2166.396240 2170.713623 2165.591064 2137.564697 2096.988525 2056.795654,
 751.045532 796.397339 857.226685 915.149292 948.185913 962.930298 977.805664 1624.542236 1651.352539 1710.052979 1780.896973 1825.569580 1848.624756 1862.864990 2248.899414 2320.940430 2438.774658 2540.677979 2555.458252 2503.432129 2432.488281 2547.557129 2679.631104 2825.100342 2894.886475 2825.100342 2679.631104 2547.557129 2432.488281 2503.432129 2555.458252 2540.677979 2438.774658 2320.940430 2248.899414 1862.864990 1848.624756 1825.569580 1780.896973 1710.052979 1651.352539 1624.542236 977.805664 962.930298 948.185913 915.149292 857.226685 796.397339 751.045532,
 -1671.031494 -1751.949219 -1844.132690 -1851.043945 -1749.033325 -1643.066895 -1611.171143 -117.100906 -186.154617 -188.210327 -101.518280 4.959450 49.464706 24.322918 1567.065796 1583.769409 1709.629395 1855.879150 1889.632812 1810.755493 1709.040649 2360.921875 2471.331299 2644.306641 2735.926514 2644.306641 2471.331299 2360.921875 1709.040649 1810.755493 1889.632812 1855.879150 1709.629395 1583.769409 1567.065796 24.322918 49.464706 4.959450 -101.518280 -188.210327 -186.154617 -117.100906 -1611.171143 -1643.066895 -1749.033325 -1851.043945 -1844.132690 -1751.949219 -1671.031494,

Auto-correlations of the modulus of each oriented sub-band
 6.940850 8.203747 9.264566 9.687649 9.246054 8.176167 6.981231 7.395302 8.824580 10.030614 10.550840 10.122432 8.904746 7.473049 8.436902 10.843998 12.658646 12.987816 11.954414 10.285271 8.413962 8.599361 11.392961 14.543355 16.070251 14.543355 11.392961 8.599361 8.413962 10.285271 11.954414 12.987816 12.658646 10.843998 8.436902 7.473049 8.904746 10.122432 10.550840 10.030614 8.824580 7.395302 6.981231 8.176167 9.246054 9.687649 9.264566 8.203747 6.940850,
 139.380676 148.123322 156.929947 164.626770 169.747177 172.187317 172.427490 162.061646 177.580032 192.924606 204.042282 208.055099 206.054642 200.006897 189.351852 212.523895 234.987991 247.855591 245.492752 232.714691 215.999680 211.283173 235.899918 258.636871 268.914307 258.636871 235.899918 211.283173 215.999680 232.714691 245.492752 247.855591 234.987991 212.523895 189.351852 200.006897 206.054642 208.055099 204.042282 192.924606 177.580032 162.061646 172.427490 172.187317 169.747177 164.626770 156.929947 148.123322 139.380676,
 288.881287 307.456360 328.249481 340.243469 337.096954 323.731689 306.968750 341.525391 382.195068 427.243591 451.649475 439.103333 403.492676 364.839539 393.114136 460.682861 535.329651 573.715088 544.756775 477.166260 410.814331 421.952789 502.001343 588.806335 631.128357 588.806335 502.001343 421.952789 410.814331 477.166260 544.756775 573.715088 535.329651 460.682861 393.114136 364.839539 403.492676 439.103333 451.649475 427.243591 382.195068 341.525391 306.968750 323.731689 337.096954 340.243469 328.249481 307.456360 288.881287,
 63.962563 62.541950 61.154675 58.492676 54.096523 49.729824 46.238319 76.260406 77.819939 80.732811 81.246445 74.857552 65.942635 59.657948 83.899704 89.947655 100.261696 106.676186 97.650291 83.071754 73.785782 83.128708 92.616371 108.633781 119.053177 108.633781 92.616371 83.128708 73.785782 83.071754 97.650291 106.676186 100.261696 89.947655 83.899704 59.657948 65.942635 74.857552 81.246445 80.732811 77.819939 76.260406 46.238319 49.729824 54.096523 58.492676 61.154675 62.541950 63.962563,
 5.909664 7.459600 8.765800 9.287984 8.766687 7.439746 5.865382 6.691588 8.481197 10.002064 10.577125 9.937988 8.399792 6.576788 7.770277 10.218370 12.416173 13.185126 12.057538 9.745977 7.330482 8.007965 10.965809 13.935339 15.271128 13.935339 10.965809 8.007965 7.330482 9.745977 12.057538 13.185126 12.416173 10.218370 7.770277 6.576788 8.399792 9.937988 10.577125 10.002064 8.481197 6.691588 5.865382 7.439746 8.766687 9.287984 8.765800 7.459600 5.909664,
 47.331390 54.025200 61.456100 68.389885 73.754440 77.222862 78.857292 61.843964 74.265503 86.401909 94.694366 98.043709 97.293991 93.646301 80.394966 98.670990 116.283524 125.103714 122.310715 112.561279 100.744331 95.582321 114.067986 132.097122 140.332916 132.097122 114.067986 95.582321 100.744331 112.561279 122.310715 125.103714 116.283524 98.670990 80.394966 93.646301 97.293991 98.043709 94.694366 86.401909 74.265503 61.843964 78.857292 77.222862 73.754440 68.389885 61.456100 54.025200 47.331390,
 102.126694 113.841942 129.314896 140.091125 140.139297 131.526184 120.889084 133.779022 160.950882 191.384064 207.901566 200.069641 175.639267 150.042236 168.288467 213.427994 261.810822 285.248413 266.579926 221.702927 177.672104 186.497406 239.793976 296.098907 322.075104 296.098907 239.793976 186.497406 177.672104 221.702927 266.579926 285.248413 261.810822 213.427994 168.288467 150.042236 175.639267 200.069641 207.901566 191.384064 160.950882 133.779022 120.889084 131.526184 140.139297 140.091125 129.314896 113.841942 102.126694,
 21.735954 20.800508 19.832108 18.695644 17.247623 15.030504 12.087239 28.645370 29.275684 30.146212 31.094778 29.924063 25.206631 19.551075 33.348133 36.926521 42.311104 47.171440 44.671761 35.814636 27.808716 33.141975 40.137203 50.018230 55.865826 50.018230 40.137203 33.141975 27.808716 35.814636 44.671761 47.171440 42.311104 36.926521 33.348133 19.551075 25.206631 29.924063 31.094778 30.146212 29.275684 28.645370 12.087239 15.030504 17.247623 18.695644 19.832108 20.800508 21.735954,
 3.918475 5.309955 6.556640 7.124794 6.702305 5.457601 3.921389 4.387427 6.294504 7.988932 8.693540 8.040617 6.351727 4.362880 5.245134 8.093470 10.643175 11.685326 10.649736 8.132795 5.274046 5.791612 9.209060 12.351872 13.698931 12.351872 9.209060 5.791612 5.274046 8.132795 10.649736 11.685326 10.643175 8.093470 5.245134 4.362880 6.351727 8.040617 8.693540 7.988932 6.294504 4.387427 3.921389 5.457601 6.702305 7.124794 6.556640 5.309955 3.918475,
 11.617223 13.719332 15.330559 16.259537 17.216045 18.034887 18.570374 17.152088 21.628265 25.656647 27.227478 27.086697 26.522980 25.399250 24.622749 32.134701 39.848644 42.523712 39.075871 34.293339 30.239586 29.848686 37.199387 46.175148 51.017036 46.175148 37.199387 29.848686 30.239586 34.293339 39.075871 42.523712 39.848644 32.134701 24.622749 25.399250 26.522980 27.086697 27.227478 25.656647 21.628265 17.152088 18.570374 18.034887 17.216045 16.259537 15.330559 13.719332 11.617223,
 24.248909 29.859768 34.100349 34.301853 30.123634 24.552921 21.074524 36.068565 48.474533 60.667965 65.147858 58.595196 46.451141 36.493431 48.588379 68.340363 89.774712 99.256569 89.146431 68.281799 50.127068 54.921909 77.529831 103.124374 115.172493 103.124374 77.529831 54.921909 50.127068 68.281799 89.146431 99.256569 89.774712 68.340363 48.588379 36.493431 46.451141 58.595196 65.147858 60.667965 48.474533 36.068565 21.074524 24.552921 30.123634 34.301853 34.100349 29.859768 24.248909,
 6.156940 6.150907 6.080152 5.963586 5.387666 4.330971 2.925810 9.224748 10.205996 11.138518 12.268787 12.252860 9.434755 5.694049 11.236980 13.626060 17.143055 21.064117 19.931835 13.728264 8.530334 10.837288 15.112001 21.827614 26.190701 21.827614 15.112001 10.837288 8.530334 13.728264 19.931835 21.064117 17.143055 13.626060 11.236980 5.694049 9.434755 12.252860 12.268787 11.138518 10.205996 9.224748 2.925810 4.330971 5.387666 5.963586 6.080152 6.150907 6.156940,
 -0.295858 2.557680 4.971094 5.972614 5.111474 2.802831 0.047264 1.482281 4.956731 7.795004 8.874895 7.754513 4.933576 1.579254 4.307077 8.793888 12.397067 13.627822 11.960206 8.158785 3.658388 5.361967 10.539886 14.846947 16.574442 14.846947 10.539886 5.361967 3.658388 8.158785 11.960206 13.627822 12.397067 8.793888 4.307077 1.579254 4.933576 7.754513 8.874895 7.795004 4.956731 1.482281 0.047264 2.802831 5.111474 5.972614 4.971094 2.557680 -0.295858,
 -1.697745 -1.293105 -0.905835 -0.843768 -1.257329 -2.074663 -3.040707 1.793008 3.973114 5.647702 5.740834 4.381061 2.370045 0.393107 6.595762 11.382957 15.790439 16.522985 13.380031 9.082129 5.423746 8.334455 13.684078 19.932655 23.064013 19.932655 13.684078 8.334455 5.423746 9.082129 13.380031 16.522985 15.790439 11.382957 6.595762 0.393107 2.370045 4.381061 5.740834 5.647702 3.973114 1.793008 -3.040707 -2.074663 -1.257329 -0.843768 -0.905835 -1.293105 -1.697745,
 -5.336060 -1.365077 4.131145 6.685092 4.302863 -0.532980 -5.415107 -5.595481 -0.027029 9.679615 15.304972 11.216534 2.335983 -4.451771 -4.544533 3.853213 18.773052 27.501486 20.239902 6.092813 -2.944392 -2.896184 7.080811 24.173374 33.827412 24.173374 7.080811 -2.896184 -2.944392 6.092813 20.239902 27.501486 18.773052 3.853213 -4.544533 -4.451771 2.335983 11.216534 15.304972 9.679615 -0.027029 -5.595481 -5.415107 -0.532980 4.302863 6.685092 4.131145 -1.365077 -5.336060,
 -1.089550 -0.401468 0.138840 0.202128 0.437976 0.750151 0.348335 -0.377478 0.201472 0.976867 2.253764 3.565814 3.281494 1.205780 -0.327153 1.280569 4.271591 7.714766 8.471134 5.282332 1.187975 0.126474 3.822919 8.842585 11.586491 8.842585 3.822919 0.126474 1.187975 5.282332 8.471134 7.714766 4.271591 1.280569 -0.327153 1.205780 3.281494 3.565814 2.253764 0.976867 0.201472 -0.377478 0.348335 0.750151 0.437976 0.202128 0.138840 -0.401468 -1.089550,

Pairwise cross-correlations of the modulus of all oriented sub-bands at the same scale (size QxQ)
 16.070251 28.665155 31.327105 15.440258,
 28.665155 268.914307 333.926239 64.258202,
 31.327105 333.926239 631.128357 189.125534,
 15.440258 64.258202 189.125534 119.053177,
 15.271129 16.938873 19.819151 8.640659,
 16.938873 140.332916 171.105087 31.162283,
 19.819151 171.105087 322.075165 91.550674,
 8.640659 31.162283 91.550674 55.865826,
 13.698933 6.657337 8.460245 6.243381,
 6.657337 51.017036 55.368683 6.957845,
 8.460245 55.368683 115.172508 34.282619,
 6.243381 6.957845 34.282619 26.190701,
 16.574444 6.243168 4.977018 5.935249,
 6.243168 23.064014 13.450276 2.236509,
 4.977018 13.450276 33.827415 8.852215,
 5.935249 2.236509 8.852215 11.586493,

Cross-correlations of the modulus of all oriented sub-bands with all oriented sub-bands at the coarser scale (size QxQ)
 10.815330 16.421015 18.372425 7.448964,
 25.155157 99.379913 117.030876 23.857166,
 36.580311 128.632904 205.984543 70.168228,
 16.261559 33.934639 77.048447 45.734913,
 10.197844 8.106144 7.986934 4.928864,
 13.087816 35.096226 37.956417 4.381745,
 18.113567 39.558701 62.118572 17.740570,
 7.193722 6.848744 18.906786 14.257332,
 10.097628 5.114666 2.898932 4.130148,
 4.915828 11.121223 7.084622 -1.066729,
 11.003330 9.220322 17.376808 4.742930,
 7.596192 0.831641 4.600291 5.745728,

Cross-correlations of the real part of each oriented sub-band with both the real and imaginary part of all phase-doubled oriented sub-bands at the next coarser scale (Q matrices of size 1x2Q, which are computed and stored in a matrix of size Qx2Q)
 -0.767531 -1.909751 -1.486978 -1.495550 1.117441 -0.009604 -0.072639 -0.024024,
 -1.886656 -20.772985 -18.660624 -6.223917 0.842114 2.023800 -5.006974 -1.656049,
 -2.397592 -26.210331 -51.149952 -34.959652 0.238244 1.837888 -9.847592 -3.106276,
 -1.140809 -5.215320 -25.665977 -26.231983 0.188276 0.034867 -2.215144 -0.602925,
 -0.486243 -0.319876 -0.410872 -1.062708 1.085805 -0.182558 0.163945 -0.256724,
 -0.197712 -1.363335 -2.369724 -2.915452 0.638512 5.027253 -0.341491 -1.140312,
 -0.385097 -3.233360 -19.925734 -17.980999 0.276467 4.542366 -13.845810 -6.184191,
 -0.507246 -1.527009 -13.549987 -14.202114 0.391427 -0.882160 -8.594460 -3.894552,
 2.089845 -1.266732 -0.758234 0.107322 0.014804 0.186051 -0.095374 0.238206,
 0.786760 -9.691818 -4.871081 0.532496 -0.274491 4.603838 10.099171 0.951394,
 -0.010449 -7.608274 -5.489746 -5.999800 0.083179 6.487694 19.804171 1.413466,
 0.779808 -0.070416 -3.164454 -6.667350 -0.133559 0.910707 5.000080 -0.090201,
