Low-band skewness and kurtosis
 -0.531538 2.066803,
 -0.357098 2.097516,
 -0.249203 1.962387,
 -0.174922 1.732493,
 -0.077999 1.627233,

High-band variance
 809.023499,

Skewness, kurtosis, variance, mean, maximum and minimum of the reconstructed texture
 -0.662423 1.943650 5642.975586 190.218506 255.000000 9.000000,

Auto-correlations of the low-frequency bands at each scale
 1461.838379 1481.335327 1502.841064 1525.364380 1546.135010 1567.201538 1588.896240 1166.278442 1133.525513 1115.079468 1111.228760 1119.064575 1141.820679 1178.898315 2979.021973 2966.583252 2955.947510 2939.125488 2908.200928 2872.121826 2838.930176 4488.501953 4556.835938 4609.791992 4631.639648 4609.791992 4556.835938 4488.501953 2838.930176 2872.121826 2908.200928 2939.125488 2955.947510 2966.583252 2979.021973 1178.898315 1141.820679 1119.064575 1111.228760 1115.079468 1133.525513 1166.278442 1588.896240 1567.201538 1546.135010 1525.364380 1502.841064 1481.335327 1461.838379,
 1297.677490 1291.635010 1283.876709 1277.384766 1273.823486 1272.779785 1271.927490 1243.156494 1231.070435 1226.136475 1230.661377 1244.273682 1266.809937 1295.702148 2222.710938 2235.701172 2251.433838 2262.554688 2262.221924 2255.868652 2250.193848 3065.314697 3111.756348 3150.643799 3167.126221 3150.643799 3111.756348 3065.314697 2250.193848 2255.868652 2262.221924 2262.554688 2251.433838 2235.701172 2222.710938 1295.702148 1266.809937 1244.273682 1230.661377 1226.136475 1231.070435 1243.156494 1271.927490 1272.779785 1273.823486 1277.384766 1283.876709 1291.635010 1297.677490,
 1378.606323 1371.281372 1365.263184 1360.406494 1355.247803 1349.138062 1341.773804 1288.813110 1271.849487 1260.135620 1258.395020 1268.000122 1286.528442 1308.810181 1762.236816 1775.541260 1789.131958 1798.890991 1801.562134 1801.114502 1801.898926 2291.083496 2326.057617 2356.606201 2369.657471 2356.606201 2326.057617 2291.083496 1801.898926 1801.114502 1801.562134 1798.890991 1789.131958 1775.541260 1762.236816 1308.810181 1286.528442 1268.000122 1258.395020 1260.135620 1271.849487 1288.813110 1341.773804 1349.138062 1355.247803 1360.406494 1365.263184 1371.281372 1378.606323,
 617.601440 617.105042 616.450134 616.943970 617.769714 617.538635 616.241211 1102.755859 1098.660156 1095.814331 1093.827515 1091.349731 1089.219238 1089.117920 1586.223511 1590.955688 1599.282104 1604.390259 1601.155151 1594.021118 1589.646118 1863.307129 1875.900635 1891.402100 1898.977295 1891.402100 1875.900635 1863.307129 1589.646118 1594.021118 1601.155151 1604.390259 1599.282104 1590.955688 1586.223511 1089.117920 1089.219238 1091.349731 1093.827515 1095.814331 1098.660156 1102.755859 616.241211 617.538635 617.769714 616.943970 616.450134 617.105042 617.601440,
 -1193.931641 -1193.716187 -1191.481201 -1189.326294 -1189.271729 -1190.564819 -1191.724854 -62.595253 -64.895569 -65.195709 -63.845242 -64.332886 -65.609299 -64.533737 1192.783569 1191.320435 1194.175537 1197.067993 1192.393799 1186.048462 1187.056519 1747.904785 1748.177490 1756.561523 1762.619751 1756.561523 1748.177490 1747.904785 1187.056519 1186.048462 1192.393799 1197.067993 1194.175537 1191.320435 1192.783569 -64.533737 -65.609299 -64.332886 -63.845242 -65.195709 -64.895569 -62.595253 -1191.724854 -1190.564819 -1189.271729 -1189.326294 -1191.481201 -1193.716187 -1193.931641,

Auto-correlations of the modulus of each oriented sub-band
 2.436953 3.501962 4.400219 4.761128 4.406712 3.508644 2.439997 2.523474 3.630943 4.569093 4.947458 4.576214 3.639729 2.531161 2.708424 3.939103 4.998162 5.428957 5.004030 3.946251 2.714094 2.868443 4.218642 5.395122 5.875414 5.395122 4.218642 2.868443 2.714094 3.946251 5.004030 5.428957 4.998162 3.939103 2.708424 2.531161 3.639729 4.576214 4.947458 4.569093 3.630943 2.523474 2.439997 3.508644 4.406712 4.761128 4.400219 3.501962 2.436953,
 37.290451 38.806744 39.903934 40.325169 40.181210 39.750614 39.280746 55.639412 58.875935 61.229668 61.941875 61.207008 59.668354 57.796608 74.848343 80.018784 84.158134 85.487000 83.780220 80.387039 76.390427 83.992615 89.588608 94.419510 96.520615 94.419510 89.588608 83.992615 76.390427 80.387039 83.780220 85.487000 84.158134 80.018784 74.848343 57.796608 59.668354 61.207008 61.941875 61.229668 58.875935 55.639412 39.280746 39.750614 40.181210 40.325169 39.903934 38.806744 37.290451,
 314.959961 319.755127 323.594360 324.753143 322.934082 319.592407 315.823975 458.423370 471.980225 482.229462 485.716095 481.071564 470.608154 457.133453 607.263428 632.608582 651.673889 658.786743 650.894592 631.552185 606.022461 673.290527 704.902771 728.933228 738.446777 728.933228 704.902771 673.290527 606.022461 631.552185 650.894592 658.786743 651.673889 632.608582 607.263428 457.133453 470.608154 481.071564 485.716095 482.229462 471.980225 458.423370 315.823975 319.592407 322.934082 324.753143 323.594360 319.755127 314.959961,
 47.372616 47.990173 48.610577 48.963890 48.837238 48.285278 47.473202 68.481949 70.131981 71.466461 72.037674 71.473724 69.632088 67.027725 89.312004 92.741547 95.692352 97.226128 96.083527 92.390961 87.811089 97.696320 102.665115 107.087189 109.058914 107.087189 102.665115 97.696320 87.811089 92.390961 96.083527 97.226128 95.692352 92.741547 89.312004 67.027725 69.632088 71.473724 72.037674 71.466461 70.131981 68.481949 47.473202 48.285278 48.837238 48.963890 48.610577 47.990173 47.372616,
 1.055510 1.683391 2.227330 2.437628 2.199254 1.632854 0.991510 1.138439 1.782001 2.326565 2.521717 2.259456 1.673594 1.025376 1.340145 2.136311 2.830227 3.096921 2.790271 2.080664 1.293120 1.499856 2.420377 3.248485 3.591551 3.248485 2.420377 1.499856 1.293120 2.080664 2.790271 3.096921 2.830227 2.136311 1.340145 1.025376 1.673594 2.259456 2.521717 2.326565 1.782001 1.138439 0.991510 1.632854 2.199254 2.437628 2.227330 1.683391 1.055510,
 13.708687 14.160808 14.111015 13.500296 12.625614 11.965087 11.731819 22.132975 24.283415 25.546896 25.124470 23.418886 21.514429 20.090437 32.356083 36.449745 39.894878 40.515545 38.000065 34.286964 31.042072 36.881401 41.526985 46.266785 48.461884 46.266785 41.526985 36.881401 31.042072 34.286964 38.000065 40.515545 39.894878 36.449745 32.356083 20.090437 21.514429 23.418886 25.124470 25.546896 24.283415 22.132975 11.731819 11.965087 12.625614 13.500296 14.111015 14.160808 13.708687,
 82.463699 81.315781 79.628113 76.884544 72.360748 66.947556 61.868015 153.810654 158.286774 160.199341 157.933105 150.281403 138.878632 126.090256 240.841339 255.107834 264.703949 266.186218 257.127533 240.373062 219.955170 276.321716 298.280762 315.065613 321.874603 315.065613 298.280762 276.321716 219.955170 240.373062 257.127533 266.186218 264.703949 255.107834 240.841339 126.090256 138.878632 150.281403 157.933105 160.199341 158.286774 153.810654 61.868015 66.947556 72.360748 76.884544 79.628113 81.315781 82.463699,
 11.206800 10.529693 9.610839 8.564971 7.528055 6.495690 5.539191 21.564407 21.491503 21.236700 20.667418 19.353655 17.200132 14.871194 33.418095 35.082985 36.810402 37.583752 35.921928 32.361092 28.720215 37.495277 40.972881 44.646599 46.466454 44.646599 40.972881 37.495277 28.720215 32.361092 35.921928 37.583752 36.810402 35.082985 33.418095 14.871194 17.200132 19.353655 20.667418 21.236700 21.491503 21.564407 5.539191 6.495690 7.528055 8.564971 9.610839 10.529693 11.206800,
 0.197266 0.349330 0.484154 0.528966 0.459758 0.318021 0.160586 0.221279 0.396104 0.546582 0.597429 0.523886 0.367529 0.190612 0.316452 0.600643 0.879378 0.988009 0.849275 0.567140 0.298540 0.391325 0.761113 1.164757 1.351932 1.164757 0.761113 0.391325 0.298540 0.567140 0.849275 0.988009 0.879378 0.600643 0.316452 0.190612 0.367529 0.523886 0.597429 0.546582 0.396104 0.221279 0.160586 0.318021 0.459758 0.528966 0.484154 0.349330 0.197266,
 2.059736 1.876436 1.301592 0.482430 -0.230822 -0.717423 -0.989394 7.385110 8.399542 8.808363 7.831774 6.063780 4.630876 3.892812 13.144520 15.458508 17.747183 17.738752 15.167223 12.363831 10.716354 14.991740 17.507553 21.005014 22.888435 21.005014 17.507553 14.991740 10.716354 12.363831 15.167223 17.738752 17.747183 15.458508 13.144520 3.892812 4.630876 6.063780 7.831774 8.808363 8.399542 7.385110 -0.989394 -0.717423 -0.230822 0.482430 1.301592 1.876436 2.059736,
 0.705959 2.862676 5.049990 5.891354 4.248302 1.755892 0.641184 42.847721 48.556358 53.652393 55.378395 51.821026 45.399956 39.418873 93.905075 104.452347 113.550728 116.906540 111.587776 100.990540 89.559250 116.665405 130.271957 142.198059 147.425278 142.198059 130.271957 116.665405 89.559250 100.990540 111.587776 116.906540 113.550728 104.452347 93.905075 39.418873 45.399956 51.821026 55.378395 53.652393 48.556358 42.847721 0.641184 1.755892 4.248302 5.891354 5.049990 2.862676 0.705959,
 0.370792 0.990301 1.860555 3.200733 4.445180 5.007651 5.065874 5.701165 7.047732 8.889148 11.028974 12.210969 11.851642 10.773650 12.581702 14.823580 17.723034 20.302437 20.413891 18.281782 15.855103 16.928835 19.763145 23.077129 24.825148 23.077129 19.763145 16.928835 15.855103 18.281782 20.413891 20.302437 17.723034 14.823580 12.581702 10.773650 11.851642 12.210969 11.028974 8.889148 7.047732 5.701165 5.065874 5.007651 4.445180 3.200733 1.860555 0.990301 0.370792,
 0.084468 0.057199 0.046287 0.066159 0.105571 0.130058 0.123401 0.251933 0.230889 0.247165 0.286252 0.308227 0.294899 0.259331 0.580048 0.650738 0.762993 0.831928 0.777617 0.647067 0.534213 0.754706 0.912095 1.117033 1.223671 1.117033 0.912095 0.754706 0.534213 0.647067 0.777617 0.831928 0.762993 0.650738 0.580048 0.259331 0.294899 0.308227 0.286252 0.247165 0.230889 0.251933 0.123401 0.130058 0.105571 0.066159 0.046287 0.057199 0.084468,
 -0.589689 -0.183397 0.176592 0.342566 0.601188 0.885228 0.864492 -0.059360 0.964257 1.709259 1.647594 1.381425 1.487720 1.725380 0.765115 2.614627 4.490674 4.749745 3.451505 2.312794 1.847681 1.442496 3.064711 5.402354 6.748636 5.402354 3.064711 1.442496 1.847681 2.312794 3.451505 4.749745 4.490674 2.614627 0.765115 1.725380 1.487720 1.381425 1.647594 1.709259 0.964257 -0.059360 0.864492 0.885228 0.601188 0.342566 0.176592 -0.183397 -0.589689,
 -13.859911 -10.121239 -6.021899 -2.403086 -0.175110 0.261785 -0.929380 -4.857362 0.696842 6.084818 10.102563 11.725946 10.862837 8.118951 12.095875 19.454258 25.840446 29.592714 29.583668 26.239040 20.914715 24.276342 31.797583 37.629967 39.918770 37.629967 31.797583 24.276342 20.914715 26.239040 29.583668 29.592714 25.840446 19.454258 12.095875 8.118951 10.862837 11.725946 10.102563 6.084818 0.696842 -4.857362 -0.929380 0.261785 -0.175110 -2.403086 -6.021899 -10.121239 -13.859911,
 -1.699924 -1.399192 -0.718974 0.346234 1.171808 1.206919 0.869023 -0.587631 0.082076 1.170543 2.472057 3.030302 2.437173 1.563493 1.410484 2.487141 4.235542 5.883401 5.785097 4.141091 2.573928 2.730811 4.316447 6.583373 7.837105 6.583373 4.316447 2.730811 2.573928 4.141091 5.785097 5.883401 4.235542 2.487141 1.410484 1.563493 2.437173 3.030302 2.472057 1.170543 0.082076 -0.587631 0.869023 1.206919 1.171808 0.346234 -0.718974 -1.399192 -1.699924,

Pairwise cross-correlations of the modulus of all oriented sub-bands at the same scale (size QxQ)
 5.875414 2.878333 -1.873985 2.276839,
 2.878333 96.520630 250.052567 88.380264,
 -1.873985 250.052567 738.446838 269.083771,
 2.276839 88.380264 269.083771 109.058929,
 3.591551 3.325628 1.920119 2.502833,
 3.325628 48.461884 112.738815 38.678970,
 1.920119 112.738815 321.874634 112.742912,
 2.502833 38.678970 112.742912 46.466454,
 1.351932 1.627550 0.997754 1.049451,
 1.627550 22.888437 48.122841 16.762331,
 0.997754 48.122841 147.425262 52.785294,
 1.049451 16.762331 52.785294 24.825151,
 1.223671 0.707923 0.772229 0.829989,
 0.707923 6.748637 12.959227 4.561920,
 0.772229 12.959227 39.918777 15.120452,
 0.829989 4.561920 15.120452 7.837106,

Cross-correlations of the modulus of all oriented sub-bands with all oriented sub-bands at the coarser scale (size QxQ)
 3.829878 2.642107 -2.042570 1.923170,
 3.196120 18.274525 40.583286 15.976314,
 2.397133 46.420113 128.511658 46.858643,
 2.490239 20.408262 51.319080 21.257868,
 1.446369 2.122512 -1.197175 1.395690,
 2.360358 10.013771 14.924619 5.131647,
 4.137594 21.692451 46.185318 12.221898,
 2.028237 9.249031 17.145496 6.363358,
 0.485198 0.157829 0.239729 0.316087,
 0.916003 1.710264 2.327207 2.235583,
 3.256167 4.913965 7.242104 6.151683,
 1.469559 1.889736 4.258611 3.230930,

Cross-correlations of the real part of each oriented sub-band with both the real and imaginary part of all phase-doubled oriented sub-bands at the next coarser scale (Q matrices of size 1x2Q, which are computed and stored in a matrix of size Qx2Q)
 -1.025834 -0.338307 -0.168586 -0.106891 0.506897 0.074083 -0.069549 -0.025356,
 -0.534127 -15.433599 -28.694658 -7.882716 0.258710 1.105024 5.744999 3.094262,
 -0.073896 -33.593109 -73.045349 -23.951183 0.004396 5.861940 20.674318 10.443622,
 -0.495473 -9.787844 -24.956530 -9.614700 0.156443 2.917498 8.822045 4.419061,
 -0.351538 -0.350286 -0.092105 -0.129176 -0.012620 0.119597 -0.017481 -0.039469,
 -0.233181 -17.649008 -34.787987 -9.032207 -0.023850 -1.679610 -11.867453 -5.967294,
 -0.087874 -37.661045 -81.658974 -20.363111 0.024028 -9.863301 -43.429600 -20.504496,
 -0.259402 -10.558472 -23.717178 -5.360992 0.065085 -4.857295 -18.928591 -8.567777,
 -0.175376 -0.029787 0.003558 -0.005053 -0.046993 0.032909 0.068195 0.272054,
 -0.166790 8.576830 28.788887 9.620960 0.069079 -1.359828 -2.805233 -1.580253,
 -0.079467 24.327038 84.428238 28.537956 0.008269 -4.105948 -7.000854 -1.078380,
 -0.044708 8.596214 30.900570 10.518590 -0.130511 -1.436081 -1.470458 2.033401,
