Low-band skewness and kurtosis
 -0.624356 2.247537,
 -0.580313 2.393692,
 -0.510346 2.211159,
 -0.494148 1.931557,
 -0.530136 1.890970,

High-band variance
 883.757690,

Skewness, kurtosis, variance, mean, maximum and minimum of the reconstructed texture
 -0.719982 2.041462 5945.346191 189.672485 255.000000 1.000000,

Auto-correlations of the low-frequency bands at each scale
 1931.604004 1812.240601 1746.143066 1733.190063 1750.560547 1779.635620 1811.292480 2329.760986 2091.333740 1862.404297 1720.562256 1703.281006 1801.138306 1961.125732 3437.762451 3532.735107 3546.957764 3467.116699 3312.615967 3156.886475 3050.300537 4003.321289 4399.076660 4736.145508 4875.123535 4736.145508 4399.076660 4003.321289 3050.300537 3156.886475 3312.615967 3467.116699 3546.957764 3532.735107 3437.762451 1961.125732 1801.138306 1703.281006 1720.562256 1862.404297 2091.333740 2329.760986 1811.292480 1779.635620 1750.560547 1733.190063 1746.143066 1812.240601 1931.604004,
 1789.322510 1749.067261 1753.741211 1798.769043 1855.754395 1901.832153 1924.872070 1985.935669 1829.879395 1686.779663 1607.542969 1615.092651 1707.723145 1849.291138 2670.345215 2737.716797 2746.003418 2680.212891 2557.649902 2446.172852 2390.617188 2993.716064 3267.582520 3508.077881 3608.960693 3508.077881 3267.582520 2993.716064 2390.617188 2446.172852 2557.649902 2680.212891 2746.003418 2737.716797 2670.345215 1849.291138 1707.723145 1615.092651 1607.542969 1686.779663 1829.879395 1985.935669 1924.872070 1901.832153 1855.754395 1798.769043 1753.741211 1749.067261 1789.322510,
 1713.166504 1691.098877 1674.298584 1652.117432 1615.261719 1572.675781 1531.979980 1834.501221 1793.186768 1754.282104 1726.343262 1711.771118 1723.759277 1758.360352 2148.988525 2215.776611 2270.187744 2282.287354 2238.843994 2183.206299 2149.908936 2397.150146 2539.398682 2676.831055 2738.851318 2676.831055 2539.398682 2397.150146 2149.908936 2183.206299 2238.843994 2282.287354 2270.187744 2215.776611 2148.988525 1758.360352 1723.759277 1711.771118 1726.343262 1754.282104 1793.186768 1834.501221 1531.979980 1572.675781 1615.261719 1652.117432 1674.298584 1691.098877 1713.166504,
 743.340576 716.437866 678.466431 616.592896 539.578857 476.688751 437.383514 1429.639771 1407.713135 1375.329468 1318.190796 1238.859009 1173.943848 1137.593384 1892.348267 1949.264526 2001.677124 2003.682373 1932.394165 1838.495728 1764.371704 2051.496338 2170.040527 2292.251709 2349.898438 2292.251709 2170.040527 2051.496338 1764.371704 1838.495728 1932.394165 2003.682373 2001.677124 1949.264526 1892.348267 1137.593384 1173.943848 1238.859009 1318.190796 1375.329468 1407.713135 1429.639771 437.383514 476.688751 539.578857 616.592896 678.466431 716.437866 743.340576,
 -1249.236084 -1287.288452 -1348.268921 -1388.641357 -1348.061157 -1261.004028 -1211.585938 -48.355335 -60.110229 -122.305069 -216.691666 -270.291077 -232.726562 -143.503906 1309.441406 1407.975098 1458.943115 1398.653809 1250.385986 1139.048828 1138.381592 1825.030396 1947.868530 2115.197266 2199.106689 2115.197266 1947.868530 1825.030396 1138.381592 1139.048828 1250.385986 1398.653809 1458.943115 1407.975098 1309.441406 -143.503906 -232.726562 -270.291077 -216.691666 -122.305069 -60.110229 -48.355335 -1211.585938 -1261.004028 -1348.061157 -1388.641357 -1348.268921 -1287.288452 -1249.236084,

Auto-correlations of the modulus of each oriented sub-band
 6.755722 8.081489 9.215135 9.626988 9.020242 7.635205 6.066524 7.207314 8.717334 9.923597 10.307419 9.662506 8.250299 6.615291 7.872272 9.853137 11.633613 12.559746 12.045396 10.207654 7.889225 8.279765 11.154697 14.071136 15.392798 14.071136 11.154697 8.279765 7.889225 10.207654 12.045396 12.559746 11.633613 9.853137 7.872272 6.615291 8.250299 9.662506 10.307419 9.923597 8.717334 7.207314 6.066524 7.635205 9.020242 9.626988 9.215135 8.081489 6.755722,
 32.691566 36.097588 40.962074 45.745461 48.923683 51.238777 53.375755 50.471230 57.464901 66.623955 73.116920 73.699532 72.097603 70.879784 69.994141 80.848160 95.483025 103.849220 98.704460 89.534256 83.036530 82.988098 93.912666 109.529388 118.812813 109.529388 93.912666 82.988098 83.036530 89.534256 98.704460 103.849220 95.483025 80.848160 69.994141 70.879784 72.097603 73.699532 73.116920 66.623955 57.464901 50.471230 53.375755 51.238777 48.923683 45.745461 40.962074 36.097588 32.691566,
 163.944580 177.631668 190.140945 194.479126 187.923264 176.071945 166.030975 227.268250 261.952942 297.036346 312.344604 295.756744 261.450684 229.791443 289.513855 349.782990 414.171906 444.476105 414.052460 350.167328 291.336365 316.691986 389.001099 468.189270 506.749817 468.189270 389.001099 316.691986 291.336365 350.167328 414.052460 444.476105 414.171906 349.782990 289.513855 229.791443 261.450684 295.756744 312.344604 297.036346 261.952942 227.268250 166.030975 176.071945 187.923264 194.479126 190.140945 177.631668 163.944580,
 103.540573 105.964195 106.258400 103.320084 97.112144 89.695747 83.449265 123.721825 132.530579 139.006454 138.920364 129.725113 115.532990 102.749580 138.693405 156.302719 173.399155 180.009613 168.165451 145.702957 125.134529 139.692001 162.887878 187.876556 200.051559 187.876556 162.887878 139.692001 125.134529 145.702957 168.165451 180.009613 173.399155 156.302719 138.693405 102.749580 115.532990 129.725113 138.920364 139.006454 132.530579 123.721825 83.449265 89.695747 97.112144 103.320084 106.258400 105.964195 103.540573,
 4.380730 5.485635 6.448174 6.870353 6.556989 5.606682 4.369227 4.429183 5.635502 6.769038 7.357718 7.082114 6.017270 4.640913 4.984287 6.776220 8.636477 9.645155 9.097381 7.334983 5.389022 5.686652 8.149338 10.733612 11.925202 10.733612 8.149338 5.686652 5.389022 7.334983 9.097381 9.645155 8.636477 6.776220 4.984287 4.640913 6.017270 7.082114 7.357718 6.769038 5.635502 4.429183 4.369227 5.606682 6.556989 6.870353 6.448174 5.485635 4.380730,
 10.067836 13.296380 16.310558 18.394526 19.541065 20.109404 20.320305 17.934044 25.208857 31.724007 34.414268 33.452568 31.277624 29.142235 27.381758 38.191147 49.270271 53.492085 48.837318 41.373627 35.128513 34.410763 44.763195 56.872505 63.155342 56.872505 44.763195 34.410763 35.128513 41.373627 48.837318 53.492085 49.270271 38.191147 27.381758 29.142235 31.277624 33.452568 34.414268 31.724007 25.208857 17.934044 20.320305 20.109404 19.541065 18.394526 16.310558 13.296380 10.067836,
 61.862823 76.004700 92.636246 105.894081 110.289230 105.141602 94.750656 91.224983 124.098190 158.176056 177.995407 173.096832 149.095718 120.912132 127.040230 180.307938 234.620819 262.128204 244.229828 196.058823 145.874756 150.397003 212.132141 274.547150 303.088562 274.547150 212.132141 150.397003 145.874756 196.058823 244.229828 262.128204 234.620819 180.307938 127.040230 120.912132 149.095718 173.096832 177.995407 158.176056 124.098190 91.224983 94.750656 105.141602 110.289230 105.894081 92.636246 76.004700 61.862823,
 71.174965 73.339989 74.291656 73.757057 71.478943 67.778008 63.895790 81.727783 88.567642 93.797295 95.168816 90.502937 81.256210 72.288010 90.354301 103.735817 116.427780 122.037788 114.641434 98.537910 83.307320 91.179909 108.579491 126.877319 135.576035 126.877319 108.579491 91.179909 83.307320 98.537910 114.641434 122.037788 116.427780 103.735817 90.354301 72.288010 81.256210 90.502937 95.168816 93.797295 88.567642 81.727783 63.895790 67.778008 71.478943 73.757057 74.291656 73.339989 71.174965,
 4.278762 6.000645 7.303860 7.709463 7.070983 5.656308 3.968226 4.215261 5.867013 7.270550 7.952216 7.581596 6.252100 4.449740 4.666767 6.812286 8.870369 9.969936 9.450396 7.536224 5.125371 5.313195 8.104952 10.741511 11.882256 10.741511 8.104952 5.313195 5.125371 7.536224 9.450396 9.969936 8.870369 6.812286 4.666767 4.449740 6.252100 7.581596 7.952216 7.270550 5.867013 4.215261 3.968226 5.656308 7.070983 7.709463 7.303860 6.000645 4.278762,
 1.567695 3.251365 5.018400 5.807376 4.961531 3.215203 1.964975 6.012231 9.179821 12.173055 13.291773 12.181630 9.716965 7.093087 10.372524 15.552093 21.046305 22.837749 19.937704 15.604165 11.736124 12.732656 17.978157 24.562838 28.136406 24.562838 17.978157 12.732656 11.736124 15.604165 19.937704 22.837749 21.046305 15.552093 10.372524 7.093087 9.716965 12.181630 13.291773 12.173055 9.179821 6.012231 1.964975 3.215203 4.961531 5.807376 5.018400 3.251365 1.567695,
 12.587566 15.434189 21.587105 25.346191 24.268318 21.401646 17.961647 29.840401 40.987976 54.424019 59.347313 51.601059 39.067757 28.567665 43.342907 64.902817 89.992569 100.138130 85.321579 60.043732 39.886524 46.644962 72.406578 104.016083 120.116852 104.016083 72.406578 46.644962 39.886524 60.043732 85.321579 100.138130 89.992569 64.902817 43.342907 28.567665 39.067757 51.601059 59.347313 54.424019 40.987976 29.840401 17.961647 21.401646 24.268318 25.346191 21.587105 15.434189 12.587566,
 11.143340 14.027954 17.152557 19.009846 18.813652 16.750759 13.664479 15.599572 20.028399 24.492302 27.204945 26.379379 21.920591 16.270245 19.376230 25.963646 33.475971 38.349586 36.029446 27.885880 19.661459 21.158211 29.774776 39.876591 44.937004 39.876591 29.774776 21.158211 19.661459 27.885880 36.029446 38.349586 33.475971 25.963646 19.376230 16.270245 21.920591 26.379379 27.204945 24.492302 20.028399 15.599572 13.664479 16.750759 18.813652 19.009846 17.152557 14.027954 11.143340,
 0.885443 3.445496 5.744071 6.824930 6.170208 4.091858 1.484853 1.384990 4.211032 6.668551 7.726152 6.835248 4.441683 1.618817 2.370786 5.939777 8.897210 9.937605 8.446889 5.202877 1.688721 2.444480 6.577673 10.274914 11.815735 10.274914 6.577673 2.444480 1.688721 5.202877 8.446889 9.937605 8.897210 5.939777 2.370786 1.618817 4.441683 6.835248 7.726152 6.668551 4.211032 1.384990 1.484853 4.091858 6.170208 6.824930 5.744071 3.445496 0.885443,
 0.118763 -0.002954 0.028620 -0.156159 -0.474651 -0.679153 -0.516750 2.870953 2.874156 2.437561 1.605582 0.719457 0.130117 0.166059 4.215761 6.309241 7.388370 6.326740 3.865619 1.812420 0.918419 2.486011 5.021517 8.288300 10.003485 8.288300 5.021517 2.486011 0.918419 1.812420 3.865619 6.326740 7.388370 6.309241 4.215761 0.166059 0.130117 0.719457 1.605582 2.437561 2.874156 2.870953 -0.516750 -0.679153 -0.474651 -0.156159 0.028620 -0.002954 0.118763,
 -1.741508 0.221417 1.114276 -0.187343 -2.099965 -2.656469 -2.354014 -2.087989 2.321866 7.616818 9.507993 6.226607 0.888444 -2.880964 -1.753507 5.643162 16.224377 21.598825 16.147079 5.341823 -2.322659 -1.726887 7.384099 20.662806 27.643372 20.662806 7.384099 -1.726887 -2.322659 5.341823 16.147079 21.598825 16.224377 5.643162 -1.753507 -2.880964 0.888444 6.226607 9.507993 7.616818 2.321866 -2.087989 -2.354014 -2.656469 -2.099965 -0.187343 1.114276 0.221417 -1.741508,
 0.711132 1.759655 1.898797 1.604952 1.714123 1.965415 1.701194 1.358975 2.362604 3.172751 4.420856 5.554424 4.957326 2.388140 1.395900 3.943764 7.750282 11.462475 11.652945 7.387464 1.954899 1.419954 6.496995 12.826506 16.173380 12.826506 6.496995 1.419954 1.954899 7.387464 11.652945 11.462475 7.750282 3.943764 1.395900 2.388140 4.957326 5.554424 4.420856 3.172751 2.362604 1.358975 1.701194 1.965415 1.714123 1.604952 1.898797 1.759655 0.711132,

Pairwise cross-correlations of the modulus of all oriented sub-bands at the same scale (size QxQ)
 15.392799 10.987734 19.669374 24.664219,
 10.987734 118.812820 171.813232 37.342571,
 19.669374 171.813232 506.749878 221.496872,
 24.664219 37.342571 221.496872 200.051575,
 11.925203 5.755549 10.071482 15.626316,
 5.755549 63.155342 90.045715 13.529684,
 10.071482 90.045715 303.088562 134.573303,
 15.626316 13.529684 134.573303 135.576050,
 11.882256 1.657504 -0.665623 7.782764,
 1.657504 28.136408 34.820221 6.892991,
 -0.665623 34.820221 120.116852 42.645271,
 7.782764 6.892991 42.645271 44.937004,
 11.815735 -0.231551 -4.080300 4.352062,
 -0.231551 10.003485 7.163489 -1.247657,
 -4.080300 7.163489 27.643375 7.052359,
 4.352062 -1.247657 7.052359 16.173380,

Cross-correlations of the modulus of all oriented sub-bands with all oriented sub-bands at the coarser scale (size QxQ)
 9.637594 4.897972 7.226734 15.128144,
 8.748684 33.538361 33.524044 6.839176,
 19.315609 40.148865 103.982590 75.711441,
 18.676479 3.617617 58.164024 83.657448,
 8.004359 2.583232 1.013405 8.005019,
 5.260958 8.827015 4.838428 1.435406,
 11.685990 12.372517 33.700657 24.888096,
 12.899917 -0.313499 16.042675 31.728760,
 8.817624 0.812285 -3.995281 4.081140,
 1.197213 1.223465 -3.869636 -1.687085,
 -2.752577 3.840581 4.547953 -2.109647,
 4.158236 4.155206 6.953562 7.063234,

Cross-correlations of the real part of each oriented sub-band with both the real and imaginary part of all phase-doubled oriented sub-bands at the next coarser scale (Q matrices of size 1x2Q, which are computed and stored in a matrix of size Qx2Q)
 -1.064767 -1.714538 -2.359658 -3.863317 1.807700 0.117318 0.170231 -0.378814,
 -0.670506 -35.538006 -37.474407 -9.462109 0.424660 -1.742922 -2.876582 -0.152786,
 -2.188016 -49.936275 -84.861992 -48.940269 0.124042 -3.573927 -0.256231 1.660471,
 -3.183789 -9.027365 -36.040939 -38.612137 1.053491 -0.839915 3.217481 0.444401,
 0.342044 -0.311791 -0.331024 -1.108986 2.236324 0.296022 0.949501 0.181808,
 0.084421 -12.010388 -10.173521 -2.092181 0.691297 3.829047 6.256360 1.758595,
 -0.439996 -19.724966 -18.440805 -7.628139 -0.131817 4.831510 23.007416 18.072132,
 -0.304758 -4.275494 -4.575841 -6.601568 0.823082 0.551158 15.255054 14.482631,
 -0.286768 0.245962 -0.507124 0.064450 2.630204 0.308189 -0.049000 -0.486245,
 -0.316141 -7.251363 -9.002833 0.566263 0.926656 -6.315239 -4.260612 0.189341,
 -0.200417 -10.028170 -4.212846 4.039040 -0.162668 -6.600235 -10.459493 -3.970936,
 0.068302 -0.741181 4.081979 2.045191 0.705219 -0.046196 -4.577765 -4.506618,
