Low-band skewness and kurtosis
 -0.774188 2.373480,
 -0.727414 2.468280,
 -0.731698 2.498663,
 -0.742281 2.507191,
 -0.478220 1.833861,

High-band variance
 836.368958,

Skewness, kurtosis, variance, mean, maximum and minimum of the reconstructed texture
 -0.847366 2.201264 6388.176758 192.154419 255.000000 1.000000,

Auto-correlations of the low-frequency bands at each scale
 2646.130615 2573.962646 2497.008057 2447.253662 2457.933350 2562.855713 2753.532959 2771.990234 2631.941650 2525.618652 2560.375244 2770.874023 3096.150635 3398.843750 3349.439697 3574.925537 3875.637207 4161.885742 4323.838379 4332.255859 4209.048340 4183.155273 4700.696289 5180.268066 5383.624512 5180.268066 4700.696289 4183.155273 4209.048340 4332.255859 4323.838379 4161.885742 3875.637207 3574.925537 3349.439697 3398.843750 3096.150635 2770.874023 2560.375244 2525.618652 2631.941650 2771.990234 2753.532959 2562.855713 2457.933350 2447.253662 2497.008057 2573.962646 2646.130615,
 2548.607422 2499.158447 2435.238037 2377.834717 2346.420166 2375.384521 2471.726562 2562.416748 2454.663818 2382.665283 2411.432861 2545.371826 2746.241455 2934.547119 2816.213379 2964.474854 3186.856445 3406.756592 3522.950195 3519.075928 3425.615234 3352.845703 3712.795166 4058.760254 4209.549316 4058.760254 3712.795166 3352.845703 3425.615234 3519.075928 3522.950195 3406.756592 3186.856445 2964.474854 2816.213379 2934.547119 2746.241455 2545.371826 2411.432861 2382.665283 2454.663818 2562.416748 2471.726562 2375.384521 2346.420166 2377.834717 2435.238037 2499.158447 2548.607422,
 1733.382690 1829.212402 1920.718994 1979.189209 1991.917969 1999.816895 2036.832642 2165.870605 2191.752686 2217.186523 2264.299316 2327.058594 2411.970947 2498.458008 2568.248291 2677.565430 2825.416260 2952.346924 2982.191650 2934.846680 2860.035889 2875.217773 3092.920410 3325.352539 3433.368652 3325.352539 3092.920410 2875.217773 2860.035889 2934.846680 2982.191650 2952.346924 2825.416260 2677.565430 2568.248291 2498.458008 2411.970947 2327.058594 2264.299316 2217.186523 2191.752686 2165.870605 2036.832642 1999.816895 1991.917969 1979.189209 1920.718994 1829.212402 1733.382690,
 593.819580 598.732178 636.463440 699.822937 756.619568 793.395508 812.990112 1251.613892 1275.862793 1366.379150 1493.848267 1594.595703 1661.570312 1705.225464 1935.092529 2098.839111 2324.460205 2513.809326 2564.205811 2516.586670 2441.468018 2502.618652 2719.533203 2946.437988 3054.968018 2946.437988 2719.533203 2502.618652 2441.468018 2516.586670 2564.205811 2513.809326 2324.460205 2098.839111 1935.092529 1705.225464 1661.570312 1594.595703 1493.848267 1366.379150 1275.862793 1251.613892 812.990112 793.395508 756.619568 699.822937 636.463440 598.732178 593.819580,
 -1482.894531 -1603.333008 -1726.669922 -1730.907715 -1591.271240 -1444.034912 -1390.529297 -143.643738 -275.291626 -294.688904 -166.532013 11.554062 113.072830 102.866020 1296.467285 1317.932007 1511.198486 1743.342529 1820.079590 1723.481812 1563.619629 2055.523438 2251.597656 2526.049072 2665.204102 2526.049072 2251.597656 2055.523438 1563.619629 1723.481812 1820.079590 1743.342529 1511.198486 1317.932007 1296.467285 102.866020 113.072830 11.554062 -166.532013 -294.688904 -275.291626 -143.643738 -1390.529297 -1444.034912 -1591.271240 -1730.907715 -1726.669922 -1603.333008 -1482.894531,

Auto-correlations of the modulus of each oriented sub-band
 9.165009 10.799908 12.127097 12.625876 12.078931 10.786940 9.265482 10.153750 12.328568 14.051476 14.709022 14.023102 12.263610 10.134267 11.439057 14.888681 17.706566 18.522873 17.102879 14.353769 11.325305 12.065614 16.243822 20.527864 22.491011 20.527864 16.243822 12.065614 11.325305 14.353769 17.102879 18.522873 17.706566 14.888681 11.439057 10.134267 12.263610 14.023102 14.709022 14.051476 12.328568 10.153750 9.265482 10.786940 12.078931 12.625876 12.127097 10.799908 9.165009,
 132.287888 141.521606 152.926437 164.404709 173.235123 177.964783 178.450394 156.144745 174.125458 193.787704 208.806427 214.464920 211.355011 202.383148 186.168167 213.515213 241.611847 257.888611 254.482422 237.355759 215.762253 209.838837 239.537186 268.138489 281.141052 268.138489 239.537186 209.838837 215.762253 237.355759 254.482422 257.888611 241.611847 213.515213 186.168167 202.383148 211.355011 214.464920 208.806427 193.787704 174.125458 156.144745 178.450394 177.964783 173.235123 164.404709 152.926437 141.521606 132.287888,
 240.153046 248.783340 262.489685 275.126831 278.577576 273.369598 264.166962 287.804138 314.444275 349.906525 373.252258 365.629059 339.072632 312.821838 337.357697 385.559875 447.038544 482.085297 457.203644 401.642517 354.155182 364.867584 422.952789 495.332703 533.269043 495.332703 422.952789 364.867584 354.155182 401.642517 457.203644 482.085297 447.038544 385.559875 337.357697 312.821838 339.072632 365.629059 373.252258 349.906525 314.444275 287.804138 264.166962 273.369598 278.577576 275.126831 262.489685 248.783340 240.153046,
 93.235199 89.538597 84.346924 77.121117 67.739807 58.242622 50.459900 106.085541 108.083549 109.067924 105.908905 95.227486 80.963539 68.633667 110.609825 120.672684 132.002502 136.588654 125.040291 105.445450 88.744881 104.368507 120.693359 140.400574 151.188461 140.400574 120.693359 104.368507 88.744881 105.445450 125.040291 136.588654 132.002502 120.672684 110.609825 68.633667 80.963539 95.227486 105.908905 109.067924 108.083549 106.085541 50.459900 58.242622 67.739807 77.121117 84.346924 89.538597 93.235199,
 6.943874 8.636791 10.080035 10.649008 10.067697 8.603155 6.862410 8.005166 10.290958 12.204565 12.911266 12.099459 10.147955 7.828144 9.471238 13.090897 16.307688 17.495411 16.009596 12.793926 9.347585 10.248475 14.705670 19.106588 21.058571 19.106588 14.705670 10.248475 9.347585 12.793926 16.009596 17.495411 16.307688 13.090897 9.471238 7.828144 10.147955 12.099459 12.911266 12.204565 10.290958 8.005166 6.862410 8.603155 10.067697 10.649008 10.080035 8.636791 6.943874,
 85.102684 95.806679 106.979691 115.554657 119.292953 117.639061 111.924416 101.048508 117.205048 134.093643 144.878754 145.521957 137.815125 126.009018 120.164345 143.818436 168.219742 180.965561 174.677719 156.243454 135.569855 133.972153 160.338715 186.893402 199.188202 186.893402 160.338715 133.972153 135.569855 156.243454 174.677719 180.965561 168.219742 143.818436 120.164345 126.009018 137.815125 145.521957 144.878754 134.093643 117.205048 101.048508 111.924416 117.639061 119.292953 115.554657 106.979691 95.806679 85.102684,
 113.503632 121.896790 131.669617 136.964371 132.180115 123.709335 119.057098 138.890244 158.933411 182.653351 194.316315 181.366119 157.475708 139.949478 165.037033 201.060425 245.016769 267.014648 243.676498 199.415131 164.536026 176.263779 219.936005 274.574829 303.188232 274.574829 219.936005 176.263779 164.536026 199.415131 243.676498 267.014648 245.016769 201.060425 165.037033 139.949478 157.475708 181.366119 194.316315 182.653351 158.933411 138.890244 119.057098 123.709335 132.180115 136.964371 131.669617 121.896790 113.503632,
 41.968239 40.165672 36.978737 32.879940 27.979530 22.824814 18.193586 48.955971 50.647202 50.952164 49.068893 43.336823 34.702431 26.590942 50.162601 57.141521 64.455116 68.055115 61.534325 48.386524 36.486774 45.182899 56.776516 70.437981 77.772690 70.437981 56.776516 45.182899 36.486774 48.386524 61.534325 68.055115 64.455116 57.141521 50.162601 26.590942 34.702431 43.336823 49.068893 50.952164 50.647202 48.955971 18.193586 22.824814 27.979530 32.879940 36.978737 40.165672 41.968239,
 5.803421 9.599029 12.953568 14.398989 13.156869 9.987565 6.358703 6.729635 10.834606 14.413382 15.935427 14.640184 11.310398 7.472076 8.609798 13.577785 17.996944 19.826805 17.985832 13.612885 8.726015 9.801103 15.524265 20.823200 23.112656 20.823200 15.524265 9.801103 8.726015 13.612885 17.985832 19.826805 17.996944 13.577785 8.609798 7.472076 11.310398 14.640184 15.935427 14.413382 10.834606 6.729635 6.358703 9.987565 13.156869 14.398989 12.953568 9.599029 5.803421,
 21.266491 23.722805 27.795609 32.161510 34.114838 32.507656 28.906765 31.892397 37.796211 43.964516 47.756767 47.211395 42.882202 37.189022 41.380886 52.529095 63.672222 67.960190 62.588123 52.397137 42.876080 44.935829 57.683861 71.893951 78.738914 71.893951 57.683861 44.935829 42.876080 52.397137 62.588123 67.960190 63.672222 52.529095 41.380886 37.189022 42.882202 47.211395 47.756767 43.964516 37.796211 31.892397 28.906765 32.507656 34.114838 32.161510 27.795609 23.722805 21.266491,
 29.993473 30.799885 39.381561 49.759422 51.338356 45.420383 39.557613 36.039619 45.206024 64.123123 80.747437 78.711273 63.696327 49.971237 45.859459 64.437386 93.953644 114.867493 104.789459 78.227287 56.723694 54.913036 78.789169 112.025040 130.827942 112.025040 78.789169 54.913036 56.723694 78.227287 104.789459 114.867493 93.953644 64.437386 45.859459 49.971237 63.696327 78.711273 80.747437 64.123123 45.206024 36.039619 39.557613 45.420383 51.338356 49.759422 39.381561 30.799885 29.993473,
 13.203349 13.574289 13.442771 12.593749 11.042148 8.850714 6.379939 15.808211 18.360882 20.642496 21.890144 20.392336 15.833268 10.283545 16.428343 22.523973 29.878571 34.862778 32.109989 23.116320 14.026022 15.907843 25.225273 36.294865 42.042587 36.294865 25.225273 15.907843 14.026022 23.116320 32.109989 34.862778 29.878571 22.523973 16.428343 10.283545 15.833268 20.392336 21.890144 20.642496 18.360882 15.808211 6.379939 8.850714 11.042148 12.593749 13.442771 13.574289 13.203349,
 1.648836 8.316027 14.275278 16.923122 14.986477 9.522289 2.933220 2.515296 9.181081 14.869108 17.057077 14.771233 9.253726 2.840902 5.643474 13.427927 19.880852 21.992325 18.717258 11.901329 4.486200 6.944461 15.709995 23.544479 26.800375 23.544479 15.709995 6.944461 4.486200 11.901329 18.717258 21.992325 19.880852 13.427927 5.643474 2.840902 9.253726 14.771233 17.057077 14.869108 9.181081 2.515296 2.933220 9.522289 14.986477 16.923122 14.275278 8.316027 1.648836,
 17.761196 20.798660 21.988699 20.715210 17.837290 14.969444 13.532249 31.302366 36.687347 39.956413 39.234158 35.443787 30.746048 26.924376 38.867756 47.617477 55.697052 56.784065 50.575050 42.497894 36.497845 40.266064 48.918831 59.909946 65.427734 59.909946 48.918831 40.266064 36.497845 42.497894 50.575050 56.784065 55.697052 47.617477 38.867756 26.924376 30.746048 35.443787 39.234158 39.956413 36.687347 31.302366 13.532249 14.969444 17.837290 20.715210 21.988699 20.798660 17.761196,
 23.493589 26.272602 29.842726 31.231874 29.664282 28.394783 29.825853 47.110542 55.658932 65.335327 68.066368 61.415035 53.190006 49.185364 61.783791 76.750244 94.994698 102.449928 91.234917 73.857010 61.780731 66.450661 83.395599 105.628540 117.557968 105.628540 83.395599 66.450661 61.780731 73.857010 91.234917 102.449928 94.994698 76.750244 61.783791 49.185364 53.190006 61.415035 68.066368 65.335327 55.658932 47.110542 29.825853 28.394783 29.664282 31.231874 29.842726 26.272602 23.493589,
 2.238376 3.616245 4.419191 4.067985 3.765012 4.728260 6.370434 2.884876 6.269535 9.379068 11.064198 10.874535 9.020729 7.524195 3.749590 9.029335 15.516204 20.188511 18.139378 11.678299 6.970468 5.414423 11.413868 20.032057 25.025539 20.032057 11.413868 5.414423 6.970468 11.678299 18.139378 20.188511 15.516204 9.029335 3.749590 7.524195 9.020729 10.874535 11.064198 9.379068 6.269535 2.884876 6.370434 4.728260 3.765012 4.067985 4.419191 3.616245 2.238376,

Pairwise cross-correlations of the modulus of all oriented sub-bands at the same scale (size QxQ)
 22.491011 32.738338 29.767363 20.052767,
 32.738338 281.141022 279.062592 31.121971,
 29.767363 279.062592 533.269043 169.492188,
 20.052767 31.121971 169.492188 151.188461,
 21.058569 25.691488 20.231491 11.740070,
 25.691488 199.188202 179.018326 9.931808,
 20.231491 179.018326 303.188232 75.718445,
 11.740070 9.931808 75.718445 77.772705,
 23.112659 17.513184 16.266373 12.379679,
 17.513184 78.738914 68.114182 7.087814,
 16.266373 68.114182 130.827957 37.702591,
 12.379679 7.087814 37.702591 42.042591,
 26.800377 14.879241 1.223159 10.393374,
 14.879241 65.427742 58.953514 17.913677,
 1.223159 58.953514 117.557968 22.824059,
 10.393374 17.913677 22.824059 25.025541,

Cross-correlations of the modulus of all oriented sub-bands with all oriented sub-bands at the coarser scale (size QxQ)
 15.389285 22.175049 17.501890 11.387144,
 23.442507 126.216888 123.540070 9.086285,
 25.562258 113.341278 194.520035 69.245514,
 13.780138 5.352091 61.046963 68.058464,
 15.903354 14.627201 11.031409 9.872774,
 14.163544 58.620419 38.774509 -5.753102,
 12.473518 46.743584 61.443790 14.503907,
 8.922891 4.809608 19.364258 25.025501,
 19.093624 17.409832 6.821411 9.883387,
 12.914605 37.389053 40.859871 11.676170,
 19.071747 40.621559 57.265659 25.653448,
 13.085010 10.950067 12.260843 16.466398,

Cross-correlations of the real part of each oriented sub-band with both the real and imaginary part of all phase-doubled oriented sub-bands at the next coarser scale (Q matrices of size 1x2Q, which are computed and stored in a matrix of size Qx2Q)
 -2.823286 -5.845765 -4.241584 -5.667706 0.453241 -1.190672 -0.897527 0.007614,
 -6.886319 -36.604954 -19.465757 -4.251289 -0.377024 -8.498941 -7.723531 -1.135334,
 -6.720998 -29.403168 -37.124256 -39.867989 -0.348109 -4.362865 -10.982123 -4.644550,
 -4.590856 -3.173898 -24.746788 -43.656742 0.165248 0.672706 -3.876100 -2.299100,
 -1.152209 -1.740122 -1.517594 -2.502581 -1.391580 -1.146150 -0.743495 -0.619404,
 -1.967676 -16.096060 -18.764847 -1.767820 -1.516043 -6.192747 -8.030557 -0.055266,
 -1.671997 -20.457657 -41.284271 -15.580720 -0.402814 -3.737188 -8.309551 0.465267,
 -1.256776 -3.884589 -17.416346 -17.593239 0.022050 0.115382 -0.675935 -1.321466,
 -1.004930 0.161246 -0.109421 -1.837530 -1.359954 1.592636 0.323202 0.920481,
 0.361617 -2.871575 -11.602518 -2.356491 -1.063902 14.657063 20.703756 4.344085,
 0.547362 -10.494156 -24.539095 -11.762983 -0.363056 20.654234 50.464020 13.514663,
 -0.567196 -2.739074 -8.165398 -12.123707 -0.587548 4.976009 16.786137 6.719021,
