Low-band skewness and kurtosis
 -0.595571 2.130042,
 -0.467617 2.106543,
 -0.365969 1.985075,
 -0.282618 1.816334,
 -0.221482 1.729353,

High-band variance
 937.852051,

Skewness, kurtosis, variance, mean, maximum and minimum of the reconstructed texture
 -0.710815 2.000443 6092.461914 188.923706 255.000000 1.000000,

Auto-correlations of the low-frequency bands at each scale
 2187.278564 2061.237793 1936.859131 1854.621094 1848.145020 1938.734375 2114.139893 2381.484619 2140.944580 1939.757690 1899.317017 2064.308838 2369.302002 2669.349854 3051.573242 3214.626465 3432.893311 3626.313232 3705.730225 3657.781738 3505.008789 3736.836426 4270.183594 4761.063477 4968.806641 4761.063477 4270.183594 3736.836426 3505.008789 3657.781738 3705.730225 3626.313232 3432.893311 3214.626465 3051.573242 2669.349854 2369.302002 2064.308838 1899.317017 1939.757690 2140.944580 2381.484619 2114.139893 1938.734375 1848.145020 1854.621094 1936.859131 2061.237793 2187.278564,
 2054.772705 2002.097290 1958.077881 1930.945923 1928.698730 1967.751831 2050.107178 2175.994385 2036.705688 1911.160889 1872.612793 1945.823242 2101.567383 2266.916260 2578.225830 2650.181396 2754.652100 2846.434082 2865.511475 2812.741943 2718.115967 2930.775635 3241.071777 3541.326416 3672.029297 3541.326416 3241.071777 2930.775635 2718.115967 2812.741943 2865.511475 2846.434082 2754.652100 2650.181396 2578.225830 2266.916260 2101.567383 1945.823242 1872.612793 1911.160889 2036.705688 2175.994385 2050.107178 1967.751831 1928.698730 1930.945923 1958.077881 2002.097290 2054.772705,
 1745.887695 1772.325928 1801.061646 1836.611694 1873.863892 1909.277588 1943.315186 1972.333862 1932.618286 1889.178833 1884.937866 1935.396118 2021.623657 2098.344727 2312.809326 2344.565918 2395.447754 2432.163086 2418.570801 2369.833008 2310.968018 2483.499512 2637.453857 2806.056152 2884.597168 2806.056152 2637.453857 2483.499512 2310.968018 2369.833008 2418.570801 2432.163086 2395.447754 2344.565918 2312.809326 2098.344727 2021.623657 1935.396118 1884.937866 1889.178833 1932.618286 1972.333862 1943.315186 1909.277588 1873.863892 1836.611694 1801.061646 1772.325928 1745.887695,
 636.661377 666.638611 719.564697 782.550171 842.726318 893.117249 925.676880 1378.190430 1421.999390 1473.182861 1532.322510 1590.301758 1635.129761 1652.305908 1959.404175 2035.361938 2119.329346 2182.528320 2191.869873 2156.008301 2101.046631 2221.796387 2326.668945 2432.292725 2480.634277 2432.292725 2326.668945 2221.796387 2101.046631 2156.008301 2191.869873 2182.528320 2119.329346 2035.361938 1959.404175 1652.305908 1635.129761 1590.301758 1532.322510 1473.182861 1421.999390 1378.190430 925.676880 893.117249 842.726318 782.550171 719.564697 666.638611 636.661377,
 -1463.754395 -1539.496460 -1605.837524 -1598.056641 -1515.873169 -1434.006470 -1404.042969 -72.624336 -154.509521 -161.972168 -74.198700 41.777199 102.159370 87.304527 1345.678467 1356.911255 1466.132446 1605.390381 1664.827759 1615.285034 1512.869385 2015.495361 2132.586182 2282.516113 2354.806396 2282.516113 2132.586182 2015.495361 1512.869385 1615.285034 1664.827759 1605.390381 1466.132446 1356.911255 1345.678467 87.304527 102.159370 41.777199 -74.198700 -161.972168 -154.509521 -72.624336 -1404.042969 -1434.006470 -1515.873169 -1598.056641 -1605.837524 -1539.496460 -1463.754395,

Auto-correlations of the modulus of each oriented sub-band
 7.788483 8.835027 9.754691 10.081768 9.622401 8.634143 7.575156 8.739875 10.018830 10.984108 11.314234 10.833189 9.680438 8.305642 9.808962 12.237884 14.200095 14.729797 13.674249 11.662702 9.416910 10.177525 13.653661 17.447250 19.245838 17.447250 13.653661 10.177525 9.416910 11.662702 13.674249 14.729797 14.200095 12.237884 9.808962 8.305642 9.680438 10.833189 11.314234 10.984108 10.018830 8.739875 7.575156 8.634143 9.622401 10.081768 9.754691 8.835027 7.788483,
 131.208282 140.687698 151.430969 161.783875 169.320404 172.953720 172.978119 152.166595 170.017868 189.315231 203.450897 207.728165 203.754745 194.826385 177.983337 205.460861 234.332123 250.722931 245.727081 227.305130 205.743317 199.188934 229.123230 259.395081 273.721588 259.395081 229.123230 199.188934 205.743317 227.305130 245.727081 250.722931 234.332123 205.460861 177.983337 194.826385 203.754745 207.728165 203.450897 189.315231 170.017868 152.166595 172.978119 172.953720 169.320404 161.783875 151.430969 140.687698 131.208282,
 259.871338 275.449799 291.093201 299.441895 294.073914 280.550262 267.102539 294.741577 332.228180 373.697235 394.949280 377.658234 338.602264 302.039551 328.931488 394.999817 471.497101 510.124542 474.055939 399.090942 333.036774 344.620300 424.808990 518.976562 566.796631 518.976562 424.808990 344.620300 333.036774 399.090942 474.055939 510.124542 471.497101 394.999817 328.931488 302.039551 338.602264 377.658234 394.949280 373.697235 332.228180 294.741577 267.102539 280.550262 294.073914 299.441895 291.093201 275.449799 259.871338,
 103.124718 101.044342 98.553970 94.154633 86.805878 78.348480 71.163185 116.404999 120.927467 125.349792 125.290710 115.558685 99.971626 86.160645 123.639290 137.751938 153.980026 161.812164 149.099838 125.108406 104.547935 119.341675 140.636002 166.244659 179.927490 166.244659 140.636002 119.341675 104.547935 125.108406 149.099838 161.812164 153.980026 137.751938 123.639290 86.160645 99.971626 115.558685 125.290710 125.349792 120.927467 116.404999 71.163185 78.348480 86.805878 94.154633 98.553970 101.044342 103.124718,
 5.594946 6.254440 6.819291 7.057828 6.873265 6.294683 5.506885 5.798729 6.918227 7.836295 8.168554 7.878762 7.153512 6.211698 6.411519 8.454109 10.488222 11.331783 10.471014 8.608416 6.703941 7.033545 9.885793 13.041288 14.557705 13.041288 9.885793 7.033545 6.703941 8.608416 10.471014 11.331783 10.488222 8.454109 6.411519 6.211698 7.153512 7.878762 8.168554 7.836295 6.918227 5.798729 5.506885 6.294683 6.873265 7.057828 6.819291 6.254440 5.594946,
 58.736183 63.419525 68.662872 73.600929 76.822693 77.356812 75.409355 67.935524 78.680634 90.260719 97.817505 98.592644 93.847595 86.360390 80.590866 98.818436 118.891464 129.006699 123.141220 108.482452 93.346054 91.104813 111.406937 133.998367 145.096024 133.998367 111.406937 91.104813 93.346054 108.482452 123.141220 129.006699 118.891464 98.818436 80.590866 86.360390 93.847595 98.592644 97.817505 90.260719 78.680634 67.935524 75.409355 77.356812 76.822693 73.600929 68.662872 63.419525 58.736183,
 118.126343 121.762520 125.850418 128.309601 122.668900 111.189507 101.511047 134.994217 153.535492 177.360031 190.437744 176.777512 147.659332 124.276566 148.899567 186.924286 236.641891 263.155121 237.666702 185.801544 145.235199 154.237427 202.300613 265.335541 298.363190 265.335541 202.300613 154.237427 145.235199 185.801544 237.666702 263.155121 236.641891 186.924286 148.899567 124.276566 147.659332 176.777512 190.437744 177.360031 153.535492 134.994217 101.511047 111.189507 122.668900 128.309601 125.850418 121.762520 118.126343,
 43.831085 44.117294 43.559845 41.121021 36.804825 31.792343 27.439148 51.868404 56.683559 60.538593 61.090546 55.934719 46.256824 36.803989 56.454704 67.361801 78.934532 84.993134 78.025520 62.078945 47.365288 54.895126 70.341095 87.998192 96.993073 87.998192 70.341095 54.895126 47.365288 62.078945 78.025520 84.993134 78.934532 67.361801 56.454704 36.803989 46.256824 55.934719 61.090546 60.538593 56.683559 51.868404 27.439148 31.792343 36.804825 41.121021 43.559845 44.117294 43.831085,
 2.840399 3.817127 4.639042 4.899718 4.545555 3.881765 3.172132 3.224873 4.486496 5.617307 6.044589 5.629661 4.720870 3.717995 4.581954 6.518140 8.371583 9.113939 8.306483 6.561848 4.741093 5.647879 8.331631 11.065301 12.315070 11.065301 8.331631 5.647879 4.741093 6.561848 8.306483 9.113939 8.371583 6.518140 4.581954 3.717995 4.720870 5.629661 6.044589 5.617307 4.486496 3.224873 3.172132 3.881765 4.545555 4.899718 4.639042 3.817127 2.840399,
 12.673852 13.618647 16.391331 19.630754 21.637840 21.723650 20.407116 19.374756 24.891705 31.444504 35.261345 34.566376 30.910286 26.549217 27.564445 37.732201 49.175602 54.358170 49.641659 40.154793 31.484619 32.371170 43.872742 57.339970 64.175819 57.339970 43.872742 32.371170 31.484619 40.154793 49.641659 54.358170 49.175602 37.732201 27.564445 26.549217 30.910286 34.566376 35.261345 31.444504 24.891705 19.374756 20.407116 21.723650 21.637840 19.630754 16.391331 13.618647 12.673852,
 33.780479 34.998844 42.573914 48.474457 45.297455 35.447948 27.121325 46.147339 54.506447 71.742004 83.728073 77.415680 60.062012 45.832672 59.675865 76.923927 104.826744 122.303848 109.980751 82.683998 61.826950 67.047577 89.793716 122.432495 140.356445 122.432495 89.793716 67.047577 61.826950 82.683998 109.980751 122.303848 104.826744 76.923927 59.675865 45.832672 60.062012 77.415680 83.728073 71.742004 54.506447 46.147339 27.121325 35.447948 45.297455 48.474457 42.573914 34.998844 33.780479,
 9.516602 14.802495 20.773560 24.504398 23.578541 18.826958 13.112179 13.899236 21.514200 30.683638 36.604221 34.494736 26.377295 17.981693 18.633327 28.555412 41.532890 49.975868 45.256523 32.361607 21.208469 21.491951 33.050014 48.311066 56.534187 48.311066 33.050014 21.491951 21.208469 32.361607 45.256523 49.975868 41.532890 28.555412 18.633327 17.981693 26.377295 34.494736 36.604221 30.683638 21.514200 13.899236 13.112179 18.826958 23.578541 24.504398 20.773560 14.802495 9.516602,
 0.159952 0.834337 1.489777 1.710798 1.290797 0.452138 -0.441570 0.132803 0.981040 1.936374 2.450633 2.143012 1.175916 0.064529 0.975193 2.611334 4.328261 5.186016 4.555493 2.845790 1.028056 1.938567 4.264913 6.586563 7.618552 6.586563 4.264913 1.938567 1.028056 2.845790 4.555493 5.186016 4.328261 2.611334 0.975193 0.064529 1.175916 2.143012 2.450633 1.936374 0.981040 0.132803 -0.441570 0.452138 1.290797 1.710798 1.489777 0.834337 0.159952,
 2.099236 3.806006 6.301339 7.512526 6.575123 4.317862 1.417588 3.040340 6.073721 10.440974 12.823698 11.401242 7.680836 3.536272 4.684713 9.808599 16.519077 19.979782 17.154217 11.159343 5.572139 6.012157 12.220612 19.845043 23.772224 19.845043 12.220612 6.012157 5.572139 11.159343 17.154217 19.979782 16.519077 9.808599 4.684713 3.536272 7.680836 11.401242 12.823698 10.440974 6.073721 3.040340 1.417588 4.317862 6.575123 7.512526 6.301339 3.806006 2.099236,
 -1.452643 -3.428886 -4.109518 -2.848546 -2.445016 -3.232950 -3.711525 1.997299 1.548734 3.340846 5.595829 3.727892 -0.290921 -1.739367 5.557236 8.606325 15.323265 19.844868 15.009441 6.396753 2.367594 5.788849 10.995995 21.194818 27.457127 21.194818 10.995995 5.788849 2.367594 6.396753 15.009441 19.844868 15.323265 8.606325 5.557236 -1.739367 -0.290921 3.727892 5.595829 3.340846 1.548734 1.997299 -3.711525 -3.232950 -2.445016 -2.848546 -4.109518 -3.428886 -1.452643,
 0.424594 1.702214 2.137394 1.485570 0.660744 0.196617 -0.107375 0.315829 2.157272 3.827330 5.067431 5.268189 3.884767 1.675933 0.738330 3.982831 8.116448 11.312227 10.738566 6.664491 2.262368 1.599460 6.297662 11.917087 14.724603 11.917087 6.297662 1.599460 2.262368 6.664491 10.738566 11.312227 8.116448 3.982831 0.738330 1.675933 3.884767 5.268189 5.067431 3.827330 2.157272 0.315829 -0.107375 0.196617 0.660744 1.485570 2.137394 1.702214 0.424594,

Pairwise cross-correlations of the modulus of all oriented sub-bands at the same scale (size QxQ)
 19.245842 32.052425 33.040306 21.312464,
 32.052425 273.721619 272.393860 33.344204,
 33.040306 272.393860 566.796753 203.145615,
 21.312464 33.344204 203.145615 179.927505,
 14.557706 20.208117 21.095514 11.310737,
 20.208117 145.096039 135.781067 15.437740,
 21.095514 135.781067 298.363190 107.086700,
 11.310737 15.437740 107.086700 96.993080,
 12.315071 11.304358 14.415205 11.344191,
 11.304358 64.175827 58.134575 6.471558,
 14.415205 58.134575 140.356476 55.420952,
 11.344191 6.471558 55.420952 56.534191,
 7.618552 7.169617 5.970884 5.506835,
 7.169617 23.772228 14.690161 4.234876,
 5.970884 14.690161 27.457127 11.943081,
 5.506835 4.234876 11.943081 14.724603,

Cross-correlations of the modulus of all oriented sub-bands with all oriented sub-bands at the coarser scale (size QxQ)
 10.571909 18.569202 17.819740 10.193540,
 22.945202 105.943298 91.601898 11.991318,
 30.088226 98.377678 158.034882 73.586182,
 15.009958 12.980788 67.507217 67.742813,
 8.745090 10.836246 12.800915 9.818950,
 12.230122 49.377686 38.050537 2.558678,
 15.047386 53.002686 77.581909 25.949503,
 7.243201 11.847836 38.146740 28.643896,
 7.036526 8.315933 6.007470 5.941594,
 5.121259 16.932255 11.714188 2.824024,
 11.522242 25.686413 25.897873 8.114782,
 9.761766 13.267943 14.591785 10.527224,

Cross-correlations of the real part of each oriented sub-band with both the real and imaginary part of all phase-doubled oriented sub-bands at the next coarser scale (Q matrices of size 1x2Q, which are computed and stored in a matrix of size Qx2Q)
 -1.872749 -3.613882 -2.575171 -5.190815 0.588342 0.086171 -0.343449 -0.309417,
 -4.055614 -16.531740 -4.460393 -4.811421 0.587021 -1.655897 0.244773 1.929553,
 -5.262493 -11.591008 -29.864380 -40.670383 0.372645 -0.610800 8.302826 5.216678,
 -4.639664 -2.210747 -26.706690 -41.644424 0.284295 1.130682 3.779331 1.094085,
 -0.234302 -1.401719 -0.465618 -1.370431 0.314271 0.431658 0.698311 1.084145,
 -1.055554 -1.945215 4.779949 0.860599 0.539652 2.741064 4.590250 0.807637,
 -1.526263 0.336074 -5.027779 -8.697842 0.140986 3.803915 9.629483 7.058898,
 -1.349947 -0.913805 -9.982016 -10.965989 -0.114634 1.110945 5.556346 8.221888,
 -1.558767 -0.760651 -0.689722 -2.064953 -0.664747 2.016402 1.148477 0.573796,
 -1.018558 1.991320 -1.438023 -2.634860 1.125116 9.761109 10.411934 0.371443,
 -0.390066 1.591178 -19.249495 -20.453110 0.414979 7.596594 19.702011 2.657804,
 -0.791571 -0.377321 -15.369793 -18.790344 -0.998127 1.268225 7.690991 3.296153,
