Low-band skewness and kurtosis
 -0.547959 2.145177,
 -0.406378 2.159328,
 -0.213411 1.994896,
 0.029006 1.562461,
 0.245959 1.509302,

High-band variance
 1005.717957,

Skewness, kurtosis, variance, mean, maximum and minimum of the reconstructed texture
 -0.679633 1.977315 5875.386719 188.911011 255.000000 1.000000,

Auto-correlations of the low-frequency bands at each scale
 1554.500610 1530.767822 1476.528320 1408.259277 1355.856934 1360.391113 1443.351929 1371.989136 1253.469116 1198.699219 1253.969360 1429.475830 1698.302612 1989.492310 2347.611816 2519.698975 2790.487793 3088.956543 3320.987793 3443.584229 3445.510742 3810.238770 4195.119141 4519.387695 4651.914551 4519.387695 4195.119141 3810.238770 3445.510742 3443.584229 3320.987793 3088.956543 2790.487793 2519.698975 2347.611816 1989.492310 1698.302612 1429.475830 1253.969360 1198.699219 1253.469116 1371.989136 1443.351929 1360.391113 1355.856934 1408.259277 1476.528320 1530.767822 1554.500610,
 1311.895508 1352.811157 1362.807983 1341.568237 1312.234497 1311.429810 1358.002930 1283.049805 1242.006226 1218.879639 1244.884766 1331.062256 1471.951538 1631.321289 1898.373535 1984.837891 2140.690430 2319.677734 2447.224121 2498.680664 2480.471191 2721.960938 2946.808594 3152.041504 3240.446289 3152.041504 2946.808594 2721.960938 2480.471191 2498.680664 2447.224121 2319.677734 2140.690430 1984.837891 1898.373535 1631.321289 1471.951538 1331.062256 1244.884766 1218.879639 1242.006226 1283.049805 1358.002930 1311.429810 1312.234497 1341.568237 1362.807983 1352.811157 1311.895508,
 1089.049683 1095.442627 1094.658081 1091.163574 1091.403198 1108.946045 1147.774292 1162.042480 1142.707520 1150.186523 1193.076172 1263.343262 1355.946533 1450.461914 1534.645264 1619.795532 1749.638062 1879.958984 1954.689819 1977.158081 1964.607178 2047.171997 2197.020752 2340.662598 2406.076904 2340.662598 2197.020752 2047.171997 1964.607178 1977.158081 1954.689819 1879.958984 1749.638062 1619.795532 1534.645264 1450.461914 1355.946533 1263.343262 1193.076172 1150.186523 1142.707520 1162.042480 1147.774292 1108.946045 1091.403198 1091.163574 1094.658081 1095.442627 1089.049683,
 429.201630 437.930267 447.850891 457.544678 468.517456 483.732819 504.867706 842.535522 847.879944 866.733093 903.540283 951.267639 1005.457703 1054.749023 1278.907471 1339.070435 1439.234863 1540.396362 1591.188477 1590.635620 1557.675537 1641.370483 1754.589844 1870.237061 1923.708252 1870.237061 1754.589844 1641.370483 1557.675537 1590.635620 1591.188477 1540.396362 1439.234863 1339.070435 1278.907471 1054.749023 1005.457703 951.267639 903.540283 866.733093 847.879944 842.535522 504.867706 483.732819 468.517456 457.544678 447.850891 437.930267 429.201630,
 -1003.400574 -1052.160156 -1098.487061 -1098.154785 -1042.980469 -983.388000 -961.043518 -46.777473 -90.317886 -94.021843 -46.221695 18.207916 52.811951 44.257553 929.758057 938.022583 1010.976746 1099.791748 1131.608398 1096.306396 1033.568359 1398.781250 1474.379395 1578.396118 1630.649414 1578.396118 1474.379395 1398.781250 1033.568359 1096.306396 1131.608398 1099.791748 1010.976746 938.022583 929.758057 44.257553 52.811951 18.207916 -46.221695 -94.021843 -90.317886 -46.777473 -961.043518 -983.388000 -1042.980469 -1098.154785 -1098.487061 -1052.160156 -1003.400574,

Auto-correlations of the modulus of each oriented sub-band
 5.816586 7.372689 8.770751 9.402383 8.989324 7.876451 6.644818 6.584261 8.334347 9.868523 10.663851 10.336157 9.021809 7.422499 8.024557 10.665148 12.709015 13.210676 12.180172 10.321800 8.252497 8.525921 11.496613 14.536377 15.933011 14.536377 11.496613 8.525921 8.252497 10.321800 12.180172 13.210676 12.709015 10.665148 8.024557 7.422499 9.021809 10.336157 10.663851 9.868523 8.334347 6.584261 6.644818 7.876451 8.989324 9.402383 8.770751 7.372689 5.816586,
 102.695358 109.025223 115.464157 120.724304 123.785049 124.069153 122.005768 123.888596 138.071503 152.034912 160.932373 162.718781 158.553192 150.661575 151.660019 174.885132 197.239532 208.668121 204.538971 189.955475 171.851639 172.172821 197.759888 221.632431 232.188766 221.632431 197.759888 172.172821 171.851639 189.955475 204.538971 208.668121 197.239532 174.885132 151.660019 150.661575 158.553192 162.718781 160.932373 152.034912 138.071503 123.888596 122.005768 124.069153 123.785049 120.724304 115.464157 109.025223 102.695358,
 217.216843 235.275299 253.207336 262.472717 258.343506 245.006073 229.204544 295.853882 336.402771 376.165497 394.112183 378.629913 342.404785 304.380127 378.643555 446.657196 514.736023 545.000427 514.552307 448.299957 382.017212 416.024109 496.822388 579.183594 617.411133 579.183594 496.822388 416.024109 382.017212 448.299957 514.552307 545.000427 514.736023 446.657196 378.643555 304.380127 342.404785 378.629913 394.112183 376.165497 336.402771 295.853882 229.204544 245.006073 258.343506 262.472717 253.207336 235.275299 217.216843,
 34.922977 35.268188 36.279369 36.967155 35.621059 32.797569 30.693386 46.387665 48.713352 52.949768 56.182827 53.270767 46.430523 41.541397 56.352192 61.901810 72.067940 79.700699 73.728310 61.146912 53.059368 59.232826 67.666153 82.388313 91.704636 82.388313 67.666153 59.232826 53.059368 61.146912 73.728310 79.700699 72.067940 61.901810 56.352192 41.541397 46.430523 53.270767 56.182827 52.949768 48.713352 46.387665 30.693386 32.797569 35.621059 36.967155 36.279369 35.268188 34.922977,
 3.908452 5.208512 6.474916 7.160081 6.928914 5.945743 4.748889 4.419009 5.805124 7.074508 7.690008 7.361531 6.274394 4.980554 5.357279 7.586499 9.609838 10.314196 9.334959 7.398660 5.497352 5.927813 8.646385 11.495840 12.800346 11.495840 8.646385 5.927813 5.497352 7.398660 9.334959 10.314196 9.609838 7.586499 5.357279 4.980554 6.274394 7.361531 7.690008 7.074508 5.805124 4.419009 4.748889 5.945743 6.928914 7.160081 6.474916 5.208512 3.908452,
 40.173477 48.234207 55.900291 61.575371 63.943047 62.948868 59.641212 54.150116 66.576012 78.773376 86.374077 86.939575 81.846611 73.879303 70.289330 87.791084 105.462181 114.474838 110.017067 97.373741 83.173744 81.912880 100.555862 119.469818 128.357605 119.469818 100.555862 81.912880 83.173744 97.373741 110.017067 114.474838 105.462181 87.791084 70.289330 73.879303 81.846611 86.939575 86.374077 78.773376 66.576012 54.150116 59.641212 62.948868 63.943047 61.575371 55.900291 48.234207 40.173477,
 102.222809 115.075500 127.319473 133.090607 129.094254 118.050720 105.062561 138.475021 165.696045 192.347656 205.463867 197.321167 174.267792 147.682968 180.701889 225.363785 269.093231 290.112122 274.183258 233.693527 189.500443 203.919937 256.890778 307.990234 330.925293 307.990234 256.890778 203.919937 189.500443 233.693527 274.183258 290.112122 269.093231 225.363785 180.701889 147.682968 174.267792 197.321167 205.463867 192.347656 165.696045 138.475021 105.062561 118.050720 129.094254 133.090607 127.319473 115.075500 102.222809,
 18.169422 18.488569 19.333611 20.372871 20.328629 19.113096 17.706287 22.943153 24.419947 26.744221 29.261524 29.195667 26.004816 22.456154 27.081127 30.643911 36.276253 41.543251 39.989876 32.938820 27.048107 28.770626 34.550903 43.183937 48.465816 43.183937 34.550903 28.770626 27.048107 32.938820 39.989876 41.543251 36.276253 30.643911 27.081127 22.456154 26.004816 29.195667 29.261524 26.744221 24.419947 22.943153 17.706287 19.113096 20.328629 20.372871 19.333611 18.488569 18.169422,
 2.817688 4.474042 5.941494 6.561545 6.040576 4.654162 3.025865 3.252345 4.848075 6.259479 6.850122 6.390723 5.155454 3.654369 4.070004 6.234745 8.108093 8.678035 7.656821 5.811948 4.062548 4.383632 7.077761 9.835243 11.079247 9.835243 7.077761 4.383632 4.062548 5.811948 7.656821 8.678035 8.108093 6.234745 4.070004 3.654369 5.155454 6.390723 6.850122 6.259479 4.848075 3.252345 3.025865 4.654162 6.040576 6.561545 5.941494 4.474042 2.817688,
 16.324902 16.470949 17.255531 18.499878 19.036274 17.709387 14.798013 26.069202 30.841902 35.318577 37.057278 34.948940 29.758783 23.615536 33.775085 44.563187 55.549656 59.432537 53.465191 42.575211 32.348457 36.321491 49.247559 63.869537 70.961479 63.869537 49.247559 36.321491 32.348457 42.575211 53.465191 59.432537 55.549656 44.563187 33.775085 23.615536 29.758783 34.948940 37.057278 35.318577 30.841902 26.069202 14.798013 17.709387 19.036274 18.499878 17.255531 16.470949 16.324902,
 13.966171 21.341026 26.801567 26.906935 22.683186 18.805424 17.797945 36.455925 51.077530 65.591072 71.614868 65.750359 54.360535 44.643188 65.336502 90.099220 115.660530 128.075943 118.253609 95.675377 73.707504 83.307076 112.501114 142.513306 156.622406 142.513306 112.501114 83.307076 73.707504 95.675377 118.253609 128.075943 115.660530 90.099220 65.336502 44.643188 54.360535 65.750359 71.614868 65.591072 51.077530 36.455925 17.797945 18.805424 22.683186 26.906935 26.801567 21.341026 13.966171,
 1.459827 2.505486 4.233229 5.542148 6.007276 5.905742 5.467568 4.522102 6.178644 8.549281 11.315011 12.260240 10.207766 8.207856 8.396008 10.754802 14.949782 19.905455 19.069820 13.737504 10.628668 10.930869 13.922455 20.185688 24.678371 20.185688 13.922455 10.930869 10.628668 13.737504 19.069820 19.905455 14.949782 10.754802 8.396008 8.207856 10.207766 12.260240 11.315011 8.549281 6.178644 4.522102 5.467568 5.905742 6.007276 5.542148 4.233229 2.505486 1.459827,
 1.090616 2.896941 4.228091 4.556721 3.723290 2.090539 0.236786 1.241915 3.479825 5.182430 5.628419 4.631221 2.715262 0.673540 1.791654 4.663798 7.023926 7.754702 6.478683 3.920644 1.204313 2.032548 5.383854 8.409770 9.679553 8.409770 5.383854 2.032548 1.204313 3.920644 6.478683 7.754702 7.023926 4.663798 1.791654 0.673540 2.715262 4.631221 5.628419 5.182430 3.479825 1.241915 0.236786 2.090539 3.723290 4.556721 4.228091 2.896941 1.090616,
 -0.440383 -2.501318 -4.808564 -5.470566 -4.046859 -1.405422 1.250754 -0.598529 1.383741 2.506551 2.703185 2.713015 2.616550 2.432160 0.396588 6.363767 12.398044 14.328528 11.373662 6.514776 2.554043 1.669899 8.421288 16.413740 20.446608 16.413740 8.421288 1.669899 2.554043 6.514776 11.373662 14.328528 12.398044 6.363767 0.396588 2.432160 2.616550 2.713015 2.703185 2.506551 1.383741 -0.598529 1.250754 -1.405422 -4.046859 -5.470566 -4.808564 -2.501318 -0.440383,
 -3.942792 -2.343819 -0.111847 1.472762 0.306287 -4.177234 -9.306356 0.061246 6.049327 13.750726 18.350958 15.346524 5.521091 -5.247139 7.502291 22.432659 39.012856 47.659405 40.619064 22.804974 4.494686 10.502787 31.415754 53.221485 63.471939 53.221485 31.415754 10.502787 4.494686 22.804974 40.619064 47.659405 39.012856 22.432659 7.502291 -5.247139 5.521091 15.346524 18.350958 13.750726 6.049327 0.061246 -9.306356 -4.177234 0.306287 1.472762 -0.111847 -2.343819 -3.942792,
 -1.875246 -1.751932 0.275366 2.321864 2.018373 -0.049464 -1.722261 -1.128383 -0.633084 1.959910 4.349707 3.672062 0.664039 -1.500743 -0.562987 0.985423 4.901566 8.182719 6.427385 1.871212 -0.953728 -0.539667 2.112567 7.225601 10.455585 7.225601 2.112567 -0.539667 -0.953728 1.871212 6.427385 8.182719 4.901566 0.985423 -0.562987 -1.500743 0.664039 3.672062 4.349707 1.959910 -0.633084 -1.128383 -1.722261 -0.049464 2.018373 2.321864 0.275366 -1.751932 -1.875246,

Pairwise cross-correlations of the modulus of all oriented sub-bands at the same scale (size QxQ)
 15.933010 24.791142 19.563784 9.954905,
 24.791142 232.188751 295.152100 64.093979,
 19.563784 295.152100 617.411255 179.563461,
 9.954905 64.093979 179.563461 91.704666,
 12.800345 13.754460 8.641371 6.261369,
 13.754460 128.357605 151.828827 27.601227,
 8.641371 151.828827 330.925354 91.730606,
 6.261369 27.601227 91.730606 48.465816,
 11.079247 9.421432 8.103716 6.612064,
 9.421432 70.961479 77.576546 14.342252,
 8.103716 77.576546 156.622406 35.453430,
 6.612064 14.342252 35.453430 24.678375,
 9.679552 -0.346949 -8.722752 2.988746,
 -0.346949 20.446606 19.758514 1.929671,
 -8.722752 19.758514 63.471943 6.142918,
 2.988746 1.929671 6.142918 10.455586,

Cross-correlations of the modulus of all oriented sub-bands with all oriented sub-bands at the coarser scale (size QxQ)
 10.492150 13.012172 5.777811 5.395609,
 17.805563 62.291927 62.013901 16.504892,
 19.836332 67.966751 116.040436 45.660698,
 9.471237 19.823174 39.926910 24.108416,
 8.178561 9.737285 5.234670 5.898613,
 8.224266 20.492390 18.165291 3.607486,
 10.162427 17.153488 41.329674 14.994268,
 6.730951 10.430367 19.966818 12.452104,
 6.484347 2.192899 -4.215776 4.822160,
 2.080677 1.914926 -5.502665 3.077308,
 2.656305 1.579670 -1.438995 0.712023,
 4.166210 3.586825 -2.817803 4.651810,

Cross-correlations of the real part of each oriented sub-band with both the real and imaginary part of all phase-doubled oriented sub-bands at the next coarser scale (Q matrices of size 1x2Q, which are computed and stored in a matrix of size Qx2Q)
 -1.388481 -2.418043 -1.108287 -0.622469 1.428060 0.145856 0.220564 -0.161933,
 -2.512727 -21.541292 -17.939529 -6.673799 0.182143 11.129744 18.862127 4.908342,
 -1.386693 -27.108027 -43.485043 -28.365896 -0.186412 19.809864 41.158997 15.601015,
 -0.356276 -5.640843 -18.270557 -16.111404 0.529913 4.428242 12.972738 6.885793,
 -0.611304 -0.590724 -0.339112 -0.790770 1.027937 0.397482 0.236823 -0.109112,
 -0.581386 -5.879932 -0.078927 -0.196500 0.454033 6.348952 6.966920 2.065745,
 -0.345470 -4.837774 -3.367516 -7.501438 0.110152 10.854583 16.538988 7.769472,
 -0.480470 -0.101723 -3.843891 -7.035013 0.504935 2.721887 6.141447 3.970179,
 -0.223147 0.126641 -0.032288 -0.513138 -0.132708 -0.745465 0.875995 0.738682,
 0.329199 -8.978142 -15.097558 -2.503432 -0.369779 13.540583 24.269112 2.748956,
 0.362183 -14.375526 -24.066830 -5.178426 -0.378368 22.951283 34.895298 5.344145,
 -0.199696 -2.069995 -3.942886 -1.934952 -0.225863 3.964779 5.573046 2.937247,
