Low-band skewness and kurtosis
 -0.507147 2.196659,
 -0.406948 2.379716,
 -0.151510 2.139321,
 -0.219115 1.834522,
 -0.120054 1.644267,

High-band variance
 1046.693726,

Skewness, kurtosis, variance, mean, maximum and minimum of the reconstructed texture
 -0.640748 1.965123 5641.052734 187.708618 255.000000 3.000000,

Auto-correlations of the low-frequency bands at each scale
 1050.342773 989.149963 965.744446 983.621216 1041.722168 1117.545776 1169.327393 1443.979248 1219.547607 1034.167969 963.195801 1018.513672 1148.149170 1284.562988 2764.829102 2819.701660 2845.957275 2826.598633 2731.939209 2591.239746 2467.622559 3523.733887 3895.481445 4227.515625 4367.332031 4227.515625 3895.481445 3523.733887 2467.622559 2591.239746 2731.939209 2826.598633 2845.957275 2819.701660 2764.829102 1284.562988 1148.149170 1018.513672 963.195801 1034.167969 1219.547607 1443.979248 1169.327393 1117.545776 1041.722168 983.621216 965.744446 989.149963 1050.342773,
 1067.542236 1034.778076 1017.401062 1021.672852 1054.402222 1102.275391 1133.995850 1179.050293 1037.372559 923.139954 880.528442 916.955139 1000.075562 1084.916016 1949.397217 1973.908936 1995.635132 1994.304443 1940.272583 1856.260498 1786.932373 2451.143066 2669.102539 2877.140869 2968.760742 2877.140869 2669.102539 2451.143066 1786.932373 1856.260498 1940.272583 1994.304443 1995.635132 1973.908936 1949.397217 1084.916016 1000.075562 916.955139 880.528442 923.139954 1037.372559 1179.050293 1133.995850 1102.275391 1054.402222 1021.672852 1017.401062 1034.778076 1067.542236,
 1065.682617 1047.202026 1030.326660 1021.696533 1034.198975 1061.418091 1078.639160 1132.273926 1051.987061 985.829102 965.257874 998.482788 1061.947021 1119.879883 1543.619995 1548.335815 1556.331055 1557.624268 1531.677490 1489.525757 1455.802612 1787.444092 1900.527710 2015.570679 2068.082520 2015.570679 1900.527710 1787.444092 1455.802612 1489.525757 1531.677490 1557.624268 1556.331055 1548.335815 1543.619995 1119.879883 1061.947021 998.482788 965.257874 985.829102 1051.987061 1132.273926 1078.639160 1061.418091 1034.198975 1021.696533 1030.326660 1047.202026 1065.682617,
 531.428894 536.570068 538.335999 537.701477 538.782410 543.164429 547.382507 949.381470 933.582275 919.592712 915.677429 921.192566 929.040405 933.368774 1338.453857 1334.548706 1335.773560 1336.000854 1322.645142 1297.270630 1272.060303 1490.394165 1527.083618 1568.108276 1587.425537 1568.108276 1527.083618 1490.394165 1272.060303 1297.270630 1322.645142 1336.000854 1335.773560 1334.548706 1338.453857 933.368774 929.040405 921.192566 915.677429 919.592712 933.582275 949.381470 547.382507 543.164429 538.782410 537.701477 538.335999 536.570068 531.428894,
 -990.656738 -999.943115 -1004.464539 -1002.483215 -992.041931 -978.884033 -973.291382 -9.223296 -17.206953 -27.740602 -34.278233 -30.868265 -19.801317 -9.740088 988.904114 1001.819641 1009.591980 1006.623596 991.949158 975.963318 970.009338 1393.821899 1417.463135 1446.653198 1460.671997 1446.653198 1417.463135 1393.821899 970.009338 975.963318 991.949158 1006.623596 1009.591980 1001.819641 988.904114 -9.740088 -19.801317 -30.868265 -34.278233 -27.740602 -17.206953 -9.223296 -973.291382 -978.884033 -992.041931 -1002.483215 -1004.464539 -999.943115 -990.656738,

Auto-correlations of the modulus of each oriented sub-band
 4.298651 5.755548 7.235798 8.289556 8.565190 8.062740 7.095577 5.419763 7.261869 8.984905 9.994639 9.977560 9.064800 7.650670 7.198406 9.883163 12.229210 13.382120 12.874470 10.987373 8.503293 8.517509 11.988604 15.285542 16.724888 15.285542 11.988604 8.517509 8.503293 10.987373 12.874470 13.382120 12.229210 9.883163 7.198406 7.650670 9.064800 9.977560 9.994639 8.984905 7.261869 5.419763 7.095577 8.062740 8.565190 8.289556 7.235798 5.755548 4.298651,
 45.224216 48.592278 53.459297 57.774452 60.300285 62.268166 64.221352 59.257324 68.837914 80.278221 86.920143 85.867592 81.991982 78.800156 76.459366 92.977165 112.780266 122.615311 114.945168 100.665871 89.149185 88.697464 106.503586 128.739304 140.608414 128.739304 106.503586 88.697464 89.149185 100.665871 114.945168 122.615311 112.780266 92.977165 76.459366 78.800156 81.991982 85.867592 86.920143 80.278221 68.837914 59.257324 64.221352 62.268166 60.300285 57.774452 53.459297 48.592278 45.224216,
 144.249954 150.112366 158.311966 163.747742 161.632370 153.708344 144.265182 209.316910 241.851074 277.509918 296.144897 283.536102 250.478882 216.210892 276.858917 343.791565 415.753448 451.078979 420.981171 351.512817 283.849945 309.530884 393.534180 483.315796 526.002991 483.315796 393.534180 309.530884 283.849945 351.512817 420.981171 451.078979 415.753448 343.791565 276.858917 216.210892 250.478882 283.536102 296.144897 277.509918 241.851074 209.316910 144.265182 153.708344 161.632370 163.747742 158.311966 150.112366 144.249954,
 65.010506 64.616333 62.527634 58.587288 53.145058 47.201988 41.786522 85.519867 91.602837 95.573219 94.477676 86.123619 72.980583 60.472946 99.700821 115.077324 129.823273 135.277924 124.235588 102.856056 82.802979 98.911827 120.667732 143.886963 155.015503 143.886963 120.667732 98.911827 82.802979 102.856056 124.235588 135.277924 129.823273 115.077324 99.700821 60.472946 72.980583 86.123619 94.477676 95.573219 91.602837 85.519867 41.786522 47.201988 53.145058 58.587288 62.527634 64.616333 65.010506,
 2.910686 4.155817 5.363613 6.062376 6.027319 5.404479 4.507588 3.406929 4.622675 5.663593 6.172341 6.005009 5.284236 4.323679 4.304516 6.102259 7.784227 8.560981 7.967101 6.367928 4.614531 5.109980 7.683150 10.304933 11.498224 10.304933 7.683150 5.109980 4.614531 6.367928 7.967101 8.560981 7.784227 6.102259 4.304516 4.323679 5.284236 6.005009 6.172341 5.663593 4.622675 3.406929 4.507588 5.404479 6.027319 6.062376 5.363613 4.155817 2.910686,
 18.763550 22.477814 25.977547 27.379131 26.209984 24.297935 23.412819 26.045792 34.582554 43.001347 45.469456 41.129200 34.933292 30.461491 34.169144 47.694851 62.878075 68.306374 59.504189 46.292652 36.431435 38.283829 52.469597 70.479454 80.030563 70.479454 52.469597 38.283829 36.431435 46.292652 59.504189 68.306374 62.878075 47.694851 34.169144 30.461491 34.933292 41.129200 45.469456 43.001347 34.582554 26.045792 23.412819 24.297935 26.209984 27.379131 25.977547 22.477814 18.763550,
 36.990623 48.973549 64.696655 74.653191 72.810455 64.041527 54.875092 70.939346 101.548935 136.716888 156.062897 145.977814 118.653030 91.758591 115.716362 167.855713 225.605835 255.072617 232.204956 179.627991 129.974716 141.886353 203.366913 270.587677 303.050110 270.587677 203.366913 141.886353 129.974716 179.627991 232.204956 255.072617 225.605835 167.855713 115.716362 91.758591 118.653030 145.977814 156.062897 136.716888 101.548935 70.939346 54.875092 64.041527 72.810455 74.653191 64.696655 48.973549 36.990623,
 17.497200 19.211399 19.777445 19.284504 17.651674 15.028915 12.428428 27.275288 32.577408 36.787773 38.322075 34.444168 26.398079 18.889313 34.607849 45.456905 57.093231 63.210457 56.302299 41.145771 27.897490 34.702446 49.541119 67.068008 76.047096 67.068008 49.541119 34.702446 27.897490 41.145771 56.302299 63.210457 57.093231 45.456905 34.607849 18.889313 26.398079 34.444168 38.322075 36.787773 32.577408 27.275288 12.428428 15.028915 17.651674 19.284504 19.777445 19.211399 17.497200,
 0.742147 1.351434 2.012373 2.426582 2.425628 2.072792 1.595597 0.797013 1.465806 2.120841 2.459904 2.375605 1.962996 1.448279 1.116031 2.160471 3.264672 3.755132 3.324263 2.351090 1.409189 1.702225 3.179803 4.842642 5.632169 4.842642 3.179803 1.702225 1.409189 2.351090 3.324263 3.755132 3.264672 2.160471 1.116031 1.448279 1.962996 2.375605 2.459904 2.120841 1.465806 0.797013 1.595597 2.072792 2.425628 2.426582 2.012373 1.351434 0.742147,
 6.359619 9.267392 11.408530 10.561969 7.883113 6.081781 5.846361 8.885550 14.007570 19.072369 19.172489 14.312829 9.407011 7.192762 10.768473 18.303129 27.564257 30.326324 23.608526 14.720672 9.400232 10.989443 18.711760 29.996632 36.167076 29.996632 18.711760 10.989443 9.400232 14.720672 23.608526 30.326324 27.564257 18.303129 10.768473 7.192762 9.407011 14.312829 19.172489 19.072369 14.007570 8.885550 5.846361 6.081781 7.883113 10.561969 11.408530 9.267392 6.359619,
 5.621470 14.395947 20.527344 20.805489 16.550819 12.815280 10.345756 15.364426 31.723906 46.552105 51.068329 42.795139 29.855364 18.542240 31.093147 57.120506 83.705162 94.785858 81.370888 55.890739 32.599785 39.533752 69.609024 102.167084 117.899330 102.167084 69.609024 39.533752 32.599785 55.890739 81.370888 94.785858 83.705162 57.120506 31.093147 18.542240 29.855364 42.795139 51.068329 46.552105 31.723906 15.364426 10.345756 12.815280 16.550819 20.805489 20.527344 14.395947 5.621470,
 2.060628 4.664609 7.629062 9.783152 10.140544 9.007921 6.981987 5.969436 10.887592 16.029301 19.222260 18.613365 14.687454 9.797037 10.735970 18.452848 26.578676 31.380852 28.782377 20.668871 12.499213 13.384924 22.632353 32.739578 37.710281 32.739578 22.632353 13.384924 12.499213 20.668871 28.782377 31.380852 26.578676 18.452848 10.735970 9.797037 14.687454 18.613365 19.222260 16.029301 10.887592 5.969436 6.981987 9.007921 10.140544 9.783152 7.629062 4.664609 2.060628,
 0.399708 0.492687 0.527351 0.512161 0.455290 0.329473 0.129217 0.503784 0.650866 0.733144 0.752297 0.711509 0.583417 0.373746 0.572938 0.853567 1.112641 1.177029 1.017072 0.757213 0.504052 0.802884 1.246356 1.745781 1.995816 1.745781 1.246356 0.802884 0.504052 0.757213 1.017072 1.177029 1.112641 0.853567 0.572938 0.373746 0.583417 0.711509 0.752297 0.733144 0.650866 0.503784 0.129217 0.329473 0.455290 0.512161 0.527351 0.492687 0.399708,
 0.963081 1.137618 0.967092 -0.334567 -1.484169 -1.853935 -1.734006 2.584019 3.874438 5.045074 3.943775 1.523223 -0.244068 -1.119981 3.320116 6.023998 9.713006 10.126089 6.290448 2.594090 0.720453 2.617349 5.488032 10.538111 13.781008 10.538111 5.488032 2.617349 0.720453 2.594090 6.290448 10.126089 9.713006 6.023998 3.320116 -1.119981 -0.244068 1.523223 3.943775 5.045074 3.874438 2.584019 -1.734006 -1.853935 -1.484169 -0.334567 0.967092 1.137618 0.963081,
 12.897720 11.728982 10.756858 7.778953 2.582097 -2.545352 -6.518017 14.671555 16.631439 20.574966 21.387808 15.949037 7.866006 1.206761 17.393623 24.007387 33.953247 38.841095 32.364822 20.654226 11.405829 17.774677 27.553480 40.856285 47.947353 40.856285 27.553480 17.774677 11.405829 20.654226 32.364822 38.841095 33.953247 24.007387 17.393623 1.206761 7.866006 15.949037 21.387808 20.574966 16.631439 14.671555 -6.518017 -2.545352 2.582097 7.778953 10.756858 11.728982 12.897720,
 0.878247 0.949350 0.706113 -0.093832 -0.992229 -1.359706 -1.090930 2.249491 2.772412 3.277465 3.165168 2.155494 0.851441 0.069758 3.353229 4.875417 7.070320 8.367105 7.064501 4.175005 2.003327 3.369115 5.834255 9.431879 11.396199 9.431879 5.834255 3.369115 2.003327 4.175005 7.064501 8.367105 7.070320 4.875417 3.353229 0.069758 0.851441 2.155494 3.165168 3.277465 2.772412 2.249491 -1.090930 -1.359706 -0.992229 -0.093832 0.706113 0.949350 0.878247,

Pairwise cross-correlations of the modulus of all oriented sub-bands at the same scale (size QxQ)
 16.724892 19.346596 10.108603 11.932872,
 19.346596 140.608444 176.293839 37.547211,
 10.108603 176.293839 526.003052 203.651611,
 11.932872 37.547211 203.651611 155.015488,
 11.498226 13.481625 5.675531 5.521255,
 13.481625 80.030563 97.350365 24.108620,
 5.675531 97.350365 303.050140 108.799316,
 5.521255 24.108620 108.799316 76.047096,
 5.632170 4.441346 -4.288669 1.423589,
 4.441346 36.167080 30.484901 2.836730,
 -4.288669 30.484901 117.899338 39.324493,
 1.423589 2.836730 39.324493 37.710289,
 1.995816 0.751640 0.180861 0.770934,
 0.751640 13.781009 16.698048 4.779011,
 0.180861 16.698048 47.947350 16.819160,
 0.770934 4.779011 16.819160 11.396200,

Cross-correlations of the modulus of all oriented sub-bands with all oriented sub-bands at the coarser scale (size QxQ)
 9.885442 12.810373 0.798051 5.555821,
 15.909463 38.998276 33.812679 10.908628,
 14.582404 32.868477 91.222656 46.255676,
 9.469608 5.417607 29.946980 32.449844,
 4.951048 5.379343 -5.129142 1.418206,
 7.916883 11.280417 -12.173004 -4.689419,
 8.951571 8.347770 1.321731 0.424931,
 4.822799 2.628656 4.351292 10.584807,
 1.375721 1.846988 0.970719 1.166266,
 2.729296 3.754214 -0.694443 0.856251,
 1.030261 -2.445695 -4.835017 -3.180940,
 1.371105 -1.670885 -3.216455 2.090547,

Cross-correlations of the real part of each oriented sub-band with both the real and imaginary part of all phase-doubled oriented sub-bands at the next coarser scale (Q matrices of size 1x2Q, which are computed and stored in a matrix of size Qx2Q)
 -2.814236 -6.299633 -1.379446 -2.354104 0.778039 -0.000175 0.024545 -0.332901,
 -6.543751 -27.644518 -23.403543 -9.431573 0.007400 -1.250268 -3.596235 0.627386,
 -3.589958 -28.737688 -74.324524 -47.597801 -0.023208 -2.294431 4.043173 7.227856,
 -1.838331 -7.468099 -35.050461 -33.819389 0.491336 -0.127032 7.426151 4.159980,
 -0.659996 -2.122725 -0.255523 -0.444095 0.323512 -0.042722 0.130288 0.348453,
 -2.495968 -18.996433 -26.078722 -10.435498 -0.197157 -0.319540 6.878334 2.795538,
 -1.090654 -29.987732 -72.711250 -33.978161 -0.244147 3.206452 21.004940 10.318513,
 -0.184368 -8.227716 -26.957436 -15.267038 0.061313 2.050234 9.264411 5.724082,
 -0.794520 -1.504618 0.001977 0.117116 0.124690 0.015694 -0.275512 0.109766,
 -1.694035 -0.653799 1.627428 0.418400 0.194775 -1.781403 5.058885 3.005269,
 -0.459815 4.478573 1.582763 5.763330 0.184274 -2.105536 21.347260 6.187342,
 -0.149151 1.295418 0.459227 5.112124 0.168397 0.196275 8.461923 1.087955,
