Low-band skewness and kurtosis
 -0.638649 2.211823,
 -0.529438 2.214939,
 -0.327355 1.865038,
 -0.226865 1.653496,
 -0.201347 1.579118,

High-band variance
 916.595215,

Skewness, kurtosis, variance, mean, maximum and minimum of the reconstructed texture
 -0.743948 2.057529 6038.706543 190.283997 255.000000 1.000000,

Auto-correlations of the low-frequency bands at each scale
 1892.382568 1827.294922 1801.918579 1812.617554 1855.964966 1925.198975 1997.330811 2298.999756 2058.859863 1856.086548 1759.586304 1788.801392 1910.648926 2056.583252 3517.582520 3549.211914 3548.947754 3500.093262 3378.015137 3213.977051 3061.200684 4075.000000 4455.144531 4787.465820 4925.890625 4787.465820 4455.144531 4075.000000 3061.200684 3213.977051 3378.015137 3500.093262 3548.947754 3549.211914 3517.582520 2056.583252 1910.648926 1788.801392 1759.586304 1856.086548 2058.859863 2298.999756 1997.330811 1925.198975 1855.964966 1812.617554 1801.918579 1827.294922 1892.382568,
 1821.148438 1799.893677 1805.678589 1832.770630 1873.944458 1919.979614 1958.518066 2020.428467 1877.878418 1768.519531 1735.782593 1787.295898 1896.476807 2016.411133 2751.286621 2773.455811 2773.144287 2740.410156 2661.293213 2566.383545 2495.589355 3059.977051 3301.014160 3518.908691 3612.088623 3518.908691 3301.014160 3059.977051 2495.589355 2566.383545 2661.293213 2740.410156 2773.144287 2773.455811 2751.286621 2016.411133 1896.476807 1787.295898 1735.782593 1768.519531 1877.878418 2020.428467 1958.518066 1919.979614 1873.944458 1832.770630 1805.678589 1799.893677 1821.148438,
 1680.904907 1689.867798 1696.531982 1692.968140 1681.480469 1671.168335 1667.828247 1909.313965 1826.401611 1762.135132 1739.377319 1761.848511 1816.871338 1877.081787 2302.707764 2304.555908 2315.435547 2321.760010 2303.664062 2274.961182 2252.917236 2514.811523 2636.773682 2757.046387 2811.347168 2757.046387 2636.773682 2514.811523 2252.917236 2274.961182 2303.664062 2321.760010 2315.435547 2304.555908 2302.707764 1877.081787 1816.871338 1761.848511 1739.377319 1762.135132 1826.401611 1909.313965 1667.828247 1671.168335 1681.480469 1692.968140 1696.531982 1689.867798 1680.904907,
 847.129089 851.687378 846.346436 824.278625 798.947388 787.259399 788.022888 1518.550537 1495.381592 1468.929932 1440.439819 1420.791992 1421.316650 1435.058105 2044.651733 2046.879272 2051.936035 2048.049072 2025.447998 1995.726196 1970.211792 2254.341309 2306.979492 2359.680908 2384.026611 2359.680908 2306.979492 2254.341309 1970.211792 1995.726196 2025.447998 2048.049072 2051.936035 2046.879272 2044.651733 1435.058105 1421.316650 1420.791992 1440.439819 1468.929932 1495.381592 1518.550537 788.022888 787.259399 798.947388 824.278625 846.346436 851.687378 847.129089,
 -1508.496094 -1510.684082 -1522.739014 -1537.519531 -1536.768799 -1521.597900 -1510.321045 -9.124626 -4.550186 -15.758476 -41.794048 -60.223289 -54.807560 -36.335800 1525.508301 1550.056763 1561.903442 1544.690186 1507.559448 1482.126099 1483.353760 2145.773682 2173.781982 2213.060303 2232.888916 2213.060303 2173.781982 2145.773682 1483.353760 1482.126099 1507.559448 1544.690186 1561.903442 1550.056763 1525.508301 -36.335800 -54.807560 -60.223289 -41.794048 -15.758476 -4.550186 -9.124626 -1510.321045 -1521.597900 -1536.768799 -1537.519531 -1522.739014 -1510.684082 -1508.496094,

Auto-correlations of the modulus of each oriented sub-band
 4.990668 6.269679 7.460716 8.141106 8.050918 7.289180 6.211072 6.021757 7.492475 8.737090 9.298750 8.994426 8.009883 6.696220 7.452156 9.699193 11.629021 12.453054 11.720604 9.795375 7.528101 8.094883 11.217779 14.293020 15.659970 14.293020 11.217779 8.094883 7.528101 9.795375 11.720604 12.453054 11.629021 9.699193 7.452156 6.696220 8.009883 8.994426 9.298750 8.737090 7.492475 6.021757 6.211072 7.289180 8.050918 8.141106 7.460716 6.269679 4.990668,
 50.622139 56.863609 63.567875 68.703125 71.221283 72.249840 73.293274 65.960770 77.276680 90.235855 97.653763 96.421738 91.121864 86.673264 82.652214 99.699341 120.663246 131.098816 122.879433 107.093567 94.858482 93.780083 111.712990 135.118866 147.654678 135.118866 111.712990 93.780083 94.858482 107.093567 122.879433 131.098816 120.663246 99.699341 82.652214 86.673264 91.121864 96.421738 97.653763 90.235855 77.276680 65.960770 73.293274 72.249840 71.221283 68.703125 63.567875 56.863609 50.622139,
 289.425018 299.019592 305.032410 303.900055 293.196411 277.524902 265.204254 347.105774 378.048584 407.374390 416.843597 395.205078 356.452087 322.571838 397.957855 458.402618 522.035522 549.380920 514.600952 445.535431 383.334991 414.684692 490.386597 573.678101 613.722900 573.678101 490.386597 414.684692 383.334991 445.535431 514.600952 549.380920 522.035522 458.402618 397.957855 322.571838 356.452087 395.205078 416.843597 407.374390 378.048584 347.105774 265.204254 277.524902 293.196411 303.900055 305.032410 299.019592 289.425018,
 107.187141 105.369827 102.228699 97.774155 92.093567 86.232208 81.433617 129.047958 132.809509 134.856857 132.915863 124.638054 112.307487 100.859978 143.736481 156.652008 169.135895 173.707718 163.227692 143.313416 124.659355 142.218170 162.072464 183.307007 193.627960 183.307007 162.072464 142.218170 124.659355 143.313416 163.227692 173.707718 169.135895 156.652008 143.736481 100.859978 112.307487 124.638054 132.915863 134.856857 132.809509 129.047958 81.433617 86.232208 92.093567 97.774155 102.228699 105.369827 107.187141,
 3.206107 3.962400 4.645347 4.954904 4.751260 4.149756 3.454295 3.557379 4.525899 5.373161 5.705009 5.418610 4.709818 3.893967 4.366706 5.985259 7.609450 8.330406 7.685209 6.192760 4.694633 5.064240 7.299837 9.740532 10.895199 9.740532 7.299837 5.064240 4.694633 6.192760 7.685209 8.330406 7.609450 5.985259 4.366706 3.893967 4.709818 5.418610 5.705009 5.373161 4.525899 3.557379 3.454295 4.149756 4.751260 4.954904 4.645347 3.962400 3.206107,
 17.349455 20.756149 25.164074 28.992281 30.523262 29.583664 27.645304 24.654024 32.219685 41.064095 45.484211 43.299324 38.257519 33.570343 32.833496 44.842934 59.757748 66.360611 58.774982 46.644531 37.647736 37.753231 50.429165 67.651924 77.199661 67.651924 50.429165 37.753231 37.647736 46.644531 58.774982 66.360611 59.757748 44.842934 32.833496 33.570343 38.257519 43.299324 45.484211 41.064095 32.219685 24.654024 27.645304 29.583664 30.523262 28.992281 25.164074 20.756149 17.349455,
 105.357117 113.965851 123.462868 124.834930 112.431511 94.545914 81.127701 136.321609 163.134720 189.351089 197.192291 176.796371 142.821823 113.999550 165.953369 214.466919 264.335480 284.362091 255.957123 201.947754 153.340149 175.169708 233.672424 296.930847 327.069885 296.930847 233.672424 175.169708 153.340149 201.947754 255.957123 284.362091 264.335480 214.466919 165.953369 113.999550 142.821823 176.796371 197.192291 189.351089 163.134720 136.321609 81.127701 94.545914 112.431511 124.834930 123.462868 113.965851 105.357117,
 52.629990 53.208427 52.329060 49.961693 45.897640 40.469139 35.289307 67.726242 72.089584 74.965210 74.712990 68.981049 58.956661 49.311539 77.978653 88.492981 98.762215 103.278069 95.843193 80.506180 66.076462 77.715759 92.891090 109.226425 117.268646 109.226425 92.891090 77.715759 66.076462 80.506180 95.843193 103.278069 98.762215 88.492981 77.978653 49.311539 58.956661 68.981049 74.712990 74.965210 72.089584 67.726242 35.289307 40.469139 45.897640 49.961693 52.329060 53.208427 52.629990,
 1.861190 2.354416 2.858807 3.100309 2.929410 2.472085 1.994103 2.325193 2.913447 3.397437 3.557052 3.326524 2.813858 2.263057 2.948483 4.042226 5.088157 5.527613 5.070803 4.006832 2.869205 3.243504 4.865452 6.557342 7.339903 6.557342 4.865452 3.243504 2.869205 4.006832 5.070803 5.527613 5.088157 4.042226 2.948483 2.263057 2.813858 3.326524 3.557052 3.397437 2.913447 2.325193 1.994103 2.472085 2.929410 3.100309 2.858807 2.354416 1.861190,
 7.625557 9.693178 11.825052 12.621586 11.541550 9.528696 7.816919 12.175700 17.460678 22.520247 24.136848 21.854704 18.179802 14.934209 17.023510 25.660828 34.767017 38.078159 33.302280 25.750816 19.678940 20.166384 29.005243 39.673889 45.194496 39.673889 29.005243 20.166384 19.678940 25.750816 33.302280 38.078159 34.767017 25.660828 17.023510 14.934209 18.179802 21.854704 24.136848 22.520247 17.460678 12.175700 7.816919 9.528696 11.541550 12.621586 11.825052 9.693178 7.625557,
 27.441105 32.905460 39.012680 38.559238 31.873657 28.818020 33.133995 37.560246 56.435608 77.052391 85.154526 75.238014 60.673988 51.867626 53.243141 85.097137 119.930084 136.091263 120.427582 90.311615 64.881271 65.227592 100.804321 140.775772 160.439575 140.775772 100.804321 65.227592 64.881271 90.311615 120.427582 136.091263 119.930084 85.097137 53.243141 51.867626 60.673988 75.238014 85.154526 77.052391 56.435608 37.560246 33.133995 28.818020 31.873657 38.559238 39.012680 32.905460 27.441105,
 14.153515 15.978891 15.508959 13.499342 10.201609 6.497958 3.881897 20.656870 25.138418 27.438524 27.149265 22.884001 15.991064 9.781622 23.500076 31.409817 38.878643 42.286102 37.165379 26.568283 16.716518 21.825956 32.433990 44.037407 49.837738 44.037407 32.433990 21.825956 16.716518 26.568283 37.165379 42.286102 38.878643 31.409817 23.500076 9.781622 15.991064 22.884001 27.149265 27.438524 25.138418 20.656870 3.881897 6.497958 10.201609 13.499342 15.508959 15.978891 14.153515,
 0.557182 1.155273 1.676991 1.865148 1.587080 1.007604 0.402580 0.683969 1.278224 1.804582 2.022791 1.809180 1.292727 0.686844 0.924572 1.610413 2.291847 2.558444 2.222122 1.558355 0.855603 1.029892 1.823240 2.686743 3.111508 2.686743 1.823240 1.029892 0.855603 1.558355 2.222122 2.558444 2.291847 1.610413 0.924572 0.686844 1.292727 1.809180 2.022791 1.804582 1.278224 0.683969 0.402580 1.007604 1.587080 1.865148 1.676991 1.155273 0.557182,
 0.905474 2.754567 3.691154 2.592872 0.663828 0.121514 1.242673 0.704958 3.843900 6.521179 6.280070 3.721432 1.869080 2.144355 0.995936 4.799720 9.230160 10.370989 7.297136 3.624361 2.250948 1.650042 4.751322 9.717591 12.375330 9.717591 4.751322 1.650042 2.250948 3.624361 7.297136 10.370989 9.230160 4.799720 0.995936 2.144355 1.869080 3.721432 6.280070 6.521179 3.843900 0.704958 1.242673 0.121514 0.663828 2.592872 3.691154 2.754567 0.905474,
 1.056261 6.526603 9.633056 9.473488 7.016471 4.260820 2.112860 5.590302 14.374604 22.008101 24.217422 19.960928 13.568709 8.462681 10.909445 22.797710 35.289665 40.479446 34.072258 22.824249 13.636301 14.537313 26.766857 40.972443 48.063015 40.972443 26.766857 14.537313 13.636301 22.824249 34.072258 40.479446 35.289665 22.797710 10.909445 8.462681 13.568709 19.960928 24.217422 22.008101 14.374604 5.590302 2.112860 4.260820 7.016471 9.473488 9.633056 6.526603 1.056261,
 -4.205714 -4.013099 -3.581980 -2.951369 -2.703941 -2.689702 -2.250687 -0.942914 -0.530851 0.365722 1.757295 2.624960 2.613706 2.513809 3.008010 4.325413 6.754353 9.402443 9.814989 8.157177 6.467566 6.249864 8.538201 11.864861 13.766761 11.864861 8.538201 6.249864 6.467566 8.157177 9.814989 9.402443 6.754353 4.325413 3.008010 2.513809 2.613706 2.624960 1.757295 0.365722 -0.530851 -0.942914 -2.250687 -2.689702 -2.703941 -2.951369 -3.581980 -4.013099 -4.205714,

Pairwise cross-correlations of the modulus of all oriented sub-bands at the same scale (size QxQ)
 15.659969 20.384439 25.169580 19.846733,
 20.384439 147.654694 207.627121 56.734459,
 25.169580 207.627121 613.723022 267.727478,
 19.846733 56.734459 267.727478 193.627975,
 10.895201 11.744120 15.908606 12.289285,
 11.744120 77.199654 98.870567 25.508930,
 15.908606 98.870567 327.069855 145.926270,
 12.289285 25.508930 145.926270 117.268654,
 7.339903 6.479405 8.064569 7.209025,
 6.479405 45.194500 50.799503 11.071543,
 8.064569 50.799503 160.439606 65.580566,
 7.209025 11.071543 65.580566 49.837746,
 3.111508 1.512077 1.426157 1.837936,
 1.512077 12.375331 14.194278 1.024222,
 1.426157 14.194278 48.063023 15.770162,
 1.837936 1.024222 15.770162 13.766760,

Cross-correlations of the modulus of all oriented sub-bands with all oriented sub-bands at the coarser scale (size QxQ)
 8.972544 11.779332 13.673212 13.134886,
 16.276354 51.341377 69.037895 24.484388,
 28.402493 67.978737 176.572662 94.246552,
 17.181736 22.472597 87.934853 71.060455,
 5.844875 7.352606 8.381054 6.761371,
 8.421479 23.851372 28.537569 11.412092,
 14.289672 21.455912 64.470078 37.688141,
 9.608120 5.847893 26.336840 28.071682,
 3.059529 3.132894 1.877286 1.372484,
 4.158762 6.746781 6.938834 3.610633,
 4.117180 14.192764 25.491909 4.901739,
 3.159642 7.609963 13.449455 3.439933,

Cross-correlations of the real part of each oriented sub-band with both the real and imaginary part of all phase-doubled oriented sub-bands at the next coarser scale (Q matrices of size 1x2Q, which are computed and stored in a matrix of size Qx2Q)
 -2.210151 -3.760763 -2.377529 -3.168388 0.971610 0.302176 0.496363 0.206193,
 -4.033367 -32.811073 -27.970757 -6.894179 0.558655 1.552296 7.097548 2.156405,
 -3.852537 -37.756672 -62.079510 -41.952782 0.047105 3.355779 23.310076 8.714222,
 -2.730585 -6.041873 -28.340242 -36.033134 0.238976 1.451343 11.329505 5.436314,
 -0.272836 -1.758834 -1.314708 -0.950605 0.542966 -0.005355 -0.038810 -0.117461,
 -1.046641 -19.858139 -20.815739 -5.196755 0.226731 -5.330903 -13.735979 -3.207452,
 -1.068605 -20.997826 -48.675179 -31.131313 0.057351 -11.989255 -38.701767 -7.009862,
 -0.611385 -2.460587 -22.558212 -22.300112 0.312068 -3.892172 -14.839144 -1.741626,
 0.549070 -0.932863 -0.187728 -0.382681 -0.845019 -0.166499 -0.091256 0.265938,
 -0.283348 -6.586163 1.831120 0.949309 0.017911 3.338951 8.050692 -0.563988,
 -0.235507 -6.102067 1.856609 0.738555 -0.228312 6.553555 12.515830 -6.147272,
 0.304105 -1.273532 -1.611419 -1.926700 -1.097067 1.046196 0.903574 -4.343016,
