Low-band skewness and kurtosis
 -0.619182 2.159517,
 -0.552199 2.206503,
 -0.397661 1.981576,
 -0.153056 1.703400,
 0.022858 1.534491,

High-band variance
 912.705017,

Skewness, kurtosis, variance, mean, maximum and minimum of the reconstructed texture
 -0.735210 2.032601 5977.786133 190.604004 255.000000 3.000000,

Auto-correlations of the low-frequency bands at each scale
 2160.043945 2080.585205 2040.822754 2030.940186 2036.114014 2046.613159 2056.622559 2633.308594 2394.026855 2180.876953 2041.428833 1990.406738 2018.683594 2093.613281 3825.239258 3813.799805 3736.633545 3591.064697 3383.366455 3169.458008 3000.039551 4162.591797 4490.259766 4762.490234 4874.327148 4762.490234 4490.259766 4162.591797 3000.039551 3169.458008 3383.366455 3591.064697 3736.633545 3813.799805 3825.239258 2093.613281 2018.683594 1990.406738 2041.428833 2180.876953 2394.026855 2633.308594 2056.622559 2046.613159 2036.114014 2030.940186 2040.822754 2080.585205 2160.043945,
 1855.850464 1804.876099 1798.004150 1826.063599 1866.586914 1901.576294 1920.498901 2278.427490 2096.000000 1931.568604 1823.848877 1789.256836 1826.397705 1908.862549 3083.775879 3084.903320 3019.852783 2886.292725 2703.972412 2533.882812 2420.821777 3192.134033 3441.915527 3652.803711 3739.819824 3652.803711 3441.915527 3192.134033 2420.821777 2533.882812 2703.972412 2886.292725 3019.852783 3084.903320 3083.775879 1908.862549 1826.397705 1789.256836 1823.848877 1931.568604 2096.000000 2278.427490 1920.498901 1901.576294 1866.586914 1826.063599 1798.004150 1804.876099 1855.850464,
 1527.889893 1495.504883 1491.727417 1508.871094 1527.975708 1536.687744 1530.622314 1919.693237 1829.600830 1744.338013 1683.162109 1652.504517 1656.157471 1682.980347 2519.813965 2532.867188 2506.770508 2429.105957 2307.276855 2189.058105 2109.791504 2621.802002 2767.916016 2901.308838 2959.087646 2901.308838 2767.916016 2621.802002 2109.791504 2189.058105 2307.276855 2429.105957 2506.770508 2532.867188 2519.813965 1682.980347 1656.157471 1652.504517 1683.162109 1744.338013 1829.600830 1919.693237 1530.622314 1536.687744 1527.975708 1508.871094 1491.727417 1495.504883 1527.889893,
 833.869324 833.382507 838.777222 840.437317 839.498047 841.563293 841.457336 1496.340210 1464.060303 1427.104614 1383.238281 1341.239868 1325.743652 1339.958862 2061.217041 2085.080322 2084.817871 2035.856812 1937.188232 1841.048096 1786.153564 2210.026611 2312.029541 2414.489014 2461.963867 2414.489014 2312.029541 2210.026611 1786.153564 1841.048096 1937.188232 2035.856812 2084.817871 2085.080322 2061.217041 1339.958862 1325.743652 1341.239868 1383.238281 1427.104614 1464.060303 1496.340210 841.457336 841.563293 839.498047 840.437317 838.777222 833.382507 833.869324,
 -1393.055298 -1409.014526 -1472.100586 -1541.509644 -1556.348633 -1514.095337 -1458.003052 44.598980 69.523842 52.819366 -5.731215 -60.591805 -69.879570 -39.984730 1457.506348 1516.669312 1561.114502 1544.911255 1471.357666 1405.566528 1389.529053 2010.962646 2071.829102 2159.093506 2203.966797 2159.093506 2071.829102 2010.962646 1389.529053 1405.566528 1471.357666 1544.911255 1561.114502 1516.669312 1457.506348 -39.984730 -69.879570 -60.591805 -5.731215 52.819366 69.523842 44.598980 -1458.003052 -1514.095337 -1556.348633 -1541.509644 -1472.100586 -1409.014526 -1393.055298,

Auto-correlations of the modulus of each oriented sub-band
 5.488480 6.610103 7.604950 7.947728 7.383880 6.152694 4.757200 6.279478 7.738761 8.959227 9.348734 8.676970 7.218486 5.544279 7.228489 9.301487 11.142457 12.027687 11.361938 9.344933 6.901120 7.531311 10.464169 13.371133 14.671486 13.371133 10.464169 7.531311 6.901120 9.344933 11.361938 12.027687 11.142457 9.301487 7.228489 5.544279 7.218486 8.676970 9.348734 8.959227 7.738761 6.279478 4.757200 6.152694 7.383880 7.947728 7.604950 6.610103 5.488480,
 52.337917 54.546188 57.794323 59.785217 59.558346 58.782051 58.404713 62.075142 67.561012 75.080025 78.487801 75.387947 71.078377 68.540642 72.879745 81.939766 95.341652 101.623741 93.808113 83.102043 76.927277 78.893883 88.318459 103.867500 113.420563 103.867500 88.318459 78.893883 76.927277 83.102043 93.808113 101.623741 95.341652 81.939766 72.879745 68.540642 71.078377 75.387947 78.487801 75.080025 67.561012 62.075142 58.404713 58.782051 59.558346 59.785217 57.794323 54.546188 52.337917,
 304.103333 306.965027 310.170349 310.426025 304.846191 295.419922 285.667786 369.270233 390.811340 412.392029 420.368622 404.468323 372.730164 341.027130 431.622681 479.657013 528.936707 550.095825 522.140198 464.236725 408.355469 449.073608 513.387085 581.009705 612.877747 581.009705 513.387085 449.073608 408.355469 464.236725 522.140198 550.095825 528.936707 479.657013 431.622681 341.027130 372.730164 404.468323 420.368622 412.392029 390.811340 369.270233 285.667786 295.419922 304.846191 310.426025 310.170349 306.965027 304.103333,
 104.275856 103.005386 100.562637 97.024956 92.439896 87.540863 83.380684 127.068253 130.958740 133.121796 131.667114 124.663445 113.846725 103.272278 145.202957 157.591507 168.818832 172.742096 163.742630 146.223465 128.716507 146.536453 165.346375 184.165573 192.999298 184.165573 165.346375 146.536453 128.716507 146.223465 163.742630 172.742096 168.818832 157.591507 145.202957 103.272278 113.846725 124.663445 131.667114 133.121796 130.958740 127.068253 83.380684 87.540863 92.439896 97.024956 100.562637 103.005386 104.275856,
 3.519353 4.469375 5.284640 5.563289 5.148927 4.268203 3.312582 3.917395 4.871965 5.771019 6.195257 5.886757 4.983325 3.925354 4.362914 5.813683 7.377581 8.279212 7.866728 6.378631 4.714012 4.930287 7.001933 9.198936 10.213966 9.198936 7.001933 4.930287 4.714012 6.378631 7.866728 8.279212 7.377581 5.813683 4.362914 3.925354 4.983325 5.886757 6.195257 5.771019 4.871965 3.917395 3.312582 4.268203 5.148927 5.563289 5.284640 4.469375 3.519353,
 26.904232 28.992386 31.415058 32.913181 32.679783 31.275616 30.037964 32.865425 37.107388 41.505024 42.931210 40.972775 38.049068 35.322083 39.377228 45.905621 53.575081 56.240997 51.521881 45.334881 40.518265 42.480293 49.191711 58.143696 63.311951 58.143696 49.191711 42.480293 40.518265 45.334881 51.521881 56.240997 53.575081 45.905621 39.377228 35.322083 38.049068 40.972775 42.931210 41.505024 37.107388 32.865425 30.037964 31.275616 32.679783 32.913181 31.415058 28.992386 26.904232,
 170.105743 182.523865 192.449341 194.046906 184.400452 168.372253 154.236298 195.380707 223.786591 248.484085 255.463379 238.043564 206.769745 178.005707 221.044617 267.617432 312.081360 329.334290 304.906128 256.149048 209.601807 228.867157 283.939056 339.931946 365.687286 339.931946 283.939056 228.867157 209.601807 256.149048 304.906128 329.334290 312.081360 267.617432 221.044617 178.005707 206.769745 238.043564 255.463379 248.484085 223.786591 195.380707 154.236298 168.372253 184.400452 194.046906 192.449341 182.523865 170.105743,
 81.633118 84.231384 84.860748 82.859451 78.433563 72.844131 67.395142 92.942650 100.204018 104.969147 104.909531 98.761780 88.621941 78.371620 100.807907 114.280899 126.224411 130.659454 122.987411 107.357422 91.530930 100.638443 118.122299 135.364594 143.314392 135.364594 118.122299 100.638443 91.530930 107.357422 122.987411 130.659454 126.224411 114.280899 100.807907 78.371620 88.621941 98.761780 104.909531 104.969147 100.204018 92.942650 67.395142 72.844131 78.433563 82.859451 84.860748 84.231384 81.633118,
 1.983641 2.803896 3.521420 3.824866 3.534148 2.765811 1.857004 2.163718 3.102306 3.890897 4.187513 3.869131 3.080825 2.186192 2.493654 3.951084 5.346589 6.000291 5.478518 4.100278 2.657197 2.904224 4.815385 6.816247 7.739331 6.816247 4.815385 2.904224 2.657197 4.100278 5.478518 6.000291 5.346589 3.951084 2.493654 2.186192 3.080825 3.869131 4.187513 3.890897 3.102306 2.163718 1.857004 2.765811 3.534148 3.824866 3.521420 2.803896 1.983641,
 9.106688 9.710930 10.786770 12.153616 13.321476 14.061838 14.366099 13.010384 14.649085 16.483162 17.715412 18.172791 18.386616 18.145554 17.118834 20.441151 24.708876 26.377092 24.306242 21.923115 20.387278 19.931139 23.140194 28.280237 31.479816 28.280237 23.140194 19.931139 20.387278 21.923115 24.306242 26.377092 24.708876 20.441151 17.118834 18.145554 18.386616 18.172791 17.715412 16.483162 14.649085 13.010384 14.366099 14.061838 13.321476 12.153616 10.786770 9.710930 9.106688,
 64.086029 71.327896 77.682678 82.058403 84.356888 85.670425 84.751907 87.182159 102.509209 117.387344 125.644844 124.625473 118.690559 111.243698 116.304001 141.105881 166.246658 178.582916 170.745407 151.890518 132.881699 136.623230 164.021439 192.252533 205.538055 192.252533 164.021439 136.623230 132.881699 151.890518 170.745407 178.582916 166.246658 141.105881 116.304001 111.243698 118.690559 124.625473 125.644844 117.387344 102.509209 87.182159 84.751907 85.670425 84.356888 82.058403 77.682678 71.327896 64.086029,
 26.423082 32.394413 35.740749 36.632713 35.673267 33.689213 31.224016 32.420036 40.784954 46.961037 49.327423 47.190926 42.392185 37.663460 39.178810 50.628208 61.210720 66.100586 61.836826 52.077648 42.939186 43.793106 56.083710 69.040405 75.184250 69.040405 56.083710 43.793106 42.939186 52.077648 61.836826 66.100586 61.210720 50.628208 39.178810 37.663460 42.392185 47.190926 49.327423 46.961037 40.784954 32.420036 31.224016 33.689213 35.673267 36.632713 35.740749 32.394413 26.423082,
 0.670553 2.703578 4.293299 4.784494 4.005383 2.310581 0.263822 1.079537 3.276853 5.081505 5.814747 5.163040 3.324203 0.872724 1.441647 4.167845 6.658347 7.901080 7.178653 4.691175 1.492908 1.656664 5.000902 8.040467 9.324587 8.040467 5.000902 1.656664 1.492908 4.691175 7.178653 7.901080 6.658347 4.167845 1.441647 0.872724 3.324203 5.163040 5.814747 5.081505 3.276853 1.079537 0.263822 2.310581 4.005383 4.784494 4.293299 2.703578 0.670553,
 0.503507 1.716152 2.741051 3.176698 4.092244 4.792708 4.610151 3.385562 5.131787 6.868840 6.845557 6.333956 6.386351 5.999732 5.656438 8.007998 10.949478 11.531907 9.319452 7.614975 6.376332 6.469798 8.680000 11.895393 14.103590 11.895393 8.680000 6.469798 6.376332 7.614975 9.319452 11.531907 10.949478 8.007998 5.656438 5.999732 6.386351 6.333956 6.845557 6.868840 5.131787 3.385562 4.610151 4.792708 4.092244 3.176698 2.741051 1.716152 0.503507,
 19.009005 23.744270 29.581980 35.441956 39.677559 41.947250 42.489983 45.235813 54.900047 65.763474 74.322884 77.124146 74.270119 68.093231 67.583351 82.853333 98.297462 107.587769 105.781776 95.031204 81.123253 80.657875 98.391678 114.681961 121.688904 114.681961 98.391678 80.657875 81.123253 95.031204 105.781776 107.587769 98.297462 82.853333 67.583351 68.093231 74.270119 77.124146 74.322884 65.763474 54.900047 45.235813 42.489983 41.947250 39.677559 35.441956 29.581980 23.744270 19.009005,
 13.831433 14.469128 13.483662 12.454340 12.390322 11.953110 10.299920 22.609013 23.845448 24.508869 25.807320 26.298401 23.693760 19.548283 27.211344 30.076132 34.503525 38.814415 38.263794 32.237614 26.335955 28.628006 33.968441 41.462036 45.533623 41.462036 33.968441 28.628006 26.335955 32.237614 38.263794 38.814415 34.503525 30.076132 27.211344 19.548283 23.693760 26.298401 25.807320 24.508869 23.845448 22.609013 10.299920 11.953110 12.390322 12.454340 13.483662 14.469128 13.831433,

Pairwise cross-correlations of the modulus of all oriented sub-bands at the same scale (size QxQ)
 14.671485 13.863791 19.665344 18.301146,
 13.863791 113.420570 200.076050 67.116852,
 19.665344 200.076050 612.877747 278.382416,
 18.301146 67.116852 278.382416 192.999283,
 10.213966 11.661743 19.705914 15.721918,
 11.661743 63.311951 108.047768 41.548935,
 19.705914 108.047768 365.687347 186.519806,
 15.721918 41.548935 186.519806 143.314392,
 7.739332 4.693727 7.253012 9.438493,
 4.693727 31.479816 59.155827 22.923985,
 7.253012 59.155827 205.538040 98.582596,
 9.438493 22.923985 98.582596 75.184265,
 9.324589 0.439314 -3.270881 2.150065,
 0.439314 14.103590 33.641415 10.014196,
 -3.270881 33.641415 121.688919 52.316780,
 2.150065 10.014196 52.316780 45.533623,

Cross-correlations of the modulus of all oriented sub-bands with all oriented sub-bands at the coarser scale (size QxQ)
 8.844481 11.658941 18.476706 16.404425,
 12.538437 45.092506 71.705521 36.703644,
 21.219681 79.196747 195.437668 116.058891,
 13.948564 33.735226 110.568771 83.847015,
 5.812063 5.417487 9.111231 9.742260,
 7.397993 19.818905 38.932198 18.564983,
 12.184899 40.864265 115.906998 54.427856,
 9.038757 21.512527 65.696030 37.556793,
 5.435870 1.768283 2.869346 4.819459,
 0.790708 12.284367 30.152998 12.682779,
 1.179951 26.806210 71.379639 23.827909,
 7.191028 9.676903 28.916672 14.815498,

Cross-correlations of the real part of each oriented sub-band with both the real and imaginary part of all phase-doubled oriented sub-bands at the next coarser scale (Q matrices of size 1x2Q, which are computed and stored in a matrix of size Qx2Q)
 -0.907976 -1.482604 -1.249346 -2.241742 1.664570 0.569009 0.111175 -0.483581,
 -0.562201 -15.924791 -7.074452 -2.920105 0.720698 2.092509 -5.213849 -1.062248,
 -1.502135 -20.667019 -21.939762 -22.356497 -0.199757 -1.311025 -15.773557 -3.454591,
 -2.075907 -4.632681 -14.561320 -20.898016 0.517667 -1.409846 -5.772598 -2.077398,
 0.123340 -0.631269 -0.306418 -1.576213 0.267075 0.286026 0.115407 0.482758,
 0.015443 -9.539912 -11.980765 -2.707185 0.207906 4.648958 7.038929 2.140409,
 -0.887567 -13.940641 -28.003977 -7.856828 0.025982 8.107203 15.935584 6.349179,
 -1.159258 -2.996365 -8.631651 -6.304574 -0.009494 1.933794 4.231143 3.757582,
 -0.589118 -0.601637 0.148260 -1.568659 -0.427887 -0.450279 0.456297 1.220923,
 -0.155691 -1.347706 4.240535 3.082658 -0.080175 1.450528 6.825586 3.132917,
 -0.299187 0.301826 20.279749 12.225950 0.140981 5.533703 29.742769 21.368862,
 -0.737404 0.719428 12.425593 3.631872 0.193864 2.163689 17.444208 16.150282,
