Low-band skewness and kurtosis
 -0.630524 2.348413,
 -0.536389 2.382658,
 -0.605377 2.574010,
 -0.612409 2.523143,
 -0.674378 1.977992,

High-band variance
 974.766846,

Skewness, kurtosis, variance, mean, maximum and minimum of the reconstructed texture
 -0.751191 2.121085 5720.564941 191.353699 255.000000 2.000000,

Auto-correlations of the low-frequency bands at each scale
 1448.420288 1434.610718 1424.698364 1415.678955 1402.148560 1387.638306 1374.800171 1329.422607 1264.990967 1229.166626 1228.262329 1259.810425 1326.644531 1423.455078 2795.931641 2860.987793 2925.446533 2973.485352 2990.863037 2993.968750 3000.499512 4173.339355 4341.320801 4472.166992 4524.813477 4472.166992 4341.320801 4173.339355 3000.499512 2993.968750 2990.863037 2973.485352 2925.446533 2860.987793 2795.931641 1423.455078 1326.644531 1259.810425 1228.262329 1229.166626 1264.990967 1329.422607 1374.800171 1387.638306 1402.148560 1415.678955 1424.698364 1434.610718 1448.420288,
 1330.373413 1310.036743 1286.725342 1264.016724 1243.231445 1225.143677 1208.121216 1313.855469 1260.048218 1219.412231 1196.551636 1191.330200 1206.316040 1236.838379 2125.968262 2168.181152 2218.779297 2254.980225 2258.809570 2247.563965 2239.917969 2930.254883 3036.294922 3131.419678 3173.104492 3131.419678 3036.294922 2930.254883 2239.917969 2247.563965 2258.809570 2254.980225 2218.779297 2168.181152 2125.968262 1236.838379 1206.316040 1191.330200 1196.551636 1219.412231 1260.048218 1313.855469 1208.121216 1225.143677 1243.231445 1264.016724 1286.725342 1310.036743 1330.373413,
 969.403259 970.724182 977.157410 989.232666 1003.351624 1013.906921 1018.351868 1194.793945 1159.106079 1136.120117 1126.685913 1126.869385 1137.120728 1156.732422 1786.231567 1800.444824 1817.195312 1819.301636 1791.644531 1749.982910 1713.202026 2165.724121 2246.460693 2319.652832 2352.274658 2319.652832 2246.460693 2165.724121 1713.202026 1749.982910 1791.644531 1819.301636 1817.195312 1800.444824 1786.231567 1156.732422 1137.120728 1126.869385 1126.685913 1136.120117 1159.106079 1194.793945 1018.351868 1013.906921 1003.351624 989.232666 977.157410 970.724182 969.403259,
 498.779175 482.508392 463.840546 458.144226 472.868622 494.244171 506.619141 821.948669 812.173462 807.699524 818.319092 842.025208 869.687378 894.321228 1380.850464 1401.828125 1427.977051 1442.762085 1427.979248 1398.940430 1379.513306 1750.021118 1804.341919 1865.906616 1896.056885 1865.906616 1804.341919 1750.021118 1379.513306 1398.940430 1427.979248 1442.762085 1427.977051 1401.828125 1380.850464 894.321228 869.687378 842.025208 818.319092 807.699524 812.173462 821.948669 506.619141 494.244171 472.868622 458.144226 463.840546 482.508392 498.779175,
 -993.039856 -991.438293 -1000.620972 -1006.835693 -1002.859375 -999.124451 -1001.687439 -123.351608 -137.388107 -153.281265 -157.688126 -149.931473 -138.144791 -127.771729 992.657288 984.752075 995.963989 1011.060913 1008.665771 999.565308 1000.920593 1545.103394 1553.951416 1587.294922 1608.530518 1587.294922 1553.951416 1545.103394 1000.920593 999.565308 1008.665771 1011.060913 995.963989 984.752075 992.657288 -127.771729 -138.144791 -149.931473 -157.688126 -153.281265 -137.388107 -123.351608 -1001.687439 -999.124451 -1002.859375 -1006.835693 -1000.620972 -991.438293 -993.039856,

Auto-correlations of the modulus of each oriented sub-band
 3.850320 5.406195 6.721430 7.242092 6.713188 5.406882 3.878325 4.130630 5.735766 7.100136 7.649899 7.109926 5.757771 4.170115 4.666008 6.502121 8.090247 8.743940 8.113877 6.529091 4.680141 5.086756 7.208817 9.072035 9.836904 9.072035 7.208817 5.086756 4.680141 6.529091 8.113877 8.743940 8.090247 6.502121 4.666008 4.170115 5.757771 7.109926 7.649899 7.100136 5.735766 4.130630 3.878325 5.406882 6.713188 7.242092 6.721430 5.406195 3.850320,
 34.742035 37.115215 39.677151 41.812637 43.002941 43.152493 42.761246 51.197304 57.006271 62.440075 65.467468 65.563828 63.612030 60.952705 71.562027 81.072769 90.130714 94.238708 91.716545 85.442398 78.676804 83.821091 93.946121 103.893173 108.450172 103.893173 93.946121 83.821091 78.676804 85.442398 91.716545 94.238708 90.130714 81.072769 71.562027 60.952705 63.612030 65.563828 65.467468 62.440075 57.006271 51.197304 42.761246 43.152493 43.002941 41.812637 39.677151 37.115215 34.742035,
 201.238098 208.757965 214.448273 215.760071 211.686035 204.421722 196.512756 304.856140 329.384827 348.573608 354.681702 344.432007 323.098450 298.529602 417.729126 464.940582 503.398285 517.577087 499.682281 459.268890 412.043579 466.896057 525.810059 575.641479 596.289795 575.641479 525.810059 466.896057 412.043579 459.268890 499.682281 517.577087 503.398285 464.940582 417.729126 298.529602 323.098450 344.432007 354.681702 348.573608 329.384827 304.856140 196.512756 204.421722 211.686035 215.760071 214.448273 208.757965 201.238098,
 39.498440 40.057869 40.565506 40.447689 39.071365 36.430038 33.390347 54.799988 58.163551 61.363331 62.553528 60.041790 54.136177 47.418472 69.315201 77.329514 85.391289 89.270142 85.149757 74.771027 63.770065 73.388458 85.158051 97.127220 102.638496 97.127220 85.158051 73.388458 63.770065 74.771027 85.149757 89.270142 85.391289 77.329514 69.315201 47.418472 54.136177 60.041790 62.553528 61.363331 58.163551 54.799988 33.390347 36.430038 39.071365 40.447689 40.565506 40.057869 39.498440,
 3.229528 4.298525 5.243299 5.645258 5.298346 4.379756 3.281539 3.619465 4.772200 5.771100 6.173552 5.763446 4.749139 3.566300 4.330490 5.866872 7.233541 7.778021 7.180516 5.778829 4.230402 4.800138 6.670660 8.418003 9.161986 8.418003 6.670660 4.800138 4.230402 5.778829 7.180516 7.778021 7.233541 5.866872 4.330490 3.566300 4.749139 5.763446 6.173552 5.771100 4.772200 3.619465 3.281539 4.379756 5.298346 5.645258 5.243299 4.298525 3.229528,
 10.255695 13.074516 15.842655 17.861862 19.018326 19.682159 19.954575 23.006145 27.902161 32.197063 34.252811 34.071476 32.953533 31.616215 37.855015 44.980877 51.678940 54.228546 51.717178 47.247486 43.044430 46.304062 53.272240 60.657394 64.258240 60.657394 53.272240 46.304062 43.044430 47.247486 51.717178 54.228546 51.678940 44.980877 37.855015 31.616215 32.953533 34.071476 34.252811 32.197063 27.902161 23.006145 19.954575 19.682159 19.018326 17.861862 15.842655 13.074516 10.255695,
 52.325348 64.400528 77.657906 88.692413 94.589317 96.701859 96.532791 120.743332 141.816330 161.911392 175.111237 176.755295 170.032669 159.645706 202.964813 235.763718 264.661682 279.594421 273.054749 251.643570 225.037079 248.026550 285.284912 317.229401 331.059937 317.229401 285.284912 248.026550 225.037079 251.643570 273.054749 279.594421 264.661682 235.763718 202.964813 159.645706 170.032669 176.755295 175.111237 161.911392 141.816330 120.743332 96.532791 96.701859 94.589317 88.692413 77.657906 64.400528 52.325348,
 11.062064 12.716028 14.797788 16.445583 16.982319 16.508209 15.751786 18.422569 21.125309 24.706154 27.603691 27.611111 24.774139 21.590958 26.919950 31.830830 38.482094 43.226341 41.244835 34.282230 27.928057 30.766333 37.798412 46.846325 51.602142 46.846325 37.798412 30.766333 27.928057 34.282230 41.244835 43.226341 38.482094 31.830830 26.919950 21.590958 24.774139 27.611111 27.603691 24.706154 21.125309 18.422569 15.751786 16.508209 16.982319 16.445583 14.797788 12.716028 11.062064,
 1.404788 1.772808 2.249830 2.501220 2.293940 1.767843 1.292978 1.888668 2.473420 3.055625 3.232301 2.823044 2.085865 1.459424 2.435157 3.571556 4.698289 5.070472 4.356754 3.069732 1.961648 2.531396 4.022678 5.650902 6.404973 5.650902 4.022678 2.531396 1.961648 3.069732 4.356754 5.070472 4.698289 3.571556 2.435157 1.459424 2.085865 2.823044 3.232301 3.055625 2.473420 1.888668 1.292978 1.767843 2.293940 2.501220 2.249830 1.772808 1.404788,
 7.986850 7.194624 6.487248 6.110806 6.308002 6.941557 7.297069 11.379225 12.557046 13.612197 13.404140 12.429349 11.840325 11.407114 16.311331 19.967560 24.192707 25.331518 22.510998 19.185459 16.890894 19.202085 23.323380 28.956230 32.146141 28.956230 23.323380 19.202085 16.890894 19.185459 22.510998 25.331518 24.192707 19.967560 16.311331 11.407114 11.840325 12.429349 13.404140 13.612197 12.557046 11.379225 7.297069 6.941557 6.308002 6.110806 6.487248 7.194624 7.986850,
 17.187435 16.933384 18.508434 19.663719 18.373032 16.089828 14.204544 48.451992 57.255169 66.668533 72.547127 71.123398 64.027969 54.003574 93.251137 114.793900 134.225159 144.526825 139.986267 123.895737 102.146233 120.716141 148.854568 172.025635 181.742172 172.025635 148.854568 120.716141 102.146233 123.895737 139.986267 144.526825 134.225159 114.793900 93.251137 54.003574 64.027969 71.123398 72.547127 66.668533 57.255169 48.451992 14.204544 16.089828 18.373032 19.663719 18.508434 16.933384 17.187435,
 6.140628 6.680429 7.348557 7.987740 8.166522 7.887917 7.474465 10.710831 12.486509 14.968980 17.320751 17.585447 15.688604 13.337963 17.088697 21.125044 26.277819 30.180367 29.036108 24.102571 19.213835 21.022732 26.692039 33.432251 36.996113 33.432251 26.692039 21.022732 19.213835 24.102571 29.036108 30.180367 26.277819 21.125044 17.088697 13.337963 15.688604 17.585447 17.320751 14.968980 12.486509 10.710831 7.474465 7.887917 8.166522 7.987740 7.348557 6.680429 6.140628,
 1.123048 1.646538 2.062096 2.080920 1.579190 0.794090 0.155145 1.268417 1.528785 1.693937 1.627023 1.293617 0.869186 0.595320 1.126095 1.792249 2.714299 3.281542 3.021778 2.251056 1.607773 1.695104 2.843103 4.360919 5.136735 4.360919 2.843103 1.695104 1.607773 2.251056 3.021778 3.281542 2.714299 1.792249 1.126095 0.595320 0.869186 1.293617 1.627023 1.693937 1.528785 1.268417 0.155145 0.794090 1.579190 2.080920 2.062096 1.646538 1.123048,
 1.907883 2.130730 2.014169 0.254110 -2.927228 -6.089771 -7.927179 3.506021 5.791967 7.124710 5.074393 0.700050 -3.592196 -6.412652 3.357345 7.735811 12.206450 12.026252 6.832585 1.088818 -2.862426 1.089107 5.949491 12.364478 15.934875 12.364478 5.949491 1.089107 -2.862426 1.088818 6.832585 12.026252 12.206450 7.735811 3.357345 -6.412652 -3.592196 0.700050 5.074393 7.124710 5.791967 3.506021 -7.927179 -6.089771 -2.927228 0.254110 2.014169 2.130730 1.907883,
 9.755589 6.708141 3.659568 -0.756654 -7.641407 -14.790989 -19.137726 30.325733 33.672459 34.574856 30.410599 19.255457 4.784413 -7.672975 39.814461 52.903652 62.877632 63.885643 51.920479 32.500011 13.222425 32.615162 52.560753 70.686890 78.846130 70.686890 52.560753 32.615162 13.222425 32.500011 51.920479 63.885643 62.877632 52.903652 39.814461 -7.672975 4.784413 19.255457 30.410599 34.574856 33.672459 30.325733 -19.137726 -14.790989 -7.641407 -0.756654 3.659568 6.708141 9.755589,
 1.898638 1.680856 1.332715 0.400851 -1.061470 -2.693431 -3.792785 2.170655 2.630810 3.117659 3.403409 2.665377 0.448239 -1.783472 1.974830 3.780554 6.537325 8.772505 7.812494 3.923396 0.430396 1.590986 4.899364 9.510173 11.941298 9.510173 4.899364 1.590986 0.430396 3.923396 7.812494 8.772505 6.537325 3.780554 1.974830 -1.783472 0.448239 2.665377 3.403409 3.117659 2.630810 2.170655 -3.792785 -2.693431 -1.061470 0.400851 1.332715 1.680856 1.898638,

Pairwise cross-correlations of the modulus of all oriented sub-bands at the same scale (size QxQ)
 9.836904 6.742463 4.038549 6.809933,
 6.742463 108.450188 219.853897 65.260750,
 4.038549 219.853897 596.289917 208.122482,
 6.809933 65.260750 208.122482 102.638512,
 9.161987 4.935590 0.476032 6.163928,
 4.935590 64.258247 123.639503 35.705757,
 0.476032 123.639503 331.059937 101.186340,
 6.163928 35.705757 101.186340 51.602150,
 6.404974 4.034868 4.506376 6.180719,
 4.034868 32.146141 61.651237 20.686344,
 4.506376 61.651237 181.742188 64.559814,
 6.180719 20.686344 64.559814 36.996117,
 5.136735 2.217065 -6.883998 3.481042,
 2.217065 15.934875 17.989941 7.293520,
 -6.883998 17.989941 78.846130 14.023701,
 3.481042 7.293520 14.023701 11.941298,

Cross-correlations of the modulus of all oriented sub-bands with all oriented sub-bands at the coarser scale (size QxQ)
 7.165850 4.475875 -3.383633 5.861213,
 8.263210 28.632599 45.423576 15.498867,
 13.053032 49.098972 105.388420 36.128498,
 8.437874 13.793721 28.135029 19.409700,
 5.845437 4.802958 3.369812 7.032258,
 4.811328 9.953772 19.509834 6.950409,
 5.703385 17.192039 51.138832 13.268035,
 5.740084 8.192862 19.933670 12.507763,
 4.138819 1.865919 -8.246138 2.244924,
 3.040532 -0.194936 -6.974357 0.330768,
 3.761042 -5.359931 -11.566519 -0.905181,
 4.266302 -0.718107 -11.557255 2.809013,

Cross-correlations of the real part of each oriented sub-band with both the real and imaginary part of all phase-doubled oriented sub-bands at the next coarser scale (Q matrices of size 1x2Q, which are computed and stored in a matrix of size Qx2Q)
 -1.045575 -0.564900 -0.350320 -0.725956 1.385061 0.159953 0.012350 -0.287259,
 -0.548092 -21.021854 -38.912418 -11.385551 0.447920 -3.649719 -4.523411 -0.052411,
 -0.153206 -44.820663 -98.532059 -35.048283 -0.059651 -8.100208 -6.695848 0.412147,
 -0.571938 -12.734810 -33.605465 -15.930872 0.541247 -2.108935 -0.291848 -0.114812,
 -0.300052 -0.417714 -0.292890 -0.542352 0.444212 0.114921 -0.135780 -0.287084,
 -0.443963 -2.153275 -5.922619 -3.513192 0.474992 -2.533573 -9.287538 -2.380883,
 -0.226918 -6.413678 -30.254606 -15.041092 0.072008 -4.474093 -17.208906 -4.919164,
 -0.107664 -3.554858 -16.690411 -8.479793 0.110149 -0.712195 -3.394763 -1.617631,
 0.115931 0.392047 0.214256 -0.238091 0.147584 0.274694 -0.045419 -0.039679,
 -0.175018 4.160674 4.930665 0.688214 0.454309 -5.847034 -10.868385 -3.994885,
 -0.262375 6.986216 10.969513 -0.065911 0.129272 -13.678023 -26.276711 -13.124774,
 0.018625 1.839988 3.237513 -1.478623 -0.065060 -3.634184 -8.201103 -5.916215,
