Low-band skewness and kurtosis
 -0.619240 2.313434,
 -0.515639 2.238019,
 -0.549553 2.238788,
 -0.446258 1.913878,
 -0.315580 1.788794,

High-band variance
 954.417908,

Skewness, kurtosis, variance, mean, maximum and minimum of the reconstructed texture
 -0.732264 2.088519 5686.524902 190.981628 255.000000 2.000000,

Auto-correlations of the low-frequency bands at each scale
 1351.014160 1355.578491 1363.973999 1373.477417 1381.438110 1394.176636 1416.004883 1512.326294 1425.330200 1367.475464 1348.642456 1368.371948 1427.804321 1516.556274 3023.879639 3040.745605 3061.756104 3068.992676 3043.932373 2998.711914 2948.652100 4137.487793 4319.791016 4463.653320 4521.574707 4463.653320 4319.791016 4137.487793 2948.652100 2998.711914 3043.932373 3068.992676 3061.756104 3040.745605 3023.879639 1516.556274 1427.804321 1368.371948 1348.642456 1367.475464 1425.330200 1512.326294 1416.004883 1394.176636 1381.438110 1373.477417 1363.973999 1355.578491 1351.014160,
 1425.794556 1445.394531 1464.586182 1484.886719 1505.103271 1523.604736 1539.646118 1400.042969 1349.480835 1318.214966 1311.678711 1328.803345 1370.391724 1430.611816 2224.894287 2243.646484 2268.999023 2282.087402 2265.774414 2235.426758 2208.283447 2960.049805 3085.202393 3190.915771 3235.765381 3190.915771 3085.202393 2960.049805 2208.283447 2235.426758 2265.774414 2282.087402 2268.999023 2243.646484 2224.894287 1430.611816 1370.391724 1328.803345 1311.678711 1318.214966 1349.480835 1400.042969 1539.646118 1523.604736 1505.103271 1484.886719 1464.586182 1445.394531 1425.794556,
 1198.474609 1183.833618 1165.992432 1153.604126 1152.062988 1158.375854 1167.209473 1210.775635 1189.260498 1184.432373 1205.535522 1250.050293 1310.592285 1379.600342 1767.495361 1802.372559 1846.788330 1884.897827 1897.149414 1894.009033 1895.390869 2245.512451 2329.594727 2409.007324 2444.705078 2409.007324 2329.594727 2245.512451 1895.390869 1894.009033 1897.149414 1884.897827 1846.788330 1802.372559 1767.495361 1379.600342 1310.592285 1250.050293 1205.535522 1184.432373 1189.260498 1210.775635 1167.209473 1158.375854 1152.062988 1153.604126 1165.992432 1183.833618 1198.474609,
 481.651825 489.557465 489.300018 481.702454 474.043121 470.091644 465.367462 1013.134644 986.328186 963.243347 948.637878 948.154968 964.517029 987.957275 1506.777344 1514.219482 1537.458618 1561.816406 1574.498901 1583.565186 1593.340332 1843.805664 1885.574463 1929.667603 1950.932861 1929.667603 1885.574463 1843.805664 1593.340332 1583.565186 1574.498901 1561.816406 1537.458618 1514.219482 1506.777344 987.957275 964.517029 948.154968 948.637878 963.243347 986.328186 1013.134644 465.367462 470.091644 474.043121 481.702454 489.300018 489.557465 481.651825,
 -1096.201660 -1099.490845 -1104.302856 -1107.112671 -1106.192993 -1102.383911 -1098.514648 -110.099434 -117.875870 -122.517136 -121.320221 -116.080673 -109.319061 -104.590965 1092.390747 1092.747314 1100.017090 1108.536255 1110.647705 1107.247070 1102.156616 1681.790405 1693.486938 1708.919800 1716.658081 1708.919800 1693.486938 1681.790405 1102.156616 1107.247070 1110.647705 1108.536255 1100.017090 1092.747314 1092.390747 -104.590965 -109.319061 -116.080673 -121.320221 -122.517136 -117.875870 -110.099434 -1098.514648 -1102.383911 -1106.192993 -1107.112671 -1104.302856 -1099.490845 -1096.201660,

Auto-correlations of the modulus of each oriented sub-band
 3.440583 4.751043 5.854390 6.302684 5.894425 4.852116 3.627366 3.916452 5.369062 6.601397 7.111642 6.662359 5.498857 4.125470 4.683663 6.479432 8.006224 8.607424 7.984766 6.483829 4.760680 5.151674 7.207938 9.028111 9.780458 9.028111 7.207938 5.151674 4.760680 6.483829 7.984766 8.607424 8.006224 6.479432 4.683663 4.125470 5.498857 6.662359 7.111642 6.601397 5.369062 3.916452 3.627366 4.852116 5.894425 6.302684 5.854390 4.751043 3.440583,
 34.794205 35.524445 36.815502 37.901821 38.192677 37.851929 37.379868 48.724552 53.359077 58.480499 61.173908 60.332962 57.298042 53.915356 66.502106 76.121109 86.416290 91.085381 87.349243 79.114273 71.002441 76.801178 88.202072 100.508202 106.366226 100.508202 88.202072 76.801178 71.002441 79.114273 87.349243 91.085381 86.416290 76.121109 66.502106 53.915356 57.298042 60.332962 61.173908 58.480499 53.359077 48.724552 37.379868 37.851929 38.192677 37.901821 36.815502 35.524445 34.794205,
 146.559814 148.978088 152.145706 153.449188 150.387283 144.375732 138.244385 241.243362 260.610840 278.648529 286.113800 276.369415 253.564087 226.976608 350.258392 396.532288 437.798157 455.145935 436.308960 390.995667 338.322845 396.710510 460.198547 516.239746 540.085815 516.239746 460.198547 396.710510 338.322845 390.995667 436.308960 455.145935 437.798157 396.532288 350.258392 226.976608 253.564087 276.369415 286.113800 278.648529 260.610840 241.243362 138.244385 144.375732 150.387283 153.449188 152.145706 148.978088 146.559814,
 22.663603 22.008198 21.249573 20.177216 18.598160 16.693577 15.012491 41.803757 43.497604 45.178314 45.360928 42.517677 37.036987 31.186882 60.339790 66.978172 73.911301 77.140671 72.736069 62.663990 52.350037 65.392975 76.299301 87.658798 93.060699 87.658798 76.299301 65.392975 52.350037 62.663990 72.736069 77.140671 73.911301 66.978172 60.339790 31.186882 37.036987 42.517677 45.360928 45.178314 43.497604 41.803757 15.012491 16.693577 18.598160 20.177216 21.249573 22.008198 22.663603,
 1.878397 2.815991 3.645755 4.019054 3.756382 3.011393 2.138835 2.296954 3.363116 4.321931 4.765060 4.492003 3.672200 2.700366 3.097357 4.612343 6.012361 6.619754 6.115508 4.828390 3.397238 3.695089 5.526079 7.278912 8.037794 7.278912 5.526079 3.695089 3.397238 4.828390 6.115508 6.619754 6.012361 4.612343 3.097357 2.700366 3.672200 4.492003 4.765060 4.321931 3.363116 2.296954 2.138835 3.011393 3.756382 4.019054 3.645755 2.815991 1.878397,
 18.598072 19.651169 20.235334 20.468349 20.514742 20.213673 19.330441 27.451582 31.503466 34.483891 34.445942 32.253307 29.872011 27.427557 35.717232 42.953690 50.197678 51.923935 46.958107 40.539749 35.312080 38.968048 46.657280 55.928024 60.864033 55.928024 46.657280 38.968048 35.312080 40.539749 46.958107 51.923935 50.197678 42.953690 35.717232 27.427557 29.872011 32.253307 34.445942 34.483891 31.503466 27.451582 19.330441 20.213673 20.514742 20.468349 20.235334 19.651169 18.598072,
 61.325062 64.193443 66.498512 66.819023 64.068810 59.031448 53.422932 110.878914 126.812767 139.693146 144.345123 137.388763 121.167366 101.486641 164.390060 198.692322 227.118820 238.508789 225.856979 194.900208 157.789383 186.502228 231.266510 269.046753 284.787048 269.046753 231.266510 186.502228 157.789383 194.900208 225.856979 238.508789 227.118820 198.692322 164.390060 101.486641 121.167366 137.388763 144.345123 139.693146 126.812767 110.878914 53.422932 59.031448 64.068810 66.819023 66.498512 64.193443 61.325062,
 7.673141 8.985764 9.557547 9.346343 8.488768 7.289398 6.073514 17.227873 19.542833 21.723885 23.233807 22.408772 18.755774 14.333842 26.779163 31.621807 37.702988 41.963928 39.578758 31.646309 23.989048 29.714548 37.349533 46.797440 51.720833 46.797440 37.349533 29.714548 23.989048 31.646309 39.578758 41.963928 37.702988 31.621807 26.779163 14.333842 18.755774 22.408772 23.233807 21.723885 19.542833 17.227873 6.073514 7.289398 8.488768 9.346343 9.557547 8.985764 7.673141,
 1.062913 1.517135 2.003151 2.282266 2.175841 1.759025 1.281134 1.417785 1.874579 2.305713 2.505127 2.340544 1.910293 1.443948 2.365762 3.333659 4.232721 4.600868 4.194845 3.292168 2.363976 3.018072 4.382201 5.723016 6.318902 5.723016 4.382201 3.018072 2.363976 3.292168 4.194845 4.600868 4.232721 3.333659 2.365762 1.443948 1.910293 2.340544 2.505127 2.305713 1.874579 1.417785 1.281134 1.759025 2.175841 2.282266 2.003151 1.517135 1.062913,
 11.593802 13.512171 14.658993 13.951925 11.704611 9.283134 7.372722 17.015999 20.961752 24.017227 23.505947 19.880447 15.937788 12.932988 21.860144 27.784809 33.908306 35.180943 30.371586 24.105114 19.445818 23.222538 29.353491 37.057434 41.069767 37.057434 29.353491 23.222538 19.445818 24.105114 30.371586 35.180943 33.908306 27.784809 21.860144 12.932988 15.937788 19.880447 23.505947 24.017227 20.961752 17.015999 7.372722 9.283134 11.704611 13.951925 14.658993 13.512171 11.593802,
 47.129593 45.673107 44.539856 40.178719 28.992439 16.441380 6.124296 75.688141 83.235176 88.475777 85.832016 70.522743 50.264000 30.859386 97.503616 118.947510 136.138763 140.072342 123.257538 96.099243 67.743210 96.040474 126.660912 153.886475 166.608521 153.886475 126.660912 96.040474 67.743210 96.099243 123.257538 140.072342 136.138763 118.947510 97.503616 30.859386 50.264000 70.522743 85.832016 88.475777 83.235176 75.688141 6.124296 16.441380 28.992439 40.178719 44.539856 45.673107 47.129593,
 3.110878 3.142816 3.379819 3.579077 2.925464 1.313362 -0.270342 7.811338 9.460419 11.402379 12.807440 11.841773 8.428366 4.768480 12.119891 16.184406 20.987139 24.115082 22.170099 16.311283 10.474114 13.395258 19.465715 26.301485 29.716581 26.301485 19.465715 13.395258 10.474114 16.311283 22.170099 24.115082 20.987139 16.184406 12.119891 4.768480 8.428366 11.841773 12.807440 11.402379 9.460419 7.811338 -0.270342 1.313362 2.925464 3.579077 3.379819 3.142816 3.110878,
 0.486913 0.967194 1.409128 1.556682 1.281020 0.734473 0.219302 0.763935 1.189010 1.611936 1.773762 1.522856 1.016625 0.570155 1.090005 1.708055 2.341355 2.596128 2.260493 1.586865 0.999637 1.257271 2.074701 2.955528 3.357294 2.955528 2.074701 1.257271 0.999637 1.586865 2.260493 2.596128 2.341355 1.708055 1.090005 0.570155 1.016625 1.522856 1.773762 1.611936 1.189010 0.763935 0.219302 0.734473 1.281020 1.556682 1.409128 0.967194 0.486913,
 -0.064767 -1.182962 -2.162044 -2.452684 -2.034218 -1.348955 -0.863483 7.701862 7.992635 8.088974 7.844203 7.492939 7.270406 7.009480 15.263724 17.065886 18.896297 19.391932 18.159416 16.566088 15.196218 18.670639 20.840464 23.390114 24.784702 23.390114 20.840464 18.670639 15.196218 16.566088 18.159416 19.391932 18.896297 17.065886 15.263724 7.009480 7.270406 7.492939 7.844203 8.088974 7.992635 7.701862 -0.863483 -1.348955 -2.034218 -2.452684 -2.162044 -1.182962 -0.064767,
 -14.796471 -15.749557 -15.582704 -14.953533 -15.315478 -15.920094 -15.740772 8.544222 11.715023 17.207912 22.054306 22.136349 19.710794 17.936342 37.468277 45.589226 56.394093 64.288750 62.140316 55.030716 48.663452 56.088245 65.861771 77.447449 83.903976 77.447449 65.861771 56.088245 48.663452 55.030716 62.140316 64.288750 56.394093 45.589226 37.468277 17.936342 19.710794 22.136349 22.054306 17.207912 11.715023 8.544222 -15.740772 -15.920094 -15.315478 -14.953533 -15.582704 -15.749557 -14.796471,
 -1.122222 0.967160 2.469303 3.060244 2.126266 0.058872 -1.756868 2.885930 5.037940 6.774858 7.865222 6.842299 3.937495 1.757951 6.277852 8.571652 11.473249 14.066902 12.451399 8.225648 5.617469 7.456792 10.001314 14.356359 17.383930 14.356359 10.001314 7.456792 5.617469 8.225648 12.451399 14.066902 11.473249 8.571652 6.277852 1.757951 3.937495 6.842299 7.865222 6.774858 5.037940 2.885930 -1.756868 0.058872 2.126266 3.060244 2.469303 0.967160 -1.122222,

Pairwise cross-correlations of the modulus of all oriented sub-bands at the same scale (size QxQ)
 9.780458 8.187517 4.626728 5.860999,
 8.187517 106.366234 200.070480 57.539566,
 4.626728 200.070480 540.085815 186.805817,
 5.860999 57.539566 186.805817 93.060699,
 8.037793 7.211285 5.969342 5.341721,
 7.211285 60.864033 103.363144 25.851961,
 5.969342 103.363144 284.787079 93.136162,
 5.341721 25.851961 93.136162 51.720833,
 6.318902 7.508980 5.044842 5.203187,
 7.508980 41.069771 61.022003 18.767239,
 5.044842 61.022003 166.608536 50.391251,
 5.203187 18.767239 50.391251 29.716583,
 3.357294 3.649043 3.107959 4.220855,
 3.649043 24.784702 37.102837 10.390545,
 3.107959 37.102837 83.903976 20.894547,
 4.220855 10.390545 20.894547 17.383930,

Cross-correlations of the modulus of all oriented sub-bands with all oriented sub-bands at the coarser scale (size QxQ)
 6.924987 5.305606 2.437480 5.983215,
 8.334130 30.528791 42.194077 11.870746,
 9.047992 46.444180 78.676514 20.993084,
 5.249006 13.568747 27.475597 14.740040,
 4.886115 6.579007 2.204335 5.375903,
 5.952353 17.192766 21.615349 8.572702,
 6.484496 20.721062 32.393532 9.953734,
 3.869476 7.214286 4.977564 6.648420,
 3.032305 3.050810 2.576756 5.651682,
 3.948522 5.248971 6.481203 6.074764,
 0.825114 4.395811 19.113817 2.774127,
 2.828766 2.898936 7.896975 6.507807,

Cross-correlations of the real part of each oriented sub-band with both the real and imaginary part of all phase-doubled oriented sub-bands at the next coarser scale (Q matrices of size 1x2Q, which are computed and stored in a matrix of size Qx2Q)
 -0.570247 -0.529007 -0.324919 -0.202859 1.279490 0.070074 -0.014583 -0.061277,
 -0.420902 -14.477461 -29.994947 -12.438202 0.574634 -1.611785 -7.061060 -2.599471,
 -0.243007 -31.454369 -94.308800 -49.929058 0.100708 -4.163500 -22.639240 -8.997116,
 -0.337108 -10.147840 -40.641689 -25.233459 0.575026 -1.288345 -9.148621 -3.720357,
 0.375993 -0.713921 -0.127407 -0.469424 -0.180631 0.540997 0.003700 0.027733,
 -0.014881 -4.973989 4.675956 0.381117 0.129995 9.629870 13.483232 1.685816,
 -0.144403 -0.765863 17.298035 -5.006489 0.014175 16.950195 26.424749 1.399693,
 0.062402 1.889768 5.602259 -5.783297 -0.049339 3.914363 5.552874 -1.027478,
 -0.887303 -0.299436 0.375580 -0.018243 -0.582457 -0.566705 0.047319 0.088160,
 -0.645928 -8.628345 -25.823618 -6.398701 -0.645859 -8.884682 -13.750156 -3.275999,
 -0.076881 -19.427042 -59.251354 -15.719584 -0.245241 -16.860733 -37.300888 -8.927635,
 -0.258322 -5.584687 -16.623306 -4.670946 -0.289349 -4.891343 -13.197181 -3.305290,
