Low-band skewness and kurtosis
 -0.590962 2.165734,
 -0.479024 2.310967,
 -0.554555 2.538890,
 -0.577100 2.462106,
 -0.214510 1.685615,

High-band variance
 957.265930,

Skewness, kurtosis, variance, mean, maximum and minimum of the reconstructed texture
 -0.703357 1.973827 5813.280762 190.775757 255.000000 9.000000,

Auto-correlations of the low-frequency bands at each scale
 1740.538452 1753.511597 1767.433594 1778.398315 1781.333252 1783.826294 1791.649780 1628.778809 1557.963623 1511.764648 1492.300049 1495.562988 1526.980469 1585.384521 3104.546875 3107.603516 3114.706787 3113.683105 3091.954346 3060.595703 3030.540527 4369.005859 4494.776855 4589.936523 4627.915039 4589.936523 4494.776855 4369.005859 3030.540527 3060.595703 3091.954346 3113.683105 3114.706787 3107.603516 3104.546875 1585.384521 1526.980469 1495.562988 1492.300049 1511.764648 1557.963623 1628.778809 1791.649780 1783.826294 1781.333252 1778.398315 1767.433594 1753.511597 1740.538452,
 1671.024658 1676.237793 1681.342896 1684.343872 1680.825806 1673.530273 1665.533447 1555.875854 1534.077759 1525.598267 1529.290283 1540.287476 1563.268188 1600.441284 2436.237793 2452.825195 2472.772949 2482.490723 2470.306641 2450.756836 2440.009277 3168.921143 3243.230713 3307.852051 3335.929443 3307.852051 3243.230713 3168.921143 2440.009277 2450.756836 2470.306641 2482.490723 2472.772949 2452.825195 2436.237793 1600.441284 1563.268188 1540.287476 1529.290283 1525.598267 1534.077759 1555.875854 1665.533447 1673.530273 1680.825806 1684.343872 1681.342896 1676.237793 1671.024658,
 1218.613281 1203.103027 1188.102295 1175.079834 1164.150146 1157.024902 1152.415039 1468.042603 1455.867920 1450.802002 1450.092529 1450.257568 1457.151123 1471.560669 2062.975342 2084.806641 2112.744385 2129.932373 2123.010498 2108.473633 2101.061768 2475.080322 2518.513916 2564.335693 2586.766113 2564.335693 2518.513916 2475.080322 2101.061768 2108.473633 2123.010498 2129.932373 2112.744385 2084.806641 2062.975342 1471.560669 1457.151123 1450.257568 1450.092529 1450.802002 1455.867920 1468.042603 1152.415039 1157.024902 1164.150146 1175.079834 1188.102295 1203.103027 1218.613281,
 603.272949 615.061768 622.843384 624.859375 622.195679 616.953613 609.589600 1028.418579 1017.609924 1010.955872 1006.254333 1002.398254 1005.283020 1016.297791 1692.488403 1696.445190 1705.758911 1708.016113 1693.446167 1674.996704 1665.141724 2108.782959 2146.177734 2185.121826 2203.745605 2185.121826 2146.177734 2108.782959 1665.141724 1674.996704 1693.446167 1708.016113 1705.758911 1696.445190 1692.488403 1016.297791 1005.283020 1002.398254 1006.254333 1010.955872 1017.609924 1028.418579 609.589600 616.953613 622.195679 624.859375 622.843384 615.061768 603.272949,
 -1226.677979 -1232.430664 -1247.365723 -1257.791138 -1254.380615 -1244.079346 -1236.152832 -24.994453 -30.244637 -41.146149 -49.208015 -50.305275 -45.513458 -37.460812 1235.375122 1243.605713 1255.400269 1259.857300 1248.013062 1231.624512 1225.788696 1800.560181 1818.042725 1847.093018 1862.817261 1847.093018 1818.042725 1800.560181 1225.788696 1231.624512 1248.013062 1259.857300 1255.400269 1243.605713 1235.375122 -37.460812 -45.513458 -50.305275 -49.208015 -41.146149 -30.244637 -24.994453 -1236.152832 -1244.079346 -1254.380615 -1257.791138 -1247.365723 -1232.430664 -1226.677979,

Auto-correlations of the modulus of each oriented sub-band
 3.194086 4.500263 5.602962 6.036431 5.577937 4.455153 3.139800 3.428797 4.833287 6.031280 6.508989 6.021296 4.819452 3.414680 3.770422 5.346826 6.713322 7.262960 6.696746 5.320000 3.739226 3.956834 5.672255 7.184994 7.807516 7.184994 5.672255 3.956834 3.739226 5.320000 6.696746 7.262960 6.713322 5.346826 3.770422 3.414680 4.819452 6.021296 6.508989 6.031280 4.833287 3.428797 3.139800 4.455153 5.577937 6.036431 5.602962 4.500263 3.194086,
 37.424568 39.014301 40.700504 41.987854 42.378124 41.955845 41.221695 54.686401 58.851650 62.508076 64.363968 64.097122 62.265636 59.865715 73.843803 80.986229 87.534752 90.125679 87.888069 83.094322 77.956718 84.161469 91.752350 99.238335 102.688629 99.238335 91.752350 84.161469 77.956718 83.094322 87.888069 90.125679 87.534752 80.986229 73.843803 59.865715 62.265636 64.097122 64.363968 62.508076 58.851650 54.686401 41.221695 41.955845 42.378124 41.987854 40.700504 39.014301 37.424568,
 227.340042 234.009674 239.417618 241.332870 238.586166 232.949860 227.325058 360.742706 379.951691 394.909515 400.371826 393.639435 377.997406 359.549469 501.756134 537.624695 566.008911 576.894775 565.070679 536.191101 500.774750 565.321045 609.764343 645.744507 660.227417 645.744507 609.764343 565.321045 500.774750 536.191101 565.070679 576.894775 566.008911 537.624695 501.756134 359.549469 377.997406 393.639435 400.371826 394.909515 379.951691 360.742706 227.325058 232.949860 238.586166 241.332870 239.417618 234.009674 227.340042,
 44.539719 44.674992 44.812569 44.510147 43.478004 41.930019 40.236588 65.346130 67.101608 68.671921 69.051582 67.342819 63.552891 59.085266 86.042046 90.738914 95.304604 97.543007 94.942131 88.236702 80.960609 93.153900 100.586639 108.002136 111.465523 108.002136 100.586639 93.153900 80.960609 88.236702 94.942131 97.543007 95.304604 90.738914 86.042046 59.085266 63.552891 67.342819 69.051582 68.671921 67.101608 65.346130 40.236588 41.930019 43.478004 44.510147 44.812569 44.674992 44.539719,
 1.920964 2.817632 3.587676 3.902486 3.609542 2.868007 2.003574 2.409099 3.454856 4.351497 4.731634 4.413578 3.569283 2.565384 3.019567 4.339696 5.510806 6.021622 5.598625 4.480557 3.179513 3.442873 4.957208 6.318540 6.887502 6.318540 4.957208 3.442873 3.179513 4.480557 5.598625 6.021622 5.510806 4.339696 3.019567 2.565384 3.569283 4.413578 4.731634 4.351497 3.454856 2.409099 2.003574 2.868007 3.609542 3.902486 3.587676 2.817632 1.920964,
 12.765265 13.519802 14.129710 14.374116 14.433175 14.402843 14.177002 22.382109 25.019144 27.233204 27.662535 26.805618 25.892897 24.988146 32.980713 37.336071 41.857491 43.178345 40.661064 37.463825 35.014481 38.446095 42.634132 47.896439 50.741432 47.896439 42.634132 38.446095 35.014481 37.463825 40.661064 43.178345 41.857491 37.336071 32.980713 24.988146 25.892897 26.805618 27.662535 27.233204 25.019144 22.382109 14.177002 14.402843 14.433175 14.374116 14.129710 13.519802 12.765265,
 78.045380 78.767265 79.556747 79.101288 76.388702 72.248604 67.575500 159.555832 166.547455 171.517334 172.023895 166.585052 156.967499 145.491348 239.671707 256.155243 268.119263 271.346497 263.454956 247.437485 227.652023 269.213196 292.084442 309.901367 317.034088 309.901367 292.084442 269.213196 227.652023 247.437485 263.454956 271.346497 268.119263 256.155243 239.671707 145.491348 156.967499 166.585052 172.023895 171.517334 166.547455 159.555832 67.575500 72.248604 76.388702 79.101288 79.556747 78.767265 78.045380,
 18.980757 18.590317 18.449848 18.423975 18.008595 16.833641 15.060396 31.510269 31.815813 32.688000 33.688179 33.117970 30.330267 26.663723 41.933498 44.095375 47.536659 50.287560 48.734535 43.499931 38.234280 44.599739 49.167381 55.035339 58.164223 55.035339 49.167381 44.599739 38.234280 43.499931 48.734535 50.287560 47.536659 44.095375 41.933498 26.663723 30.330267 33.117970 33.688179 32.688000 31.815813 31.510269 15.060396 16.833641 18.008595 18.423975 18.449848 18.590317 18.980757,
 1.071134 1.435430 1.733679 1.828745 1.643459 1.229475 0.733472 1.515671 2.222537 2.851914 3.104844 2.813161 2.093790 1.254856 2.174463 3.471374 4.664128 5.175683 4.678154 3.437976 2.046621 2.523924 4.212868 5.770096 6.431305 5.770096 4.212868 2.523924 2.046621 3.437976 4.678154 5.175683 4.664128 3.471374 2.174463 1.254856 2.093790 2.813161 3.104844 2.851914 2.222537 1.515671 0.733472 1.229475 1.643459 1.828745 1.733679 1.435430 1.071134,
 6.138974 6.715766 6.539274 5.862033 5.209050 4.627434 4.345779 8.493089 10.758218 12.166578 11.561136 10.051367 8.855144 8.070113 12.375748 16.215576 20.193615 20.865673 18.124794 15.081101 12.940374 14.905270 18.595697 23.406927 26.098091 23.406927 18.595697 14.905270 12.940374 15.081101 18.124794 20.865673 20.193615 16.215576 12.375748 8.070113 8.855144 10.051367 11.561136 12.166578 10.758218 8.493089 4.345779 4.627434 5.209050 5.862033 6.539274 6.715766 6.138974,
 4.437486 4.792172 6.046063 8.102915 10.519937 13.427587 17.048672 27.758121 31.705284 35.607143 38.567421 39.564754 39.167152 38.543941 63.053425 73.406723 82.033592 86.426857 84.652077 78.243515 69.864571 83.842430 97.337891 108.201675 112.683090 108.201675 97.337891 83.842430 69.864571 78.243515 84.652077 86.426857 82.033592 73.406723 63.053425 38.543941 39.167152 39.564754 38.567421 35.607143 31.705284 27.758121 17.048672 13.427587 10.519937 8.102915 6.046063 4.792172 4.437486,
 2.027107 1.139689 0.796048 1.332359 1.920493 1.778776 1.555872 3.980743 3.742671 4.530204 6.049123 6.373487 5.065537 4.075543 7.416159 8.609160 11.371589 14.070784 13.248727 9.976941 7.832466 9.547403 11.927605 16.136429 18.732269 16.136429 11.927605 9.547403 7.832466 9.976941 13.248727 14.070784 11.371589 8.609160 7.416159 4.075543 5.065537 6.373487 6.049123 4.530204 3.742671 3.980743 1.555872 1.778776 1.920493 1.332359 0.796048 1.139689 2.027107,
 0.093272 0.425487 0.627859 0.640314 0.469574 0.181513 -0.153618 0.118134 0.541999 0.867711 0.990105 0.856656 0.514054 0.073315 0.493838 1.443925 2.305730 2.691121 2.379844 1.547366 0.585706 0.803466 2.084887 3.260707 3.756670 3.260707 2.084887 0.803466 0.585706 1.547366 2.379844 2.691121 2.305730 1.443925 0.493838 0.073315 0.514054 0.856656 0.990105 0.867711 0.541999 0.118134 -0.153618 0.181513 0.469574 0.640314 0.627859 0.425487 0.093272,
 1.550400 1.360775 1.146064 1.036386 1.223783 1.150326 1.270223 7.386881 8.063014 8.960488 8.764477 8.176576 7.713403 6.930912 13.120413 14.836259 17.279387 17.825665 15.841113 14.332223 13.003340 15.587038 17.446352 20.371284 22.505947 20.371284 17.446352 15.587038 13.003340 14.332223 15.841113 17.825665 17.279387 14.836259 13.120413 6.930912 7.713403 8.176576 8.764477 8.960488 8.063014 7.386881 1.270223 1.150326 1.223783 1.036386 1.146064 1.360775 1.550400,
 29.854565 25.303450 21.332846 17.734699 14.532251 13.064161 14.367099 75.804031 75.213478 74.314568 72.429428 68.971931 65.168358 62.524944 115.736206 121.819122 126.733269 128.359894 124.954689 118.056107 110.238098 131.861816 142.098175 150.685196 154.343719 150.685196 142.098175 131.861816 110.238098 118.056107 124.954689 128.359894 126.733269 121.819122 115.736206 62.524944 65.168358 68.971931 72.429428 74.314568 75.213478 75.804031 14.367099 13.064161 14.532251 17.734699 21.332846 25.303450 29.854565,
 6.405044 6.156758 4.909145 3.513221 2.347462 1.202660 0.297636 10.364216 10.367986 9.848188 9.858621 9.495897 7.853873 5.775702 13.490485 14.820016 16.753181 18.892498 18.283279 14.999362 11.602370 14.486116 17.602346 21.642784 23.939659 21.642784 17.602346 14.486116 11.602370 14.999362 18.283279 18.892498 16.753181 14.820016 13.490485 5.775702 7.853873 9.495897 9.858621 9.848188 10.367986 10.364216 0.297636 1.202660 2.347462 3.513221 4.909145 6.156758 6.405044,

Pairwise cross-correlations of the modulus of all oriented sub-bands at the same scale (size QxQ)
 7.807516 4.015779 1.925512 3.951428,
 4.015779 102.688629 229.591934 71.389015,
 1.925512 229.591934 660.227356 242.560822,
 3.951428 71.389015 242.560822 111.465523,
 6.887502 3.265910 2.123958 3.738134,
 3.265910 50.741440 107.431267 30.774187,
 2.123958 107.431267 317.034088 115.470543,
 3.738134 30.774187 115.470543 58.164230,
 6.431304 3.819531 0.325742 2.957582,
 3.819531 26.098093 42.596054 12.219664,
 0.325742 42.596054 112.683105 34.636875,
 2.957582 12.219664 34.636875 18.732271,
 3.756670 2.037640 3.238537 4.002687,
 2.037640 22.505945 48.533520 13.662178,
 3.238537 48.533520 154.343704 50.635071,
 4.002687 13.662178 50.635071 23.939661,

Cross-correlations of the modulus of all oriented sub-bands with all oriented sub-bands at the coarser scale (size QxQ)
 5.691738 2.176414 -0.508070 3.636455,
 5.220271 26.152639 50.136669 14.317935,
 6.675899 46.666962 127.370674 49.695599,
 3.997677 12.033009 45.758423 26.243404,
 5.200150 4.471430 0.021501 2.481655,
 2.466172 8.889791 17.088945 7.310413,
 2.273534 7.793692 38.627026 20.372717,
 2.655612 -0.152104 8.537201 9.014477,
 3.469410 3.723594 9.027796 5.696753,
 3.223830 3.886845 0.697870 -0.420550,
 2.490145 5.868240 10.437117 1.161312,
 1.907282 3.756180 14.212692 6.714115,

Cross-correlations of the real part of each oriented sub-band with both the real and imaginary part of all phase-doubled oriented sub-bands at the next coarser scale (Q matrices of size 1x2Q, which are computed and stored in a matrix of size Qx2Q)
 -0.964225 -0.398434 -0.131170 -0.357163 0.955031 0.229896 0.089323 -0.195296,
 -0.407943 -19.587246 -47.867138 -15.902041 0.333817 -5.561935 -15.139745 -3.654409,
 -0.002592 -50.702812 -140.254425 -50.940819 0.054366 -16.115894 -36.980934 -8.734503,
 -0.395164 -17.677441 -53.186302 -21.423458 0.435447 -5.436923 -11.000875 -2.685517,
 -0.779166 -0.340990 -0.340612 -0.830859 0.663908 -0.058768 -0.057813 -0.233526,
 -0.362440 0.453667 15.811731 5.018222 0.079671 -11.160684 -26.750631 -7.400491,
 0.028542 9.196603 52.040901 13.110235 -0.062172 -28.788935 -79.183205 -25.497904,
 -0.288215 4.899850 19.206585 2.420124 0.313049 -9.684938 -30.598352 -11.540137,
 -0.734652 -0.165748 -0.012870 0.054150 0.658499 0.495448 0.250729 -0.260204,
 -0.286857 1.668014 8.392474 3.446978 0.081169 3.868517 -5.027634 -2.959790,
 0.070157 5.558947 21.280052 7.342552 0.084785 -2.159859 -26.469273 -8.252094,
 -0.250568 2.028508 6.243802 2.029706 0.590611 -3.246428 -11.179350 -2.509094,
