Low-band skewness and kurtosis
 -0.620269 2.364455,
 -0.524719 2.432030,
 -0.353882 2.240962,
 -0.268763 2.099930,
 -0.081726 1.783714,

High-band variance
 936.842896,

Skewness, kurtosis, variance, mean, maximum and minimum of the reconstructed texture
 -0.697030 2.047329 5697.458496 189.728516 255.000000 0.000000,

Auto-correlations of the low-frequency bands at each scale
 1212.149780 1188.851440 1160.590698 1131.527222 1105.765015 1094.504761 1107.000854 1045.954102 971.844849 944.194763 980.533936 1084.676147 1256.555786 1475.471191 2367.352051 2541.146973 2739.484619 2922.301758 3055.798096 3151.088379 3218.698730 3959.129883 4242.470703 4466.692383 4556.819336 4466.692383 4242.470703 3959.129883 3218.698730 3151.088379 3055.798096 2922.301758 2739.484619 2541.146973 2367.352051 1475.471191 1256.555786 1084.676147 980.533936 944.194763 971.844849 1045.954102 1107.000854 1094.504761 1105.765015 1131.527222 1160.590698 1188.851440 1212.149780,
 1034.817261 1025.927246 1014.515015 998.866455 982.155151 975.778748 986.954285 992.232422 951.967285 945.736084 979.831177 1052.411865 1164.174805 1301.894531 1710.648193 1827.309204 1973.005859 2111.258545 2205.655762 2265.557373 2304.043213 2673.809082 2859.426758 3015.765625 3081.894043 3015.765625 2859.426758 2673.809082 2304.043213 2265.557373 2205.655762 2111.258545 1973.005859 1827.309204 1710.648193 1301.894531 1164.174805 1052.411865 979.831177 945.736084 951.967285 992.232422 986.954285 975.778748 982.155151 998.866455 1014.515015 1025.927246 1034.817261,
 869.455200 844.958618 810.909546 777.494751 751.166992 732.100830 721.008667 874.947388 835.066223 816.170532 825.471436 857.105591 911.538269 987.739136 1291.523193 1378.149902 1489.826294 1597.801392 1666.765259 1704.737793 1730.056641 1934.335449 2067.273926 2183.173828 2233.537842 2183.173828 2067.273926 1934.335449 1730.056641 1704.737793 1666.765259 1597.801392 1489.826294 1378.149902 1291.523193 987.739136 911.538269 857.105591 825.471436 816.170532 835.066223 874.947388 721.008667 732.100830 751.166992 777.494751 810.909546 844.958618 869.455200,
 417.615021 370.492859 318.210297 286.417358 289.015533 311.528259 333.489166 631.987305 584.652588 550.413147 554.858093 603.594543 675.967529 744.709106 1068.052734 1110.333496 1172.371338 1230.636719 1259.725342 1266.294189 1268.378174 1464.264404 1551.109131 1643.838501 1686.841553 1643.838501 1551.109131 1464.264404 1268.378174 1266.294189 1259.725342 1230.636719 1172.371338 1110.333496 1068.052734 744.709106 675.967529 603.594543 554.858093 550.413147 584.652588 631.987305 333.489166 311.528259 289.015533 286.417358 318.210297 370.492859 417.615021,
 -860.551880 -856.854309 -857.519531 -856.616638 -849.366455 -845.727356 -852.679810 6.832860 -2.555121 -12.283022 -16.737507 -13.820024 -4.922273 5.423124 848.891052 841.544495 848.424622 859.296326 861.039246 859.369690 861.762756 1226.677246 1238.854004 1264.094116 1278.535522 1264.094116 1238.854004 1226.677246 861.762756 859.369690 861.039246 859.296326 848.424622 841.544495 848.891052 5.423124 -4.922273 -13.820024 -16.737507 -12.283022 -2.555121 6.832860 -852.679810 -845.727356 -849.366455 -856.616638 -857.519531 -856.854309 -860.551880,

Auto-correlations of the modulus of each oriented sub-band
 4.072358 5.727042 7.196465 7.885080 7.477364 6.218808 4.688285 4.859677 6.701271 8.325459 9.076226 8.601521 7.172623 5.434056 6.216243 8.687260 10.814363 11.676597 10.853933 8.818525 6.473107 6.979146 9.912022 12.557932 13.663608 12.557932 9.912022 6.979146 6.473107 8.818525 10.853933 11.676597 10.814363 8.687260 6.216243 5.434056 7.172623 8.601521 9.076226 8.325459 6.701271 4.859677 4.688285 6.218808 7.477364 7.885080 7.196465 5.727042 4.072358,
 37.942085 43.770363 49.913471 55.352859 59.540516 62.367119 64.152565 60.807297 71.970894 82.419960 89.190323 91.722588 91.276405 89.112259 89.148430 105.486725 120.576279 128.111786 125.912857 118.028824 108.552116 109.202164 125.310120 140.303452 147.023865 140.303452 125.310120 109.202164 108.552116 118.028824 125.912857 128.111786 120.576279 105.486725 89.148430 89.112259 91.276405 91.722588 89.190323 82.419960 71.970894 60.807297 64.152565 62.367119 59.540516 55.352859 49.913471 43.770363 37.942085,
 169.021667 185.164093 200.475891 211.053772 215.227478 216.440308 218.332825 259.822418 300.592712 337.601074 356.883667 352.376709 333.726562 313.964630 362.738800 430.838104 493.455414 522.415771 502.883881 452.924713 399.605621 422.767761 498.730133 570.041504 601.361084 570.041504 498.730133 422.767761 399.605621 452.924713 502.883881 522.415771 493.455414 430.838104 362.738800 313.964630 333.726562 352.376709 356.883667 337.601074 300.592712 259.822418 218.332825 216.440308 215.227478 211.053772 200.475891 185.164093 169.021667,
 35.637447 36.846462 38.256344 38.712879 37.089954 34.412067 32.806568 47.939556 51.703651 56.969868 60.083549 56.950825 49.833191 44.692997 59.053520 66.992546 78.797577 86.036179 79.916367 66.368996 56.745506 62.795227 73.787384 90.073990 99.045258 90.073990 73.787384 62.795227 56.745506 66.368996 79.916367 86.036179 78.797577 66.992546 59.053520 44.692997 49.833191 56.950825 60.083549 56.969868 51.703651 47.939556 32.806568 34.412067 37.089954 38.712879 38.256344 36.846462 35.637447,
 4.140886 5.837124 7.305498 7.932655 7.409688 6.008231 4.339902 4.293286 5.930241 7.320983 7.879498 7.344552 5.983103 4.371317 5.351328 7.479936 9.297342 9.940467 9.081930 7.215698 5.139147 5.947806 8.547428 10.947217 11.973923 10.947217 8.547428 5.947806 5.139147 7.215698 9.081930 9.940467 9.297342 7.479936 5.351328 4.371317 5.983103 7.344552 7.879498 7.320983 5.930241 4.293286 4.339902 6.008231 7.409688 7.932655 7.305498 5.837124 4.140886,
 16.128904 18.106789 20.571836 22.405777 23.104418 23.036854 22.851500 26.505009 32.695072 39.040012 42.509426 42.519466 40.680981 38.157612 41.948875 53.133289 64.358429 69.538879 66.438583 59.419689 52.000053 53.685616 65.654007 77.877823 83.719025 77.877823 65.654007 53.685616 52.000053 59.419689 66.438583 69.538879 64.358429 53.133289 41.948875 38.157612 40.680981 42.519466 42.509426 39.040012 32.695072 26.505009 22.851500 23.036854 23.104418 22.405777 20.571836 18.106789 16.128904,
 58.062077 64.012413 71.302307 75.027679 72.705078 68.312477 65.033112 95.941025 116.766457 137.685211 147.878296 141.417358 125.383659 108.135208 149.161270 189.939957 228.512817 246.607788 232.692841 198.437912 160.266953 180.384552 230.658661 277.038574 297.613220 277.038574 230.658661 180.384552 160.266953 198.437912 232.692841 246.607788 228.512817 189.939957 149.161270 108.135208 125.383659 141.417358 147.878296 137.685211 116.766457 95.941025 65.033112 68.312477 72.705078 75.027679 71.302307 64.012413 58.062077,
 16.413065 17.929594 19.623505 20.316591 19.279476 16.943743 14.367349 22.001423 24.841002 28.145519 30.775738 29.804489 24.955244 19.570343 28.225168 33.314857 40.437458 46.188210 43.439114 34.312988 26.291945 30.241943 37.920700 48.502457 54.565216 48.502457 37.920700 30.241943 26.291945 34.312988 43.439114 46.188210 40.437458 33.314857 28.225168 19.570343 24.955244 29.804489 30.775738 28.145519 24.841002 22.001423 14.367349 16.943743 19.279476 20.316591 19.623505 17.929594 16.413065,
 1.302642 2.434997 3.580213 4.138676 3.755409 2.654970 1.404187 1.552599 2.745851 3.916158 4.494222 4.168152 3.143723 1.920820 2.347461 4.164130 5.915922 6.662361 5.958842 4.304090 2.542195 2.927613 5.221373 7.538876 8.566709 7.538876 5.221373 2.927613 2.542195 4.304090 5.958842 6.662361 5.915922 4.164130 2.347461 1.920820 3.143723 4.168152 4.494222 3.916158 2.745851 1.552599 1.404187 2.654970 3.755409 4.138676 3.580213 2.434997 1.302642,
 12.183497 13.397118 14.004026 13.755146 13.660742 14.307039 14.963233 21.241114 25.506704 28.795010 28.972116 27.084576 25.481649 24.095083 30.820412 38.968391 46.891129 49.144939 44.638367 38.309547 32.862377 35.798714 44.701126 54.689964 59.743553 54.689964 44.701126 35.798714 32.862377 38.309547 44.638367 49.144939 46.891129 38.968391 30.820412 24.095083 25.481649 27.084576 28.972116 28.795010 25.506704 21.241114 14.963233 14.307039 13.660742 13.755146 14.004026 13.397118 12.183497,
 25.822340 26.818474 27.733898 28.674702 29.126125 29.123142 29.066946 60.156544 70.122894 78.739227 83.063583 79.735016 69.634018 57.163235 94.145905 117.195892 137.605362 146.665115 137.690201 114.992538 88.654251 105.857407 137.349365 165.533691 177.608612 165.533691 137.349365 105.857407 88.654251 114.992538 137.690201 146.665115 137.605362 117.195892 94.145905 57.163235 69.634018 79.735016 83.063583 78.739227 70.122894 60.156544 29.066946 29.123142 29.126125 28.674702 27.733898 26.818474 25.822340,
 3.580357 3.036547 2.586068 2.837628 3.022512 1.963306 0.422665 7.373529 7.509913 8.322074 9.849626 9.622083 6.454801 3.024423 10.327684 12.377633 15.958814 19.350798 17.629023 11.809680 7.002426 10.233465 14.402141 20.649570 24.339891 20.649570 14.402141 10.233465 7.002426 11.809680 17.629023 19.350798 15.958814 12.377633 10.327684 3.024423 6.454801 9.622083 9.849626 8.322074 7.509913 7.373529 0.422665 1.963306 3.022512 2.837628 2.586068 3.036547 3.580357,
 0.026795 0.897562 1.528378 1.590979 1.033945 0.143058 -0.669896 -0.034971 0.664158 1.229990 1.339400 0.877967 0.062747 -0.731277 0.450935 1.529726 2.539220 2.957536 2.507840 1.454388 0.337280 1.274825 2.955741 4.583777 5.293508 4.583777 2.955741 1.274825 0.337280 1.454388 2.507840 2.957536 2.539220 1.529726 0.450935 -0.731277 0.062747 0.877967 1.339400 1.229990 0.664158 -0.034971 -0.669896 0.143058 1.033945 1.590979 1.528378 0.897562 0.026795,
 -4.317702 1.209028 4.955165 4.916965 1.507107 -3.027143 -6.878747 4.809174 11.777863 17.573040 18.589233 14.532010 8.772560 3.965607 14.943754 23.172075 31.236967 34.039959 29.516413 22.002356 15.582251 20.126785 28.188734 37.077564 41.421238 37.077564 28.188734 20.126785 15.582251 22.002356 29.516413 34.039959 31.236967 23.172075 14.943754 3.965607 8.772560 14.532010 18.589233 17.573040 11.777863 4.809174 -6.878747 -3.027143 1.507107 4.916965 4.955165 1.209028 -4.317702,
 -13.300228 0.678914 11.997023 14.741325 5.509569 -9.970926 -23.019215 29.792276 48.978264 66.401955 72.622757 61.504536 41.675301 24.843500 72.143448 97.500961 122.976891 134.154770 120.652351 94.872787 72.441772 91.728416 118.887390 148.411072 162.836151 148.411072 118.887390 91.728416 72.441772 94.872787 120.652351 134.154770 122.976891 97.500961 72.143448 24.843500 41.675301 61.504536 72.622757 66.401955 48.978264 29.792276 -23.019215 -9.970926 5.509569 14.741325 11.997023 0.678914 -13.300228,
 4.211944 8.720041 12.273464 13.679886 11.252239 5.301763 -0.992364 7.329823 12.342934 18.171976 22.004480 19.886724 12.453335 4.502865 9.393740 16.286266 25.402662 31.200089 27.821878 17.938774 8.656610 10.100813 18.986515 30.016558 35.545357 30.016558 18.986515 10.100813 8.656610 17.938774 27.821878 31.200089 25.402662 16.286266 9.393740 4.502865 12.453335 19.886724 22.004480 18.171976 12.342934 7.329823 -0.992364 5.301763 11.252239 13.679886 12.273464 8.720041 4.211944,

Pairwise cross-correlations of the modulus of all oriented sub-bands at the same scale (size QxQ)
 13.663609 11.955805 7.427858 9.457020,
 11.955805 147.023865 246.356110 59.030659,
 7.427858 246.356110 601.361023 185.496216,
 9.457020 59.030659 185.496216 99.045250,
 11.973923 9.125432 10.413317 10.219465,
 9.125432 83.719025 124.649902 29.053198,
 10.413317 124.649902 297.613220 88.543335,
 10.219465 29.053198 88.543335 54.565228,
 8.566709 3.951742 0.223986 4.157851,
 3.951742 59.743557 83.342934 14.935455,
 0.223986 83.342934 177.608643 40.896034,
 4.157851 14.935455 40.896034 24.339891,
 5.293508 4.631743 1.419031 6.412038,
 4.631743 41.421234 67.067596 30.385017,
 1.419031 67.067596 162.836166 53.540039,
 6.412038 30.385017 53.540039 35.545364,

Cross-correlations of the modulus of all oriented sub-bands with all oriented sub-bands at the coarser scale (size QxQ)
 9.642406 9.093035 5.793370 8.536959,
 9.874949 39.328720 56.158802 16.049183,
 11.291207 54.822052 116.274292 39.819073,
 9.009636 16.530062 39.156380 26.148977,
 7.392173 6.956159 1.673412 4.264865,
 6.423021 17.458305 16.798166 4.100014,
 9.818702 29.743805 32.161903 11.223414,
 7.874185 13.542659 15.372269 13.508663,
 4.385272 6.396156 2.084876 8.168198,
 0.938126 9.667933 11.311362 3.753624,
 -1.826875 18.758650 41.153389 2.463213,
 1.486074 11.543652 19.951019 9.569290,

Cross-correlations of the real part of each oriented sub-band with both the real and imaginary part of all phase-doubled oriented sub-bands at the next coarser scale (Q matrices of size 1x2Q, which are computed and stored in a matrix of size Qx2Q)
 -0.520033 -1.626331 -1.354379 -1.274614 1.430578 0.245133 0.039572 -0.169227,
 -0.709877 -43.106735 -55.685371 -10.953369 0.452102 5.121951 7.258796 -0.595298,
 -0.658385 -66.477913 -109.040131 -35.343521 0.003906 8.332814 0.191158 -8.622052,
 -0.545148 -12.787117 -31.238401 -18.646872 0.592388 1.292279 -6.392597 -6.257954,
 -0.225599 -0.476255 -0.722001 -0.814087 0.116411 -1.545002 -0.850552 -0.408191,
 -0.144616 -27.009104 -43.370686 -7.770924 -0.218249 -11.053816 -13.219484 -3.914243,
 -0.317807 -45.949814 -81.398529 -20.615997 0.170347 -13.103650 -33.930046 -15.001574,
 -0.441116 -9.201137 -20.387625 -9.616319 0.228708 -2.438348 -14.452686 -8.484257,
 1.396887 0.538429 -0.159424 0.221226 -0.778864 -0.436638 -0.162745 -0.603251,
 0.504626 -4.978712 -10.498692 -1.730481 -0.350681 -11.644342 -12.312250 0.631593,
 0.068602 -12.127532 -15.305861 -2.964446 0.185543 -14.918638 -10.068630 1.678162,
 0.724988 -2.663956 -2.014391 -0.989468 -0.133076 -1.256070 2.830714 -1.868405,
