Low-band skewness and kurtosis
 -0.450538 2.203494,
 -0.342896 2.375519,
 -0.239635 2.248700,
 -0.063046 1.996633,
 0.381223 1.732269,

High-band variance
 1062.436523,

Skewness, kurtosis, variance, mean, maximum and minimum of the reconstructed texture
 -0.590549 1.906810 5462.705078 187.252136 255.000000 5.000000,

Auto-correlations of the low-frequency bands at each scale
 703.747009 662.436401 638.050415 627.474670 623.616089 623.857422 627.367371 673.844971 557.841003 479.240509 462.175415 513.526123 628.282288 783.769287 2207.428711 2311.437744 2396.069824 2446.807373 2458.181152 2457.385010 2466.593750 3621.536133 3879.817139 4082.840088 4163.656250 4082.840088 3879.817139 3621.536133 2466.593750 2457.385010 2458.181152 2446.807373 2396.069824 2311.437744 2207.428711 783.769287 628.282288 513.526123 462.175415 479.240509 557.841003 673.844971 627.367371 623.857422 623.616089 627.474670 638.050415 662.436401 703.747009,
 659.018982 636.199280 617.734070 604.771301 595.222717 586.185486 578.499695 615.311707 519.351135 451.115356 426.528809 448.068237 512.302917 606.150818 1423.896606 1492.602783 1559.990479 1608.169556 1624.103760 1627.356689 1635.585815 2283.632324 2458.193359 2601.172363 2660.107422 2601.172363 2458.193359 2283.632324 1635.585815 1627.356689 1624.103760 1608.169556 1559.990479 1492.602783 1423.896606 606.150818 512.302917 448.068237 426.528809 451.115356 519.351135 615.311707 578.499695 586.185486 595.222717 604.771301 617.734070 636.199280 659.018982,
 456.316711 451.292664 457.077087 473.309387 499.688904 533.731628 570.492981 500.738190 470.120667 457.209473 469.020203 507.515015 570.279358 645.366821 1021.851440 1072.375122 1120.959473 1152.788818 1157.726562 1150.941528 1144.830444 1478.159180 1588.920410 1681.671143 1720.862061 1681.671143 1588.920410 1478.159180 1144.830444 1150.941528 1157.726562 1152.788818 1120.959473 1072.375122 1021.851440 645.366821 570.279358 507.515015 469.020203 457.209473 470.120667 500.738190 570.492981 533.731628 499.688904 473.309387 457.077087 451.292664 456.316711,
 280.693115 259.966888 234.542389 209.314468 185.841736 162.664642 140.469818 435.219360 380.702606 350.942505 350.199463 372.962952 413.811188 465.395264 684.037598 726.667725 788.583801 850.617004 893.652893 921.753418 941.823853 1027.295410 1114.767334 1190.033203 1222.045898 1190.033203 1114.767334 1027.295410 941.823853 921.753418 893.652893 850.617004 788.583801 726.667725 684.037598 465.395264 413.811188 372.962952 350.199463 350.942505 380.702606 435.219360 140.469818 162.664642 185.841736 209.314468 234.542389 259.966888 280.693115,
 -542.032410 -549.141541 -561.723328 -569.162964 -565.502380 -555.689026 -547.605408 -97.168190 -114.792175 -126.562096 -120.453117 -102.571495 -87.934082 -83.315590 530.317444 528.361450 545.178284 571.955322 584.406555 575.014526 556.961243 862.046814 888.312866 924.276306 942.295959 924.276306 888.312866 862.046814 556.961243 575.014526 584.406555 571.955322 545.178284 528.361450 530.317444 -83.315590 -87.934082 -102.571495 -120.453117 -126.562096 -114.792175 -97.168190 -547.605408 -555.689026 -565.502380 -569.162964 -561.723328 -549.141541 -542.032410,

Auto-correlations of the modulus of each oriented sub-band
 3.353994 4.460793 5.416955 5.792698 5.373442 4.354215 3.181616 3.929569 5.150159 6.202769 6.601811 6.128013 5.019521 3.746040 4.625813 6.250247 7.687721 8.329155 7.814932 6.382568 4.649229 5.026176 7.142196 9.107437 9.944380 9.107437 7.142196 5.026176 4.649229 6.382568 7.814932 8.329155 7.687721 6.250247 4.625813 3.746040 5.019521 6.128013 6.601811 6.202769 5.150159 3.929569 3.181616 4.354215 5.373442 5.792698 5.416955 4.460793 3.353994,
 25.738930 29.003719 32.386799 35.352299 36.809307 36.933384 36.680866 45.016903 51.935638 58.742634 62.878506 62.774227 60.177521 57.179722 67.121330 77.991249 89.340034 94.939316 91.205162 83.150597 75.564339 80.190590 91.618156 104.253891 110.637108 104.253891 91.618156 80.190590 75.564339 83.150597 91.205162 94.939316 89.340034 77.991249 67.121330 57.179722 60.177521 62.774227 62.878506 58.742634 51.935638 45.016903 36.680866 36.933384 36.809307 35.352299 32.386799 29.003719 25.738930,
 113.524559 129.662903 141.626938 144.567001 138.007431 127.892342 120.620369 203.775253 243.793488 276.290222 286.632324 270.023621 238.884369 209.589676 301.328674 368.930206 428.562225 451.465027 423.610504 364.987762 305.070007 346.937775 425.247040 498.764160 530.999634 498.764160 425.247040 346.937775 305.070007 364.987762 423.610504 451.465027 428.562225 368.930206 301.328674 209.589676 238.884369 270.023621 286.632324 276.290222 243.793488 203.775253 120.620369 127.892342 138.007431 144.567001 141.626938 129.662903 113.524559,
 25.834412 25.571505 25.111149 23.430769 19.884827 15.222021 11.276063 44.313408 48.801785 52.826965 53.064690 47.100388 36.787098 27.359642 58.889343 70.277237 82.229599 87.273888 79.185928 62.577103 47.430435 60.659325 77.007446 95.172203 103.948990 95.172203 77.007446 60.659325 47.430435 62.577103 79.185928 87.273888 82.229599 70.277237 58.889343 27.359642 36.787098 47.100388 53.064690 52.826965 48.801785 44.313408 11.276063 15.222021 19.884827 23.430769 25.111149 25.571505 25.834412,
 1.909374 2.474864 2.988883 3.206987 3.001950 2.478352 1.865771 2.312240 2.987128 3.602185 3.863407 3.631248 3.019473 2.282050 3.045077 4.244260 5.384350 5.878551 5.416992 4.270622 3.009635 3.481992 5.125860 6.767236 7.500340 6.767236 5.125860 3.481992 3.009635 4.270622 5.416992 5.878551 5.384350 4.244260 3.045077 2.282050 3.019473 3.631248 3.863407 3.602185 2.987128 2.312240 1.865771 2.478352 3.001950 3.206987 2.988883 2.474864 1.909374,
 16.866552 17.970165 18.570326 18.768377 19.151552 19.695087 19.661104 24.837275 29.892937 33.888844 34.822754 33.716099 32.569557 31.429312 36.327354 45.285587 54.067135 56.929501 52.940105 47.075802 42.218834 44.291321 53.151497 63.273857 68.374832 63.273857 53.151497 44.291321 42.218834 47.075802 52.940105 56.929501 54.067135 45.285587 36.327354 31.429312 32.569557 33.716099 34.822754 33.888844 29.892937 24.837275 19.661104 19.695087 19.151552 18.768377 18.570326 17.970165 16.866552,
 32.483490 43.148640 54.611397 60.748802 58.109856 50.121563 41.619629 78.541870 105.998032 132.933868 147.055984 141.225311 121.868515 99.813141 139.563629 186.148987 230.915207 252.973816 239.150894 200.956848 158.503052 176.281464 230.724152 281.997314 304.617493 281.997314 230.724152 176.281464 158.503052 200.956848 239.150894 252.973816 230.915207 186.148987 139.563629 99.813141 121.868515 141.225311 147.055984 132.933868 105.998032 78.541870 41.619629 50.121563 58.109856 60.748802 54.611397 43.148640 32.483490,
 13.171875 13.479788 13.429316 12.317046 9.988279 7.218206 4.998543 22.075026 25.081991 28.048470 29.126966 26.118645 19.979181 14.209597 29.894550 37.002541 45.228447 50.002869 45.382164 34.542953 24.942593 31.440945 41.654884 53.976547 60.474953 53.976547 41.654884 31.440945 24.942593 34.542953 45.382164 50.002869 45.228447 37.002541 29.894550 14.209597 19.979181 26.118645 29.126966 28.048470 25.081991 22.075026 4.998543 7.218206 9.988279 12.317046 13.429316 13.479788 13.171875,
 0.754118 1.173989 1.589951 1.731577 1.495981 1.036394 0.610629 1.180932 1.636103 2.063078 2.211281 1.967407 1.450982 0.926474 1.591649 2.327493 3.076290 3.405405 3.050476 2.221194 1.390243 1.747348 2.825756 3.982189 4.514879 3.982189 2.825756 1.747348 1.390243 2.221194 3.050476 3.405405 3.076290 2.327493 1.591649 0.926474 1.450982 1.967407 2.211281 2.063078 1.636103 1.180932 0.610629 1.036394 1.495981 1.731577 1.589951 1.173989 0.754118,
 3.168588 4.645862 6.037177 6.875794 6.915112 6.473399 6.049264 9.950979 12.589696 15.126139 16.017502 15.093580 13.623309 12.475088 17.255615 21.410652 26.009283 27.600491 25.007204 21.264381 18.423706 20.757467 25.118063 30.747046 33.821907 30.747046 25.118063 20.757467 18.423706 21.264381 25.007204 27.600491 26.009283 21.410652 17.255615 12.475088 13.623309 15.093580 16.017502 15.126139 12.589696 9.950979 6.049264 6.473399 6.915112 6.875794 6.037177 4.645862 3.168588,
 3.685507 11.697825 23.978329 34.125019 34.953552 30.047665 24.454111 32.727921 48.726601 68.851440 82.955688 80.072327 66.073441 50.536209 67.851440 95.184006 125.141060 142.446747 132.189789 105.145187 77.011566 86.892479 120.638084 155.051208 171.751205 155.051208 120.638084 86.892479 77.011566 105.145187 132.189789 142.446747 125.141060 95.184006 67.851440 50.536209 66.073441 80.072327 82.955688 68.851440 48.726601 32.727921 24.454111 30.047665 34.953552 34.125019 23.978329 11.697825 3.685507,
 0.616277 1.971393 2.818457 3.060788 2.360950 1.049807 -0.010128 6.319164 9.323335 12.004804 13.706060 12.844165 9.552669 5.864566 12.338568 17.702284 23.629253 27.517025 25.544437 18.975660 12.224463 15.005089 22.389805 30.678232 34.810535 30.678232 22.389805 15.005089 12.224463 18.975660 25.544437 27.517025 23.629253 17.702284 12.338568 5.864566 9.552669 12.844165 13.706060 12.004804 9.323335 6.319164 -0.010128 1.049807 2.360950 3.060788 2.818457 1.971393 0.616277,
 0.231898 0.533008 0.892314 1.125610 1.046506 0.678501 0.208475 0.612098 1.016064 1.401601 1.565643 1.417270 0.999263 0.490163 0.873955 1.570806 2.224943 2.449339 2.138147 1.519899 0.865869 1.103683 1.940846 2.791604 3.181217 2.791604 1.940846 1.103683 0.865869 1.519899 2.138147 2.449339 2.224943 1.570806 0.873955 0.490163 0.999263 1.417270 1.565643 1.401601 1.016064 0.612098 0.208475 0.678501 1.046506 1.125610 0.892314 0.533008 0.231898,
 9.714311 10.726639 10.918344 10.626360 10.301122 10.076534 9.448457 18.249786 20.118336 21.045168 20.516157 19.323927 18.507275 17.814701 24.681108 27.565763 30.337858 30.636375 28.360331 25.939920 24.451113 27.026693 29.690403 33.380962 35.342148 33.380962 29.690403 27.026693 24.451113 25.939920 28.360331 30.636375 30.337858 27.565763 24.681108 17.814701 18.507275 19.323927 20.516157 21.045168 20.118336 18.249786 9.448457 10.076534 10.301122 10.626360 10.918344 10.726639 9.714311,
 3.154099 14.938128 24.196520 25.472210 20.096292 15.282111 15.070423 11.297658 26.935257 41.090580 43.967415 34.930859 24.283760 19.748039 20.268196 38.997314 58.836224 65.492111 53.662739 35.881088 24.478336 25.530539 43.003796 64.895447 75.843323 64.895447 43.003796 25.530539 24.478336 35.881088 53.662739 65.492111 58.836224 38.997314 20.268196 19.748039 24.283760 34.930859 43.967415 41.090580 26.935257 11.297658 15.070423 15.282111 20.096292 25.472210 24.196520 14.938128 3.154099,
 1.119159 1.702502 1.310530 0.490439 -0.282783 -1.057701 -1.272085 1.917662 2.814253 3.228570 3.347533 2.402653 0.395259 -0.896449 2.514645 3.980503 6.271167 8.003340 6.428812 2.750784 0.466033 1.968774 4.226647 8.353769 10.843538 8.353769 4.226647 1.968774 0.466033 2.750784 6.428812 8.003340 6.271167 3.980503 2.514645 -0.896449 0.395259 2.402653 3.347533 3.228570 2.814253 1.917662 -1.272085 -1.057701 -0.282783 0.490439 1.310530 1.702502 1.119159,

Pairwise cross-correlations of the modulus of all oriented sub-bands at the same scale (size QxQ)
 9.944380 6.912961 3.851798 7.520460,
 6.912961 110.637123 193.430191 44.426521,
 3.851798 193.430191 530.999695 173.003708,
 7.520460 44.426521 173.003708 103.948997,
 7.500341 6.701820 4.795219 4.857655,
 6.701820 68.374847 108.287109 23.446041,
 4.795219 108.287109 304.617554 95.459671,
 4.857655 23.446041 95.459671 60.474957,
 4.514879 2.702050 0.371902 3.612202,
 2.702050 33.821907 54.516628 18.142075,
 0.371902 54.516628 171.751190 54.002995,
 3.612202 18.142075 54.002995 34.810539,
 3.181217 6.251670 4.353422 0.995893,
 6.251670 35.342148 36.621410 9.208155,
 4.353422 36.621410 75.843323 18.824310,
 0.995893 9.208155 18.824310 10.843538,

Cross-correlations of the modulus of all oriented sub-bands with all oriented sub-bands at the coarser scale (size QxQ)
 6.168526 5.846215 0.436922 4.412645,
 7.528744 22.090830 22.576979 4.159134,
 9.055970 26.790291 52.809265 15.166850,
 5.844146 5.330033 15.463888 18.382881,
 3.819761 3.435923 -2.528131 4.692785,
 5.448304 0.590069 -6.573284 2.303130,
 7.800282 3.450689 30.141163 14.495831,
 3.929379 2.097034 11.990078 11.084541,
 2.142139 6.429585 3.383229 1.197531,
 2.939151 6.288165 4.765382 -2.027115,
 4.488994 11.559359 17.200228 -0.143600,
 2.359524 7.259935 1.741880 -0.650312,

Cross-correlations of the real part of each oriented sub-band with both the real and imaginary part of all phase-doubled oriented sub-bands at the next coarser scale (Q matrices of size 1x2Q, which are computed and stored in a matrix of size Qx2Q)
 -1.044963 -0.755036 -0.938890 -1.943867 1.089717 0.279610 -0.085766 -0.284734,
 -0.718863 -26.089790 -37.215347 -9.089975 0.356614 1.854568 0.293421 -1.801851,
 -0.959349 -49.080917 -96.465752 -48.416039 0.120401 0.978780 -4.096085 -4.642634,
 -1.332905 -12.195217 -38.203678 -34.385635 0.559527 -0.550390 -3.637068 -2.293420,
 -0.872261 -0.418782 -0.355031 -1.581078 0.346010 0.179398 0.012882 -0.298519,
 -0.513225 -1.148936 2.072563 -4.099719 0.214081 -5.468479 -12.431892 -4.490049,
 -0.520337 0.909571 -12.279131 -26.569324 0.190176 -13.043639 -32.070946 -14.948013,
 -0.963475 0.040165 -13.480049 -20.593435 0.282038 -3.846899 -11.181150 -7.090458,
 -0.149957 -1.110116 -0.557008 -0.114068 -0.075668 -0.247270 0.001824 0.578997,
 -0.100701 -9.132335 -1.516998 -1.328071 -0.033625 5.277344 8.708088 0.233600,
 -0.122244 -6.537837 -1.177505 -8.638509 -0.155388 9.056462 11.749325 -2.148047,
 -0.149233 0.272064 -1.829588 -5.147802 -0.240742 1.189222 1.097265 -0.152604,
