Low-band skewness and kurtosis
 -0.530658 2.063481,
 -0.306607 2.009604,
 -0.066981 1.921058,
 0.278486 1.861121,
 0.483130 1.834585,

High-band variance
 919.807983,

Skewness, kurtosis, variance, mean, maximum and minimum of the reconstructed texture
 -0.678168 1.962216 5751.147461 189.813721 255.000000 1.000000,

Auto-correlations of the low-frequency bands at each scale
 1237.502319 1205.807861 1214.500244 1249.334106 1291.274170 1328.126709 1350.068237 1547.085815 1306.645752 1107.093872 980.598694 935.901733 966.867432 1050.169312 3335.745117 3258.215088 3126.476562 2944.677490 2720.094238 2494.545654 2312.036621 4023.339355 4313.743164 4541.243164 4631.379883 4541.243164 4313.743164 4023.339355 2312.036621 2494.545654 2720.094238 2944.677490 3126.476562 3258.215088 3335.745117 1050.169312 966.867432 935.901733 980.598694 1107.093872 1306.645752 1547.085815 1350.068237 1328.126709 1291.274170 1249.334106 1214.500244 1205.807861 1237.502319,
 1121.844482 1123.815308 1148.324707 1183.194702 1214.950928 1237.827026 1250.231201 1448.283203 1294.513794 1172.295654 1096.019287 1064.387451 1073.771362 1111.654053 2436.446045 2384.267578 2296.822754 2171.310547 2011.507324 1857.359863 1743.316650 2717.487305 2897.422119 3046.518066 3108.539795 3046.518066 2897.422119 2717.487305 1743.316650 1857.359863 2011.507324 2171.310547 2296.822754 2384.267578 2436.446045 1111.654053 1073.771362 1064.387451 1096.019287 1172.295654 1294.513794 1448.283203 1250.231201 1237.827026 1214.950928 1183.194702 1148.324707 1123.815308 1121.844482,
 1006.910095 1031.375000 1070.916626 1115.429443 1152.608032 1177.470947 1187.982910 1185.473633 1129.519165 1090.370605 1069.378052 1065.578613 1086.359741 1129.157471 1848.399902 1828.333130 1787.265259 1714.297363 1609.761353 1510.657104 1447.794678 2034.341064 2143.680176 2241.096680 2283.524170 2241.096680 2143.680176 2034.341064 1447.794678 1510.657104 1609.761353 1714.297363 1787.265259 1828.333130 1848.399902 1129.157471 1086.359741 1065.578613 1069.378052 1090.370605 1129.519165 1185.473633 1187.982910 1177.470947 1152.608032 1115.429443 1070.916626 1031.375000 1006.910095,
 377.957703 388.199585 402.436523 406.921936 398.137878 386.618530 377.181335 829.778687 817.467285 815.884460 813.079651 801.225769 793.715942 796.906494 1411.494385 1429.897705 1447.802979 1442.165649 1401.573242 1356.391846 1332.159424 1664.691284 1718.804688 1780.681519 1811.043579 1780.681519 1718.804688 1664.691284 1332.159424 1356.391846 1401.573242 1442.165649 1447.802979 1429.897705 1411.494385 796.906494 793.715942 801.225769 813.079651 815.884460 817.467285 829.778687 377.181335 386.618530 398.137878 406.921936 402.436523 388.199585 377.957703,
 -920.146973 -936.050964 -972.483704 -1000.169189 -992.942566 -965.013855 -941.220947 -85.327423 -81.665825 -90.447281 -107.496086 -124.639847 -130.924225 -121.625000 945.684387 970.374512 998.942627 1004.134155 968.901855 926.631714 913.265320 1441.309448 1471.735352 1525.029175 1554.810059 1525.029175 1471.735352 1441.309448 913.265320 926.631714 968.901855 1004.134155 998.942627 970.374512 945.684387 -121.625000 -130.924225 -124.639847 -107.496086 -90.447281 -81.665825 -85.327423 -941.220947 -965.013855 -992.942566 -1000.169189 -972.483704 -936.050964 -920.146973,

Auto-correlations of the modulus of each oriented sub-band
 4.180476 5.271724 6.183618 6.474916 5.973801 4.910672 3.710159 4.627107 5.733443 6.620158 6.902081 6.439914 5.412460 4.191091 5.257052 6.660973 7.932793 8.556915 8.123169 6.759113 5.087402 5.590727 7.558031 9.442539 10.267897 9.442539 7.558031 5.590727 5.087402 6.759113 8.123169 8.556915 7.932793 6.660973 5.257052 4.191091 5.412460 6.439914 6.902081 6.620158 5.733443 4.627107 3.710159 4.910672 5.973801 6.474916 6.183618 5.271724 4.180476,
 51.259674 53.461132 55.795723 56.876396 56.302010 55.126774 54.079727 59.693222 65.509773 72.617004 75.524330 72.542969 67.669212 64.104218 68.502510 78.416374 91.969063 98.060791 90.934654 79.650368 72.090538 73.744690 84.486168 100.483604 109.481461 100.483604 84.486168 73.744690 72.090538 79.650368 90.934654 98.060791 91.969063 78.416374 68.502510 64.104218 67.669212 72.542969 75.524330 72.617004 65.509773 59.693222 54.079727 55.126774 56.302010 56.876396 55.795723 53.461132 51.259674,
 424.309357 430.914490 435.308929 433.940979 422.724396 404.152893 384.754608 504.367889 533.732544 558.622192 566.760742 548.488403 510.924835 469.833160 578.569458 637.790283 691.080688 712.859680 685.589966 624.617065 558.037109 603.904297 680.328796 750.908813 781.877075 750.908813 680.328796 603.904297 558.037109 624.617065 685.589966 712.859680 691.080688 637.790283 578.569458 469.833160 510.924835 548.488403 566.760742 558.622192 533.732544 504.367889 384.754608 404.152893 422.724396 433.940979 435.308929 430.914490 424.309357,
 121.106384 120.731346 119.511154 116.627052 111.640686 105.383217 99.075058 144.782715 149.226669 151.725540 150.426422 144.025986 133.635941 122.268494 164.648712 176.231781 185.569901 188.367844 181.010178 165.998260 149.361542 167.274490 184.472687 199.883804 206.588593 199.883804 184.472687 167.274490 149.361542 165.998260 181.010178 188.367844 185.569901 176.231781 164.648712 122.268494 133.635941 144.025986 150.426422 151.725540 149.226669 144.782715 99.075058 105.383217 111.640686 116.627052 119.511154 120.731346 121.106384,
 2.794125 3.466118 4.053985 4.309233 4.080844 3.450883 2.667467 3.483046 4.279010 4.954744 5.220259 4.921938 4.169103 3.262186 4.281611 5.536772 6.719398 7.299042 6.862907 5.619300 4.225744 4.715400 6.406612 8.091995 8.858761 8.091995 6.406612 4.715400 4.225744 5.619300 6.862907 7.299042 6.719398 5.536772 4.281611 3.262186 4.169103 4.921938 5.220259 4.954744 4.279010 3.483046 2.667467 3.450883 4.080844 4.309233 4.053985 3.466118 2.794125,
 18.462971 20.115112 20.842079 20.676168 20.202522 19.727482 19.322170 24.383268 28.386770 31.307705 30.683283 28.222485 26.344263 24.937616 29.839720 35.766750 42.673962 43.927925 38.686489 33.578388 30.433466 32.443130 37.770615 45.917915 50.980347 45.917915 37.770615 32.443130 30.433466 33.578388 38.686489 43.927925 42.673962 35.766750 29.839720 24.937616 26.344263 28.222485 30.683283 31.307705 28.386770 24.383268 19.322170 19.727482 20.202522 20.676168 20.842079 20.115112 18.462971,
 159.811295 170.975006 180.151047 183.301773 178.761978 168.846161 157.497757 206.582047 230.149994 249.096024 255.136749 244.182877 221.518524 195.995316 257.606934 299.443665 334.116577 346.815552 329.200562 290.775452 247.267761 276.659485 328.711884 374.004211 393.273254 374.004211 328.711884 276.659485 247.267761 290.775452 329.200562 346.815552 334.116577 299.443665 257.606934 195.995316 221.518524 244.182877 255.136749 249.096024 230.149994 206.582047 157.497757 168.846161 178.761978 183.301773 180.151047 170.975006 159.811295,
 61.940460 61.609016 61.593868 61.224060 59.553699 56.466927 52.749977 76.452202 78.931961 80.779381 80.570175 76.632439 69.223068 61.125877 87.279831 95.572823 103.047928 105.829811 99.974411 87.545906 74.701859 86.379852 99.753433 112.934692 118.984695 112.934692 99.753433 86.379852 74.701859 87.545906 99.974411 105.829811 103.047928 95.572823 87.279831 61.125877 69.223068 76.632439 80.570175 80.779381 78.931961 76.452202 52.749977 56.466927 59.553699 61.224060 61.593868 61.609016 61.940460,
 1.438796 2.001943 2.394095 2.390954 2.006560 1.508549 1.154078 1.732850 2.454226 3.134600 3.413658 3.141629 2.537251 1.950001 2.481174 3.752823 5.095066 5.790004 5.372340 4.175641 2.911120 3.142528 4.810336 6.515435 7.281648 6.515435 4.810336 3.142528 2.911120 4.175641 5.372340 5.790004 5.095066 3.752823 2.481174 1.950001 2.537251 3.141629 3.413658 3.134600 2.454226 1.732850 1.154078 1.508549 2.006560 2.390954 2.394095 2.001943 1.438796,
 4.692099 4.956026 5.049182 4.904846 4.806848 4.418142 2.969305 6.768752 8.359770 9.930758 9.651253 8.370150 7.387148 5.803578 8.177922 10.707628 14.776125 15.674929 12.366503 9.596369 8.062215 8.770050 10.869299 15.678621 19.042080 15.678621 10.869299 8.770050 8.062215 9.596369 12.366503 15.674929 14.776125 10.707628 8.177922 5.803578 7.387148 8.370150 9.651253 9.930758 8.359770 6.768752 2.969305 4.418142 4.806848 4.904846 5.049182 4.956026 4.692099,
 81.142090 87.271660 89.354660 86.578903 78.498917 66.130043 51.359726 109.312477 123.302948 131.277939 130.053314 118.371124 98.792480 75.971718 132.343201 158.001160 176.421982 180.132141 166.002640 139.008850 107.544212 132.164459 165.740784 193.204056 204.354675 193.204056 165.740784 132.164459 107.544212 139.008850 166.002640 180.132141 176.421982 158.001160 132.343201 75.971718 98.792480 118.371124 130.053314 131.277939 123.302948 109.312477 51.359726 66.130043 78.498917 86.578903 89.354660 87.271660 81.142090,
 33.301186 32.906097 32.200184 31.275517 29.673239 26.810911 23.305174 43.347080 43.869648 44.580452 45.282806 43.889572 39.432789 34.055721 51.700905 54.944412 59.266251 62.441284 60.054672 52.872162 45.603935 52.944664 59.481689 67.246925 71.272141 67.246925 59.481689 52.944664 45.603935 52.872162 60.054672 62.441284 59.266251 54.944412 51.700905 34.055721 39.432789 43.889572 45.282806 44.580452 43.869648 43.347080 23.305174 26.810911 29.673239 31.275517 32.200184 32.906097 33.301186,
 -0.605655 0.122533 0.827518 1.184139 0.945902 0.218151 -0.677098 0.436630 1.644277 2.819681 3.433198 3.104011 1.965278 0.535527 1.634570 3.468632 5.249403 6.141937 5.567255 3.826148 1.777724 2.369749 4.624853 6.752323 7.664114 6.752323 4.624853 2.369749 1.777724 3.826148 5.567255 6.141937 5.249403 3.468632 1.634570 0.535527 1.965278 3.104011 3.433198 2.819681 1.644277 0.436630 -0.677098 0.218151 0.945902 1.184139 0.827518 0.122533 -0.605655,
 2.025424 2.544624 1.713103 0.450045 0.026126 -0.125833 -0.712622 2.774202 4.747867 5.427337 3.799448 2.022169 1.402659 0.867634 2.877549 5.502252 8.407755 8.258927 5.189335 3.058495 2.129721 2.713979 4.666362 8.185669 10.599663 8.185669 4.666362 2.713979 2.129721 3.058495 5.189335 8.258927 8.407755 5.502252 2.877549 0.867634 1.402659 2.022169 3.799448 5.427337 4.747867 2.774202 -0.712622 -0.125833 0.026126 0.450045 1.713103 2.544624 2.025424,
 32.691383 39.707287 40.806000 35.777401 27.402082 19.072254 12.112784 48.893456 61.122707 67.252869 64.227829 53.988876 42.000607 32.154770 59.412884 76.133240 88.550011 90.102325 79.794395 64.013062 49.529949 60.056290 77.796288 94.310684 101.430565 94.310684 77.796288 60.056290 49.529949 64.013062 79.794395 90.102325 88.550011 76.133240 59.412884 32.154770 42.000607 53.988876 64.227829 67.252869 61.122707 48.893456 12.112784 19.072254 27.402082 35.777401 40.806000 39.707287 32.691383,
 9.312336 11.774204 11.474248 8.829815 5.685208 2.829453 0.251621 12.181103 15.981087 17.353958 15.897149 12.434609 8.179527 4.700138 13.748457 18.838335 23.276978 24.577240 20.980820 14.789480 9.850492 13.280111 19.011665 25.815582 29.341726 25.815582 19.011665 13.280111 9.850492 14.789480 20.980820 24.577240 23.276978 18.838335 13.748457 4.700138 8.179527 12.434609 15.897149 17.353958 15.981087 12.181103 0.251621 2.829453 5.685208 8.829815 11.474248 11.774204 9.312336,

Pairwise cross-correlations of the modulus of all oriented sub-bands at the same scale (size QxQ)
 10.267896 9.505133 16.754400 16.574951,
 9.505133 109.481468 238.782120 87.047531,
 16.754400 238.782120 781.877197 345.049225,
 16.574951 87.047531 345.049225 206.588608,
 8.858763 6.248986 8.108262 8.652044,
 6.248986 50.980350 107.670120 37.610840,
 8.108262 107.670120 393.273254 182.174179,
 8.652044 37.610840 182.174179 118.984695,
 7.281649 2.929843 3.570528 5.135693,
 2.929843 19.042084 47.491508 19.246807,
 3.570528 47.491508 204.354675 103.236313,
 5.135693 19.246807 103.236313 71.272141,
 7.664115 2.222485 -1.772763 0.379327,
 2.222485 10.599663 23.706810 10.266787,
 -1.772763 23.706810 101.430573 48.083038,
 0.379327 10.266787 48.083038 29.341726,

Cross-correlations of the modulus of all oriented sub-bands with all oriented sub-bands at the coarser scale (size QxQ)
 6.419045 4.956816 7.890602 10.483006,
 10.335968 31.207306 65.656357 30.508474,
 23.791162 74.476189 213.772064 109.685669,
 16.169771 32.215630 105.385452 70.581985,
 5.890202 2.712703 5.021422 6.422974,
 6.229046 9.937181 22.425560 11.186056,
 10.390131 26.584961 92.020500 53.546013,
 8.153759 13.592742 54.090797 39.605721,
 5.150756 1.237561 -0.617096 1.598698,
 2.479308 2.716655 2.079880 0.409625,
 3.139985 11.163779 20.427715 5.007017,
 3.966211 7.428792 16.238146 6.621471,

Cross-correlations of the real part of each oriented sub-band with both the real and imaginary part of all phase-doubled oriented sub-bands at the next coarser scale (Q matrices of size 1x2Q, which are computed and stored in a matrix of size Qx2Q)
 -0.708076 -0.607839 -0.609185 -1.468173 0.454593 -0.070528 -0.270528 -0.059027,
 -0.402264 -10.193892 -9.416545 -2.206102 0.174560 -6.400512 -19.862049 -7.188399,
 -0.645165 -16.649357 -22.313171 -15.076754 -0.115987 -17.597662 -71.759926 -30.623598,
 -0.931375 -3.874119 -10.365361 -13.875367 -0.023949 -6.599502 -33.617008 -15.690781,
 -0.194205 -0.273522 -0.330112 -1.203786 -0.280871 -0.067800 -0.043965 -0.149326,
 0.088116 -2.790087 6.960150 3.206599 0.013700 3.934809 6.854560 0.536345,
 -0.220662 1.707305 38.052937 5.351009 0.070521 8.959831 9.964141 -3.800086,
 -0.562259 3.374056 19.165577 -3.584114 -0.208013 2.625236 -0.303871 -4.052184,
 0.693483 -0.546858 0.258506 -0.484681 -1.121618 0.045074 0.046285 0.441580,
 -0.022421 -3.778592 -2.717232 1.068812 -0.351203 -4.481590 -11.038055 0.462988,
 -0.269735 -4.298536 1.296480 6.743476 0.075366 -12.216736 -22.331455 7.426721,
 0.179567 -0.333340 5.462914 3.381246 -0.482194 -3.845650 -3.258115 6.207581,
