Low-band skewness and kurtosis
 -0.615647 2.135867,
 -0.498782 2.132154,
 -0.360799 1.903947,
 -0.310529 1.747857,
 -0.219127 1.639431,

High-band variance
 931.582703,

Skewness, kurtosis, variance, mean, maximum and minimum of the reconstructed texture
 -0.735720 2.029890 6092.123047 189.947693 255.000000 2.000000,

Auto-correlations of the low-frequency bands at each scale
 2188.700684 2060.727295 1997.079712 1996.490723 2034.050903 2083.362061 2131.734375 2659.141113 2378.972656 2116.833984 1964.635254 1961.483032 2086.054688 2271.366699 3647.839600 3736.643066 3733.465820 3626.149170 3436.454102 3245.628418 3114.650635 3975.021484 4423.247070 4810.860352 4971.051758 4810.860352 4423.247070 3975.021484 3114.650635 3245.628418 3436.454102 3626.149170 3733.465820 3736.643066 3647.839600 2271.366699 2086.054688 1961.483032 1964.635254 2116.833984 2378.972656 2659.141113 2131.734375 2083.362061 2034.050903 1996.490723 1997.079712 2060.727295 2188.700684,
 2202.878418 2120.481445 2071.485352 2057.753906 2059.250000 2060.443848 2062.458984 2388.664062 2226.016113 2066.321777 1974.509766 1975.457764 2055.616211 2169.379883 2888.537598 2951.020508 2958.844482 2898.564941 2785.040771 2683.014648 2630.416504 3084.700928 3349.760742 3595.354980 3701.236084 3595.354980 3349.760742 3084.700928 2630.416504 2683.014648 2785.040771 2898.564941 2958.844482 2951.020508 2888.537598 2169.379883 2055.616211 1975.457764 1974.509766 2066.321777 2226.016113 2388.664062 2062.458984 2060.443848 2059.250000 2057.753906 2071.485352 2120.481445 2202.878418,
 1903.817627 1877.100342 1871.056152 1874.718506 1872.899170 1857.766846 1832.354004 2208.456299 2130.068359 2051.617188 2003.664917 1998.010742 2029.449341 2074.332764 2533.094727 2570.521729 2570.212646 2524.125977 2443.489014 2373.716064 2341.089844 2595.684570 2740.385986 2878.711182 2939.703125 2878.711182 2740.385986 2595.684570 2341.089844 2373.716064 2443.489014 2524.125977 2570.212646 2570.521729 2533.094727 2074.332764 2029.449341 1998.010742 2003.664917 2051.617188 2130.068359 2208.456299 1832.354004 1857.766846 1872.899170 1874.718506 1871.056152 1877.100342 1903.817627,
 830.103943 808.526794 796.338196 789.368835 789.351990 796.755066 799.779358 1648.229126 1609.753418 1564.078491 1521.307373 1496.302368 1502.504639 1524.089966 2220.118408 2259.731201 2272.995361 2243.228760 2175.382568 2110.915771 2071.622314 2361.619629 2462.141846 2558.661377 2602.094727 2558.661377 2462.141846 2361.619629 2071.622314 2110.915771 2175.382568 2243.228760 2272.995361 2259.731201 2220.118408 1524.089966 1502.504639 1496.302368 1521.307373 1564.078491 1609.753418 1648.229126 799.779358 796.755066 789.351990 789.368835 796.338196 808.526794 830.103943,
 -1511.246094 -1520.586426 -1576.229370 -1642.129761 -1670.684937 -1649.437256 -1599.497803 12.700182 16.177002 -20.865044 -79.692581 -118.927071 -112.793716 -72.314316 1574.305298 1620.415771 1655.162354 1647.097534 1598.298340 1549.143555 1529.892212 2221.244629 2291.904541 2378.989258 2420.242920 2378.989258 2291.904541 2221.244629 1529.892212 1549.143555 1598.298340 1647.097534 1655.162354 1620.415771 1574.305298 -72.314316 -112.793716 -118.927071 -79.692581 -20.865044 16.177002 12.700182 -1599.497803 -1649.437256 -1670.684937 -1642.129761 -1576.229370 -1520.586426 -1511.246094,

Auto-correlations of the modulus of each oriented sub-band
 6.504225 7.628244 8.590244 8.936028 8.434141 7.293845 5.973251 7.136921 8.522758 9.699776 10.128622 9.596291 8.307805 6.754659 8.128753 10.221960 12.121753 13.120852 12.552682 10.549932 8.106828 8.773635 11.896883 15.178356 16.701736 15.178356 11.896883 8.773635 8.106828 10.549932 12.552682 13.120852 12.121753 10.221960 8.128753 6.754659 8.307805 9.596291 10.128622 9.699776 8.522758 7.136921 5.973251 7.293845 8.434141 8.936028 8.590244 7.628244 6.504225,
 53.832352 58.311630 63.869968 68.192261 70.135292 70.784424 71.312836 68.604546 77.818604 88.875053 95.444412 94.573555 90.689087 87.373375 85.500908 99.652878 117.378296 126.731628 120.052704 107.641830 97.977303 97.341423 112.030113 131.328461 142.088287 131.328461 112.030113 97.341423 97.977303 107.641830 120.052704 126.731628 117.378296 99.652878 85.500908 87.373375 90.689087 94.573555 95.444412 88.875053 77.818604 68.604546 71.312836 70.784424 70.135292 68.192261 63.869968 58.311630 53.832352,
 264.218323 272.728577 283.352661 288.783936 284.063660 272.572693 260.393372 315.736420 346.503052 381.819092 398.711029 381.992981 345.097534 310.087189 363.523163 424.285248 493.787628 527.326904 493.763031 422.815277 358.801300 381.740295 458.764160 546.741760 589.929688 546.741760 458.764160 381.740295 358.801300 422.815277 493.763031 527.326904 493.787628 424.285248 363.523163 310.087189 345.097534 381.992981 398.711029 381.819092 346.503052 315.736420 260.393372 272.572693 284.063660 288.783936 283.352661 272.728577 264.218323,
 144.876740 143.614273 140.715271 135.192596 126.990326 118.309433 111.045860 168.258331 173.903061 177.070724 173.943634 161.947739 145.694931 131.496490 183.692978 200.015503 215.009628 219.168716 204.782547 180.315338 158.098099 179.804306 203.807007 229.105026 241.406143 229.105026 203.807007 179.804306 158.098099 180.315338 204.782547 219.168716 215.009628 200.015503 183.692978 131.496490 145.694931 161.947739 173.943634 177.070724 173.903061 168.258331 111.045860 118.309433 126.990326 135.192596 140.715271 143.614273 144.876740,
 4.729315 5.402644 6.011475 6.181124 5.725406 4.857440 4.031955 4.816192 5.602805 6.337807 6.646787 6.301601 5.461991 4.552636 5.202126 6.604957 8.163467 9.109859 8.743000 7.280110 5.632162 6.083230 8.381056 10.868864 12.036744 10.868864 8.381056 6.083230 5.632162 7.280110 8.743000 9.109859 8.163467 6.604957 5.202126 4.552636 5.461991 6.301601 6.646787 6.337807 5.602805 4.816192 4.031955 4.857440 5.725406 6.181124 6.011475 5.402644 4.729315,
 23.710014 27.045071 30.694614 33.381424 35.111057 36.773441 37.732609 32.988758 39.673561 46.892677 50.272774 49.510933 48.043571 46.587017 43.882572 53.431992 65.123680 70.150047 65.156837 57.854965 52.524380 51.638107 60.668938 73.070221 80.114273 73.070221 60.668938 51.638107 52.524380 57.854965 65.156837 70.150047 65.123680 53.431992 43.882572 46.587017 48.043571 49.510933 50.272774 46.892677 39.673561 32.988758 37.732609 36.773441 35.111057 33.381424 30.694614 27.045071 23.710014,
 91.849236 99.614052 109.472603 113.365402 106.539696 95.383247 87.842903 121.289764 145.331100 171.796387 181.536224 163.633911 132.689774 108.204941 148.426758 192.744507 242.594131 263.860474 235.175400 181.814728 137.432983 155.778519 209.700485 272.904480 304.243225 272.904480 209.700485 155.778519 137.432983 181.814728 235.175400 263.860474 242.594131 192.744507 148.426758 108.204941 132.689774 163.633911 181.536224 171.796387 145.331100 121.289764 87.842903 95.383247 106.539696 113.365402 109.472603 99.614052 91.849236,
 65.971489 69.319855 70.364410 67.576599 60.827927 51.595516 42.695908 80.760391 89.193909 94.138969 92.529312 82.663521 67.307709 52.580372 88.644531 105.267136 119.164963 123.184616 111.607513 90.011322 68.937714 83.947823 106.436707 128.548309 138.778442 128.548309 106.436707 83.947823 68.937714 90.011322 111.607513 123.184616 119.164963 105.267136 88.644531 52.580372 67.307709 82.663521 92.529312 94.138969 89.193909 80.760391 42.695908 51.595516 60.827927 67.576599 70.364410 69.319855 65.971489,
 1.778478 2.463894 3.031194 3.165021 2.796116 2.115182 1.372973 1.959703 2.718932 3.323770 3.526427 3.232949 2.526800 1.658679 2.464645 3.557404 4.670901 5.299858 4.913888 3.668520 2.298641 2.773969 4.423644 6.251468 7.136752 6.251468 4.423644 2.773969 2.298641 3.668520 4.913888 5.299858 4.670901 3.557404 2.464645 1.658679 2.526800 3.232949 3.526427 3.323770 2.718932 1.959703 1.372973 2.115182 2.796116 3.165021 3.031194 2.463894 1.778478,
 2.305704 2.531155 3.227127 4.136267 5.419810 6.325609 6.237184 6.425275 8.539740 11.238917 12.395123 12.200013 11.427515 9.876256 10.890604 15.315253 20.894918 23.250484 20.713549 16.767227 12.970274 13.494675 18.669634 25.133215 28.828676 25.133215 18.669634 13.494675 12.970274 16.767227 20.713549 23.250484 20.894918 15.315253 10.890604 9.876256 11.427515 12.200013 12.395123 11.238917 8.539740 6.425275 6.237184 6.325609 5.419810 4.136267 3.227127 2.531155 2.305704,
 24.368736 24.561691 25.539570 26.348372 25.238834 23.972202 24.935715 29.588705 39.537315 51.815418 58.044106 51.546261 40.213173 33.153893 37.481766 57.523899 82.653267 95.607750 82.439384 58.389904 40.752571 42.654675 66.263824 97.118713 113.735703 97.118713 66.263824 42.654675 40.752571 58.389904 82.439384 95.607750 82.653267 57.523899 37.481766 33.153893 40.213173 51.546261 58.044106 51.815418 39.537315 29.588705 24.935715 23.972202 25.238834 26.348372 25.539570 24.561691 24.368736,
 22.125465 23.234970 22.965097 21.256922 17.592451 12.019464 6.190879 27.749357 32.849171 36.326492 36.840195 32.546097 24.242340 15.799536 32.143112 41.530491 50.129272 54.060028 48.901276 37.409451 26.098816 32.205612 44.175236 56.417873 62.284782 56.417873 44.175236 32.205612 26.098816 37.409451 48.901276 54.060028 50.129272 41.530491 32.143112 15.799536 24.242340 32.546097 36.840195 36.326492 32.849171 27.749357 6.190879 12.019464 17.592451 21.256922 22.965097 23.234970 22.125465,
 0.183091 0.463248 0.859432 1.123016 1.011544 0.479603 -0.267015 0.061949 0.783232 1.635979 2.260626 2.258457 1.521368 0.428443 0.518883 1.915224 3.425372 4.355060 4.052014 2.659982 1.016903 1.055335 2.915988 4.803883 5.654359 4.803883 2.915988 1.055335 1.016903 2.659982 4.052014 4.355060 3.425372 1.915224 0.518883 0.428443 1.521368 2.258457 2.260626 1.635979 0.783232 0.061949 -0.267015 0.479603 1.011544 1.123016 0.859432 0.463248 0.183091,
 -0.443113 -0.407915 -0.155668 -0.006721 -0.042201 -0.210415 -0.203635 -0.067108 0.443275 1.150328 1.365998 0.830974 -0.103526 -0.638808 0.093171 1.500992 3.333296 3.828634 2.528405 0.690148 -0.550382 -0.134441 1.469146 3.952174 5.381925 3.952174 1.469146 -0.134441 -0.550382 0.690148 2.528405 3.828634 3.333296 1.500992 0.093171 -0.638808 -0.103526 0.830974 1.365998 1.150328 0.443275 -0.067108 -0.203635 -0.210415 -0.042201 -0.006721 -0.155668 -0.407915 -0.443113,
 8.507621 4.723915 4.519629 8.182364 11.881927 10.497019 5.423683 9.346965 10.113748 17.414270 26.013599 27.627081 20.058273 11.122710 11.179799 18.531406 33.528610 44.988255 41.166946 26.377796 14.049998 13.558595 25.647938 43.876640 53.567162 43.876640 25.647938 13.558595 14.049998 26.377796 41.166946 44.988255 33.528610 18.531406 11.179799 11.122710 20.058273 27.627081 26.013599 17.414270 10.113748 9.346965 5.423683 10.497019 11.881927 8.182364 4.519629 4.723915 8.507621,
 14.607147 12.524256 9.841754 6.743904 3.370168 -0.036811 -3.551136 15.815870 17.519117 18.326176 17.915747 15.243886 10.318724 4.630587 16.205175 21.893826 27.090988 29.619034 26.389336 18.978371 11.182755 14.990026 23.025133 31.149229 35.101772 31.149229 23.025133 14.990026 11.182755 18.978371 26.389336 29.619034 27.090988 21.893826 16.205175 4.630587 10.318724 15.243886 17.915747 18.326176 17.519117 15.815870 -3.551136 -0.036811 3.370168 6.743904 9.841754 12.524256 14.607147,

Pairwise cross-correlations of the modulus of all oriented sub-bands at the same scale (size QxQ)
 16.701735 16.048569 25.479828 25.918505,
 16.048569 142.088287 202.481857 51.425995,
 25.479828 202.481857 589.929688 276.960022,
 25.918505 51.425995 276.960022 241.406204,
 12.036744 9.337342 18.305202 18.666817,
 9.337342 80.114288 104.658188 24.030447,
 18.305202 104.658188 304.243256 139.682709,
 18.666817 24.030447 139.682709 138.778442,
 7.136753 1.919951 4.998285 8.063961,
 1.919951 28.828678 33.522812 4.923259,
 4.998285 33.522812 113.735710 55.923515,
 8.063961 4.923259 55.923515 62.284786,
 5.654359 0.319252 0.200875 4.137065,
 0.319252 5.381925 5.319899 1.420714,
 0.200875 5.319899 53.567169 32.603718,
 4.137065 1.420714 32.603718 35.101776,

Cross-correlations of the modulus of all oriented sub-bands with all oriented sub-bands at the coarser scale (size QxQ)
 9.717840 9.666858 17.273272 19.853506,
 12.398458 56.752277 79.541733 23.764698,
 22.871450 71.717934 182.322098 100.553131,
 18.276304 18.644222 94.539787 94.619919,
 5.695405 3.916624 8.920625 9.499706,
 3.011740 17.195145 20.412766 5.753049,
 11.672250 20.100534 55.605068 34.447906,
 13.780582 2.670808 29.570230 43.049942,
 4.166557 0.678708 0.927897 4.637133,
 -1.636436 1.250602 -1.159333 -0.299945,
 -1.722836 4.474134 17.167677 5.923679,
 2.855941 3.128929 17.027193 11.428465,

Cross-correlations of the real part of each oriented sub-band with both the real and imaginary part of all phase-doubled oriented sub-bands at the next coarser scale (Q matrices of size 1x2Q, which are computed and stored in a matrix of size Qx2Q)
 -1.060868 -1.679467 -2.801054 -4.225746 0.974230 -0.079462 0.420915 0.328673,
 -1.081658 -35.087364 -36.475677 -4.899940 0.090233 -2.357273 -2.250023 0.055765,
 -2.975122 -48.270687 -71.650490 -32.054142 -0.706510 -2.843405 -2.129720 4.728258,
 -3.339525 -7.907545 -28.648941 -32.255547 -0.136747 -0.454898 2.630876 5.376144,
 -0.343938 -0.993781 -0.872419 -2.904180 0.883580 -0.085314 0.054443 0.323529,
 -0.402713 -8.789294 -5.419601 -1.198520 -0.041167 -3.855208 -4.753466 -1.053809,
 -2.063487 -9.860498 -7.655742 -10.764120 -0.321560 -4.805466 -10.577955 1.377363,
 -2.570892 -1.295017 -2.828224 -15.041908 0.372027 -0.486607 -2.552806 4.819545,
 -0.710074 -0.236057 -0.229312 -1.977879 1.706183 0.450452 0.040989 -0.156333,
 -0.060215 -3.004387 0.734451 1.828982 0.537291 0.633800 4.231957 1.521718,
 -0.242829 -2.664888 12.405818 10.740969 0.203702 1.744868 15.084214 9.558934,
 -1.023164 0.170944 8.626477 3.623577 1.005401 0.804342 7.696440 6.234613,
