Low-band skewness and kurtosis
 -0.623845 2.299072,
 -0.564697 2.360356,
 -0.512822 2.121710,
 -0.467696 1.823065,
 -0.433986 1.738723,

High-band variance
 970.359131,

Skewness, kurtosis, variance, mean, maximum and minimum of the reconstructed texture
 -0.722887 2.071480 5890.297852 189.375854 255.000000 0.000000,

Auto-correlations of the low-frequency bands at each scale
 2041.256958 1958.336426 1897.370728 1869.511597 1873.466919 1910.376953 1977.463501 2130.196533 1971.387085 1830.905640 1793.973999 1897.753784 2111.323242 2350.004639 2912.993408 3088.360352 3260.361816 3386.896240 3442.020508 3450.898926 3438.572021 3829.276855 4219.667969 4569.756348 4716.162598 4569.756348 4219.667969 3829.276855 3438.572021 3450.898926 3442.020508 3386.896240 3260.361816 3088.360352 2912.993408 2350.004639 2111.323242 1897.753784 1793.973999 1830.905640 1971.387085 2130.196533 1977.463501 1910.376953 1873.466919 1869.511597 1897.370728 1958.336426 2041.256958,
 1965.343506 1937.939941 1901.645264 1868.453735 1848.123291 1854.249512 1889.230225 2052.346436 1945.984009 1847.427734 1818.003174 1877.936279 2004.593872 2141.294189 2440.531982 2517.557129 2618.046387 2709.008301 2752.610352 2759.183594 2749.511475 2949.991699 3167.747070 3381.665283 3476.000244 3381.665283 3167.747070 2949.991699 2749.511475 2759.183594 2752.610352 2709.008301 2618.046387 2517.557129 2440.531982 2141.294189 2004.593872 1877.936279 1818.003174 1847.427734 1945.984009 2052.346436 1889.230225 1854.249512 1848.123291 1868.453735 1901.645264 1937.939941 1965.343506,
 1821.301880 1790.623657 1765.679810 1747.906250 1731.344849 1718.023315 1709.280884 1854.297241 1818.290649 1792.341064 1788.059204 1805.755127 1849.911987 1911.218872 2131.686279 2200.913086 2273.750244 2326.871582 2343.046631 2345.994141 2353.831787 2518.515625 2628.815918 2733.227783 2780.325928 2733.227783 2628.815918 2518.515625 2353.831787 2345.994141 2343.046631 2326.871582 2273.750244 2200.913086 2131.686279 1911.218872 1849.911987 1805.755127 1788.059204 1792.341064 1818.290649 1854.297241 1709.280884 1718.023315 1731.344849 1747.906250 1765.679810 1790.623657 1821.301880,
 672.464600 670.229309 676.316406 695.410278 725.975342 756.862976 777.503906 1421.045044 1418.255493 1420.774414 1435.942261 1460.150146 1485.754761 1504.386353 1956.105103 2001.346191 2050.699951 2084.024170 2083.264893 2061.011475 2037.189819 2202.947998 2276.708984 2351.871338 2386.219482 2351.871338 2276.708984 2202.947998 2037.189819 2061.011475 2083.264893 2084.024170 2050.699951 2001.346191 1956.105103 1504.386353 1485.754761 1460.150146 1435.942261 1420.774414 1418.255493 1421.045044 777.503906 756.862976 725.975342 695.410278 676.316406 670.229309 672.464600,
 -1457.628662 -1496.049927 -1517.984619 -1503.353516 -1458.606201 -1417.369751 -1405.562988 -109.807983 -152.680939 -163.063126 -128.986694 -74.367249 -36.389587 -33.782177 1399.922119 1411.359741 1456.320190 1507.617188 1525.208130 1501.234741 1458.332031 2093.121826 2156.289062 2231.688477 2267.063232 2231.688477 2156.289062 2093.121826 1458.332031 1501.234741 1525.208130 1507.617188 1456.320190 1411.359741 1399.922119 -33.782177 -36.389587 -74.367249 -128.986694 -163.063126 -152.680939 -109.807983 -1405.562988 -1417.369751 -1458.606201 -1503.353516 -1517.984619 -1496.049927 -1457.628662,

Auto-correlations of the modulus of each oriented sub-band
 6.213902 7.139911 7.897623 8.103032 7.603112 6.617051 5.546422 7.029886 8.237552 9.135122 9.380456 8.842726 7.695616 6.335587 7.773441 9.750709 11.382861 11.975971 11.240048 9.528111 7.496366 8.151405 10.977396 13.763099 15.009536 13.763099 10.977396 8.151405 7.496366 9.528111 11.240048 11.975971 11.382861 9.750709 7.773441 6.335587 7.695616 8.842726 9.380456 9.135122 8.237552 7.029886 5.546422 6.617051 7.603112 8.103032 7.897623 7.139911 6.213902,
 61.169350 67.126160 74.014809 80.012009 83.226173 83.548981 81.988960 81.851562 93.288620 106.191101 115.176689 116.252686 111.242569 103.910553 106.168419 124.358574 144.431168 155.654495 150.734726 136.298233 121.141151 122.502518 142.824219 164.744598 175.470154 164.744598 142.824219 122.502518 121.141151 136.298233 150.734726 155.654495 144.431168 124.358574 106.168419 103.910553 111.242569 116.252686 115.176689 106.191101 93.288620 81.851562 81.988960 83.548981 83.226173 80.012009 74.014809 67.126160 61.169350,
 138.361877 149.910065 160.356323 164.341187 159.912048 151.854767 146.589905 193.712158 225.784760 261.286896 278.449066 264.521149 234.100098 209.263794 253.438751 310.146332 376.893982 409.969055 380.308289 317.897491 266.382233 285.259888 351.922119 432.627960 472.934143 432.627960 351.922119 285.259888 266.382233 317.897491 380.308289 409.969055 376.893982 310.146332 253.438751 209.263794 234.100098 264.521149 278.449066 261.286896 225.784760 193.712158 146.589905 151.854767 159.912048 164.341187 160.356323 149.910065 138.361877,
 70.481827 68.537659 65.952728 61.248032 53.875702 45.914555 39.996208 85.091827 88.850952 92.787682 91.954224 82.070961 67.310165 55.647156 93.464096 105.430199 120.245644 126.881256 114.525703 92.145592 74.533997 89.609245 107.815514 131.366272 143.928741 131.366272 107.815514 89.609245 74.533997 92.145592 114.525703 126.881256 120.245644 105.430199 93.464096 55.647156 67.310165 82.070961 91.954224 92.787682 88.850952 85.091827 39.996208 45.914555 53.875702 61.248032 65.952728 68.537659 70.481827,
 4.048884 4.649912 5.151263 5.409535 5.331126 4.922731 4.303369 4.757527 5.577891 6.173562 6.356732 6.097642 5.469160 4.666963 5.297469 6.925023 8.373537 8.848874 8.039993 6.467738 4.971502 5.414654 7.646718 10.079494 11.222866 10.079494 7.646718 5.414654 4.971502 6.467738 8.039993 8.848874 8.373537 6.925023 5.297469 4.666963 5.469160 6.097642 6.356732 6.173562 5.577891 4.757527 4.303369 4.922731 5.331126 5.409535 5.151263 4.649912 4.048884,
 31.058569 36.463009 40.471443 42.314198 41.844788 39.576771 36.128334 40.500679 49.975224 57.762432 60.711033 58.542957 53.492504 47.343002 52.971298 67.022804 80.113129 85.086128 79.553482 69.050316 58.202927 60.907032 75.677841 90.593948 97.705437 90.593948 75.677841 60.907032 58.202927 69.050316 79.553482 85.086128 80.113129 67.022804 52.971298 47.343002 53.492504 58.542957 60.711033 57.762432 49.975224 40.500679 36.128334 39.576771 41.844788 42.314198 40.471443 36.463009 31.058569,
 45.394798 55.951923 67.237549 71.998535 66.310120 54.862270 44.596413 59.275383 81.701439 108.402313 122.983536 114.369781 91.879677 71.381386 86.332611 124.777138 170.873688 195.505219 178.140381 136.883133 100.414658 107.199211 152.939270 206.936371 233.490128 206.936371 152.939270 107.199211 100.414658 136.883133 178.140381 195.505219 170.873688 124.777138 86.332611 71.381386 91.879677 114.369781 122.983536 108.402313 81.701439 59.275383 44.596413 54.862270 66.310120 71.998535 67.237549 55.951923 45.394798,
 29.739927 30.846737 31.576565 30.280312 26.295795 21.177429 17.433710 34.028156 38.146133 42.462738 43.999741 39.578667 30.786978 23.274998 36.152351 44.639542 55.186245 61.340141 55.094044 41.072769 29.678398 34.640999 46.506737 62.006538 70.389153 62.006538 46.506737 34.640999 29.678398 41.072769 55.094044 61.340141 55.186245 44.639542 36.152351 23.274998 30.786978 39.578667 43.999741 42.462738 38.146133 34.028156 17.433710 21.177429 26.295795 30.280312 31.576565 30.846737 29.739927,
 1.478328 1.859390 2.087118 2.114242 1.967520 1.724225 1.471026 2.248167 2.998544 3.567442 3.801023 3.594081 3.025210 2.384539 3.010627 4.379132 5.635016 6.190000 5.713176 4.532540 3.282021 3.519825 5.209764 6.931980 7.717369 6.931980 5.209764 3.519825 3.282021 4.532540 5.713176 6.190000 5.635016 4.379132 3.010627 2.384539 3.025210 3.594081 3.801023 3.567442 2.998544 2.248167 1.471026 1.724225 1.967520 2.114242 2.087118 1.859390 1.478328,
 10.184741 11.082125 11.864517 12.206184 11.709394 10.480200 9.021203 13.102657 15.705194 18.295298 19.267876 18.393583 16.673838 14.525938 16.777601 21.290548 26.894133 29.123123 26.397181 22.294374 18.776041 19.477039 24.254753 30.805187 34.509171 30.805187 24.254753 19.477039 18.776041 22.294374 26.397181 29.123123 26.894133 21.290548 16.777601 14.525938 16.673838 18.393583 19.267876 18.295298 15.705194 13.102657 9.021203 10.480200 11.709394 12.206184 11.864517 11.082125 10.184741,
 17.972914 21.205605 25.723413 27.704983 24.964426 19.983643 15.583124 23.187510 32.653934 45.785484 53.381912 49.350807 38.876240 29.459799 34.554066 52.139919 75.172615 88.125267 79.989952 59.904133 42.450512 44.259178 65.859726 92.615852 105.944603 92.615852 65.859726 44.259178 42.450512 59.904133 79.989952 88.125267 75.172615 52.139919 34.554066 29.459799 38.876240 49.350807 53.381912 45.785484 32.653934 23.187510 15.583124 19.983643 24.964426 27.704983 25.723413 21.205605 17.972914,
 6.120775 4.871370 4.098272 3.819255 3.772996 3.470786 2.897835 6.696905 7.509506 9.086729 10.633846 10.361935 8.088592 6.183675 9.001837 11.849977 16.873819 21.065823 19.076460 13.262644 9.526892 10.623636 14.738028 22.141844 26.820910 22.141844 14.738028 10.623636 9.526892 13.262644 19.076460 21.065823 16.873819 11.849977 9.001837 6.183675 8.088592 10.361935 10.633846 9.086729 7.509506 6.696905 2.897835 3.470786 3.772996 3.819255 4.098272 4.871370 6.120775,
 0.299577 0.493216 0.723904 0.776996 0.532579 0.071535 -0.415041 0.576806 0.931561 1.324395 1.461564 1.186512 0.600748 -0.075113 1.296346 2.356256 3.438181 3.956740 3.537434 2.400359 1.079117 1.783151 3.446337 5.036842 5.730810 5.036842 3.446337 1.783151 1.079117 2.400359 3.537434 3.956740 3.438181 2.356256 1.296346 -0.075113 0.600748 1.186512 1.461564 1.324395 0.931561 0.576806 -0.415041 0.071535 0.532579 0.776996 0.723904 0.493216 0.299577,
 1.689694 1.552779 0.850527 -0.855414 -2.708724 -3.553893 -3.199887 3.088620 5.062820 6.155129 4.807136 1.763317 -0.920228 -2.327402 3.925514 8.348999 12.543119 12.906305 9.027603 4.091334 0.500768 3.206846 8.311234 14.374823 17.365591 14.374823 8.311234 3.206846 0.500768 4.091334 9.027603 12.906305 12.543119 8.348999 3.925514 -2.327402 -0.920228 1.763317 4.807136 6.155129 5.062820 3.088620 -3.199887 -3.553893 -2.708724 -0.855414 0.850527 1.552779 1.689694,
 -0.282473 2.242341 0.961081 -1.518339 -2.290753 -1.645742 -1.213636 -4.520652 -0.524200 4.204380 6.309985 4.362709 0.262561 -2.417071 -4.830909 1.240703 12.887943 19.820147 14.582266 3.824205 -2.256661 -2.775958 4.595611 19.202053 27.667635 19.202053 4.595611 -2.775958 -2.256661 3.824205 14.582266 19.820147 12.887943 1.240703 -4.830909 -2.417071 0.262561 4.362709 6.309985 4.204380 -0.524200 -4.520652 -1.213636 -1.645742 -2.290753 -1.518339 0.961081 2.242341 -0.282473,
 0.285791 0.460909 0.622433 1.577470 2.844547 3.132124 1.780181 0.989176 1.639744 3.194558 5.162175 5.793935 4.114976 1.164840 1.499341 3.600481 7.080616 9.812519 8.950395 5.034710 0.999644 1.331708 4.993790 9.731111 12.168076 9.731111 4.993790 1.331708 0.999644 5.034710 8.950395 9.812519 7.080616 3.600481 1.499341 1.164840 4.114976 5.793935 5.162175 3.194558 1.639744 0.989176 1.780181 3.132124 2.844547 1.577470 0.622433 0.460909 0.285791,

Pairwise cross-correlations of the modulus of all oriented sub-bands at the same scale (size QxQ)
 15.009539 15.968012 16.922974 17.884808,
 15.968012 175.470215 213.088074 31.410093,
 16.922974 213.088074 472.934082 155.843018,
 17.884808 31.410093 155.843018 143.928726,
 11.222867 11.240121 6.635558 7.942692,
 11.240121 97.705437 100.474640 8.901540,
 6.635558 100.474640 233.490158 71.734184,
 7.942692 8.901540 71.734184 70.389160,
 7.717370 1.719093 1.134442 4.687657,
 1.719093 34.509174 44.021027 2.949488,
 1.134442 44.021027 105.944611 23.105221,
 4.687657 2.949488 23.105221 26.820910,
 5.730810 4.680505 2.337908 5.068915,
 4.680505 17.365589 13.602242 3.226696,
 2.337908 13.602242 27.667635 6.469045,
 5.068915 3.226696 6.469045 12.168077,

Cross-correlations of the modulus of all oriented sub-bands with all oriented sub-bands at the coarser scale (size QxQ)
 8.995214 9.351205 3.777457 8.157343,
 13.921398 55.091862 40.334499 1.956629,
 18.498981 61.330788 92.306389 39.565407,
 13.478781 9.512017 38.514175 49.090469,
 5.911470 2.554950 1.411425 3.884516,
 7.978926 16.538660 16.359234 -1.043408,
 6.703927 7.398719 26.620565 13.319147,
 5.631808 -3.463149 3.778151 15.553513,
 4.694293 5.445196 3.938904 4.484522,
 1.362586 8.377701 6.789402 4.081326,
 1.307685 8.661585 11.030544 6.405096,
 3.448519 1.505245 0.908798 5.773472,

Cross-correlations of the real part of each oriented sub-band with both the real and imaginary part of all phase-doubled oriented sub-bands at the next coarser scale (Q matrices of size 1x2Q, which are computed and stored in a matrix of size Qx2Q)
 -2.125518 -3.761004 -2.582365 -4.541452 1.254860 -0.013182 -0.019215 -0.048474,
 -3.257928 -38.381847 -36.416546 -6.928870 0.336496 -5.062691 -11.776663 -2.177033,
 -3.720364 -49.374630 -72.333534 -37.852119 -0.229072 -10.175482 -25.608204 -6.637950,
 -3.808932 -9.316440 -26.814142 -35.326397 0.288513 -2.741832 -6.997549 -2.724169,
 -1.021743 -0.961262 -0.643965 -2.302892 1.001274 0.498217 0.270237 0.508085,
 -0.513477 -8.713167 -6.417614 -1.057393 0.769995 2.361937 -0.306275 0.097944,
 -1.209426 -11.131524 -12.692029 -11.624948 0.125420 -0.393576 -9.343543 2.739735,
 -2.010144 -1.911729 -5.636910 -14.434585 0.073007 -1.403731 -5.067050 4.002682,
 -0.673723 -0.796549 -0.374969 -1.810517 1.993179 1.420314 0.460240 -0.838714,
 -0.536659 -2.674815 4.859482 -0.149274 1.201722 6.627522 1.693653 0.242403,
 -0.355213 -1.869574 10.484382 -8.686774 0.107938 2.469568 -3.203845 0.112291,
 -0.652325 -0.097851 1.801305 -12.098274 0.629114 -0.812612 -1.799575 -1.777753,
