Low-band skewness and kurtosis
 -0.354297 2.353390,
 -0.076222 2.165460,
 -0.200359 2.295127,
 0.134617 1.541005,
 0.184977 1.522606,

High-band variance
 2578.123291,

Skewness, kurtosis, variance, mean, maximum and minimum of the reconstructed texture
 -0.544035 1.620918 6727.524414 187.781616 255.000000 8.000000,

Auto-correlations of the low-frequency bands at each scale
 770.413696 770.122070 771.162231 772.207581 771.162231 770.122070 770.413696 12.146701 11.797733 12.842227 13.918182 12.842221 11.797726 12.146695 1769.035034 1768.717285 1770.003540 1771.255371 1770.003540 1768.717285 1769.035034 3729.619629 3729.357422 3730.831055 3732.205078 3730.831055 3729.357422 3729.619629 1769.035034 1768.717285 1770.003540 1771.255371 1770.003540 1768.717285 1769.035034 12.146695 11.797726 12.842221 13.918182 12.842227 11.797733 12.146701 770.413696 770.122070 771.162231 772.207581 771.162231 770.122070 770.413696,
 678.877563 678.736450 679.263794 679.788269 679.263794 678.736450 678.877563 678.349060 678.197571 678.741638 679.284119 678.741638 678.197571 678.349060 1309.472778 1309.323242 1309.916504 1310.497192 1309.916504 1309.323242 1309.472778 1974.591064 1974.450195 1975.078735 1975.682861 1975.078735 1974.450195 1974.591064 1309.472778 1309.323242 1309.916504 1310.497192 1309.916504 1309.323242 1309.472778 678.349060 678.197571 678.741638 679.284119 678.741638 678.197571 678.349060 678.877563 678.736450 679.263794 679.788269 679.263794 678.736450 678.877563,
 712.712341 712.642456 712.912292 713.177917 712.912292 712.642456 712.712341 536.750183 536.675720 536.944702 537.212158 536.944702 536.675720 536.750183 1001.306519 1001.234070 1001.516541 1001.793884 1001.516541 1001.234070 1001.306519 1468.882324 1468.813599 1469.106934 1469.391357 1469.106934 1468.813599 1468.882324 1001.306519 1001.234070 1001.516541 1001.793884 1001.516541 1001.234070 1001.306519 536.750183 536.675720 536.944702 537.212158 536.944702 536.675720 536.750183 712.712341 712.642456 712.912292 713.177917 712.912292 712.642456 712.712341,
 265.614624 265.581970 265.709045 265.834015 265.709045 265.581970 265.614624 555.156006 555.121826 555.254822 555.385437 555.254822 555.121826 555.156006 881.049805 881.014954 881.153687 881.289246 881.153687 881.014954 881.049805 1059.811523 1059.776855 1059.918213 1060.056030 1059.918213 1059.776855 1059.811523 881.049805 881.014954 881.153687 881.289246 881.153687 881.014954 881.049805 555.156006 555.121826 555.254822 555.385437 555.254822 555.121826 555.156006 265.614624 265.581970 265.709045 265.834015 265.709045 265.581970 265.614624,
 -627.872620 -627.887085 -627.829773 -627.774841 -627.829773 -627.887085 -627.872620 -60.841942 -60.857357 -60.794250 -60.734451 -60.794250 -60.857357 -60.841942 627.824524 627.808350 627.877869 627.942932 627.877869 627.808350 627.824524 963.201050 963.184692 963.257019 963.324463 963.257019 963.184692 963.201050 627.824524 627.808350 627.877869 627.942932 627.877869 627.808350 627.824524 -60.841942 -60.857357 -60.794250 -60.734451 -60.794250 -60.857357 -60.841942 -627.872620 -627.887085 -627.829773 -627.774841 -627.829773 -627.887085 -627.872620,

Auto-correlations of the modulus of each oriented sub-band
 0.814082 1.155668 1.445360 1.561897 1.445362 1.155670 0.814085 0.843872 1.200078 1.502385 1.624017 1.502386 1.200080 0.843873 0.890704 1.272468 1.596641 1.727122 1.596641 1.272468 0.890704 0.915889 1.311645 1.647789 1.783137 1.647789 1.311645 0.915889 0.890704 1.272468 1.596641 1.727122 1.596641 1.272468 0.890704 0.843873 1.200080 1.502386 1.624017 1.502385 1.200078 0.843872 0.814085 1.155670 1.445362 1.561897 1.445360 1.155668 0.814082,
 -4.953730 -4.953364 -4.926102 -4.886753 -4.926110 -4.977469 -4.960794 21.746758 21.800571 21.843660 21.801659 21.786562 21.772884 21.755280 59.471470 59.500275 59.690769 59.654865 59.478725 59.508072 59.550053 79.666855 79.571548 79.725082 79.940628 79.725082 79.571548 79.666855 59.550053 59.508072 59.478725 59.654865 59.690769 59.500275 59.471470 21.755280 21.772884 21.786562 21.801659 21.843660 21.800571 21.746758 -4.960794 -4.977469 -4.926110 -4.886753 -4.926102 -4.953364 -4.953730,
 -39.463921 -39.387459 -39.283875 -39.232353 -39.283875 -39.387459 -39.463921 174.696457 174.781189 174.897339 174.955383 174.897339 174.781189 174.696457 477.202087 477.297913 477.429749 477.495697 477.429749 477.297913 477.202087 638.614380 638.715881 638.855530 638.925537 638.855530 638.715881 638.614380 477.202087 477.297913 477.429749 477.495697 477.429749 477.297913 477.202087 174.696457 174.781189 174.897339 174.955383 174.897339 174.781189 174.696457 -39.463921 -39.387459 -39.283875 -39.232353 -39.283875 -39.387459 -39.463921,
 -4.960797 -4.977476 -4.926116 -4.886755 -4.926101 -4.953366 -4.953731 21.755291 21.772896 21.786573 21.801672 21.843676 21.800587 21.746769 59.550091 59.508106 59.478756 59.654900 59.690800 59.500309 59.471508 79.666901 79.571594 79.725121 79.940689 79.725121 79.571594 79.666901 59.471508 59.500309 59.690800 59.654900 59.478756 59.508106 59.550091 21.746769 21.800587 21.843676 21.801672 21.786573 21.772896 21.755291 -4.953731 -4.953366 -4.926101 -4.886755 -4.926116 -4.977476 -4.960797,
 0.344000 0.508471 0.647742 0.703772 0.647743 0.508473 0.344002 0.354421 0.524534 0.668711 0.726728 0.668712 0.524536 0.354423 0.367155 0.544519 0.694966 0.755520 0.694966 0.544520 0.367157 0.373255 0.554089 0.707525 0.769289 0.707525 0.554089 0.373255 0.367157 0.544520 0.694966 0.755520 0.694966 0.544519 0.367155 0.354423 0.524536 0.668712 0.726728 0.668711 0.524534 0.354421 0.344002 0.508473 0.647743 0.703772 0.647742 0.508471 0.344000,
 -3.748324 -3.747773 -3.746236 -3.741735 -3.742568 -3.749712 -3.751609 3.105211 3.124405 3.123578 3.102267 3.114200 3.117581 3.105831 14.980982 14.992409 15.054430 15.021370 14.968822 15.002275 15.013971 21.456287 21.411373 21.456997 21.537048 21.456997 21.411373 21.456287 15.013971 15.002275 14.968822 15.021370 15.054430 14.992409 14.980982 3.105831 3.117581 3.114200 3.102267 3.123578 3.124405 3.105211 -3.751609 -3.749712 -3.742568 -3.741735 -3.746236 -3.747773 -3.748324,
 -29.976374 -29.962826 -29.944387 -29.935272 -29.944387 -29.962826 -29.976374 24.949625 24.964458 24.984726 24.994795 24.984726 24.964458 24.949625 120.215477 120.232407 120.255692 120.267296 120.255692 120.232407 120.215477 171.924042 171.942139 171.967117 171.979584 171.967117 171.942139 171.924042 120.215477 120.232407 120.255692 120.267296 120.255692 120.232407 120.215477 24.949625 24.964458 24.984726 24.994795 24.984726 24.964458 24.949625 -29.976374 -29.962826 -29.944387 -29.935272 -29.944387 -29.962826 -29.976374,
 -3.751616 -3.749717 -3.742574 -3.741739 -3.746242 -3.747779 -3.748329 3.105830 3.117580 3.114199 3.102268 3.123577 3.124404 3.105209 15.013977 15.002283 14.968831 15.021380 15.054439 14.992416 14.980988 21.456301 21.411385 21.457012 21.537066 21.457012 21.411385 21.456301 14.980988 14.992416 15.054439 15.021380 14.968831 15.002283 15.013977 3.105209 3.124404 3.123577 3.102268 3.114199 3.117580 3.105830 -3.748329 -3.747779 -3.746242 -3.741739 -3.742574 -3.749717 -3.751616,
 0.122562 0.203161 0.271392 0.298906 0.271392 0.203161 0.122562 0.125981 0.208017 0.277488 0.305504 0.277488 0.208017 0.125981 0.129497 0.213223 0.284136 0.312733 0.284136 0.213223 0.129497 0.131183 0.215755 0.287385 0.316271 0.287385 0.215755 0.131183 0.129497 0.213223 0.284136 0.312733 0.284136 0.213223 0.129497 0.125981 0.208017 0.277488 0.305504 0.277488 0.208017 0.125981 0.122562 0.203161 0.271392 0.298906 0.271392 0.203161 0.122562,
 4.892069 4.882976 4.879008 4.899972 4.895372 4.878179 4.884033 10.373577 10.387449 10.372570 10.360654 10.384407 10.382195 10.367701 15.434878 15.444963 15.474000 15.448689 15.427733 15.452621 15.454919 17.563423 17.541826 17.561296 17.596598 17.561296 17.541826 17.563423 15.454919 15.452621 15.427733 15.448689 15.474000 15.444963 15.434878 10.367701 10.382195 10.384407 10.360654 10.372570 10.387449 10.373577 4.884033 4.878179 4.895372 4.899972 4.879008 4.882976 4.892069,
 39.085064 39.089592 39.095909 39.099098 39.095909 39.089592 39.085064 83.009079 83.014130 83.021156 83.024727 83.021156 83.014130 83.009079 123.625534 123.631126 123.638916 123.642853 123.638916 123.631126 123.625534 140.556274 140.562073 140.570206 140.574310 140.570206 140.562073 140.556274 123.625534 123.631126 123.638916 123.642853 123.638916 123.631126 123.625534 83.009079 83.014130 83.021156 83.024727 83.021156 83.014130 83.009079 39.085064 39.089592 39.095909 39.099098 39.095909 39.089592 39.085064,
 4.884038 4.878183 4.895378 4.899977 4.879013 4.882980 4.892073 10.367709 10.382203 10.384416 10.360662 10.372579 10.387458 10.373584 15.454930 15.452634 15.427744 15.448701 15.474012 15.444976 15.434890 17.563437 17.541840 17.561310 17.596611 17.561310 17.541840 17.563437 15.434890 15.444976 15.474012 15.448701 15.427744 15.452634 15.454930 10.373584 10.387458 10.372579 10.360662 10.384416 10.382203 10.367709 4.892073 4.882980 4.879013 4.899977 4.895378 4.878183 4.884038,
 0.016083 0.050415 0.079538 0.091402 0.079539 0.050416 0.016084 0.019900 0.055940 0.086538 0.099001 0.086539 0.055941 0.019901 0.022696 0.060026 0.091736 0.104651 0.091737 0.060026 0.022696 0.023746 0.061569 0.093704 0.106790 0.093704 0.061569 0.023746 0.022696 0.060026 0.091737 0.104651 0.091736 0.060026 0.022696 0.019901 0.055941 0.086539 0.099001 0.086538 0.055940 0.019900 0.016084 0.050416 0.079539 0.091402 0.079538 0.050415 0.016083,
 -1.811900 -1.810607 -1.822032 -1.819396 -1.807506 -1.813565 -1.818689 -0.436902 -0.427150 -0.429785 -0.444584 -0.435794 -0.427176 -0.434075 2.112566 2.115292 2.130718 2.120469 2.106633 2.119101 2.123547 3.652097 3.641207 3.649756 3.666222 3.649756 3.641207 3.652097 2.123547 2.119101 2.106633 2.120469 2.130718 2.115292 2.112566 -0.434075 -0.427176 -0.435794 -0.444584 -0.429785 -0.427150 -0.436902 -1.818689 -1.813565 -1.807506 -1.819396 -1.822032 -1.810607 -1.811900,
 -14.525643 -14.525131 -14.524439 -14.524090 -14.524439 -14.525131 -14.525643 -3.470644 -3.470108 -3.469377 -3.469009 -3.469377 -3.470108 -3.470644 16.959387 16.959980 16.960798 16.961205 16.960798 16.959980 16.959387 29.227634 29.228266 29.229130 29.229565 29.229130 29.228266 29.227634 16.959387 16.959980 16.960798 16.961205 16.960798 16.959980 16.959387 -3.470644 -3.470108 -3.469377 -3.469009 -3.469377 -3.470108 -3.470644 -14.525643 -14.525131 -14.524439 -14.524090 -14.524439 -14.525131 -14.525643,
 -1.818691 -1.813566 -1.807507 -1.819398 -1.822034 -1.810608 -1.811901 -0.434075 -0.427176 -0.435795 -0.444585 -0.429785 -0.427149 -0.436903 2.123549 2.119102 2.106634 2.120471 2.130721 2.115294 2.112567 3.652099 3.641210 3.649760 3.666225 3.649760 3.641210 3.652099 2.112567 2.115294 2.130721 2.120471 2.106634 2.119102 2.123549 -0.436903 -0.427149 -0.429785 -0.444585 -0.435795 -0.427176 -0.434075 -1.811901 -1.810608 -1.822034 -1.819398 -1.807507 -1.813566 -1.818691,

Pairwise cross-correlations of the modulus of all oriented sub-bands at the same scale (size QxQ)
 1.783137 -0.602930 -1.854544 -0.602929,
 -0.602930 79.940643 225.746628 79.812553,
 -1.854544 225.746628 638.925537 225.746674,
 -0.602929 79.812553 225.746674 79.940674,
 0.769289 -0.158229 -0.460029 -0.158232,
 -0.158229 21.537052 60.763268 21.472712,
 -0.460029 60.763268 171.979599 60.763290,
 -0.158232 21.472712 60.763290 21.537067,
 0.316271 -0.120903 -0.339612 -0.120904,
 -0.120903 17.596600 49.692902 17.567532,
 -0.339612 49.692902 140.574310 49.692917,
 -0.120904 17.567532 49.692917 17.596613,
 0.106790 0.024439 0.070580 0.024438,
 0.024439 3.666222 10.331303 3.651321,
 0.070580 10.331303 29.229561 10.331306,
 0.024438 3.651321 10.331306 3.666225,

Cross-correlations of the modulus of all oriented sub-bands with all oriented sub-bands at the coarser scale (size QxQ)
 1.041408 -0.239706 -0.536482 -0.239714,
 -0.389117 9.445432 26.800411 9.453182,
 -1.219937 26.758421 75.858215 26.758427,
 -0.389118 9.453186 26.800430 9.445438,
 0.439742 -0.165954 -0.427404 -0.165956,
 -0.124729 3.127900 8.830499 3.123571,
 -0.377773 8.826451 24.951187 8.826457,
 -0.124728 3.123570 8.830502 3.127904,
 0.162950 0.026549 0.090652 0.026549,
 -0.070877 1.536028 4.357271 1.537802,
 -0.203334 4.348553 12.321212 4.348552,
 -0.070878 1.537803 4.357274 1.536029,

Cross-correlations of the real part of each oriented sub-band with both the real and imaginary part of all phase-doubled oriented sub-bands at the next coarser scale (Q matrices of size 1x2Q, which are computed and stored in a matrix of size Qx2Q)
 -0.526209 0.001488 -0.000487 0.001489 0.000005 0.006298 0.000071 0.006296,
 -0.190633 -37.749916 -106.952049 -37.786118 0.000001 7.626563 21.583876 7.625411,
 -0.003949 -106.857353 -302.503296 -106.857407 -0.000001 21.565985 61.048878 21.565985,
 -0.190633 -37.786110 -106.952057 -37.749947 0.000002 7.625421 21.583864 7.626564,
 -0.247933 0.000137 -0.000010 0.000137 0.000012 0.002146 0.000024 0.002147,
 -0.088829 7.659621 21.616083 7.639249 0.000004 4.446841 12.570459 4.444244,
 -0.000851 21.623005 61.139538 21.623018 -0.000001 12.570769 35.554497 12.570769,
 -0.088829 7.639246 21.616087 7.659630 0.000004 4.444243 12.570461 4.446845,
 -0.117531 -0.000277 -0.000015 -0.000277 0.000001 -0.001316 0.000035 -0.001316,
 -0.042052 -5.350857 -15.169464 -5.355175 0.000000 0.923592 2.615305 0.922529,
 -0.000539 -15.142712 -42.905502 -15.142713 -0.000000 2.611276 7.397107 2.611277,
 -0.042053 -5.355176 -15.169469 -5.350858 0.000001 0.922530 2.615306 0.923593,
