Low-band skewness and kurtosis
 -0.557950 2.343230,
 -0.548247 2.776285,
 -0.616539 2.884464,
 -0.736386 2.852654,
 -0.536468 2.002787,

High-band variance
 1014.460083,

Skewness, kurtosis, variance, mean, maximum and minimum of the reconstructed texture
 -0.678266 2.061006 5531.923340 189.104309 255.000000 3.000000,

Auto-correlations of the low-frequency bands at each scale
 929.084595 932.280029 939.948669 950.512695 960.781067 972.703369 985.951904 915.393738 805.066406 726.440918 687.858154 687.833008 726.054321 793.571594 2682.196289 2659.700684 2634.765381 2594.413574 2525.665283 2442.854980 2362.623047 3922.041016 4096.610352 4230.241211 4283.319336 4230.241211 4096.610352 3922.041016 2362.623047 2442.854980 2525.665283 2594.413574 2634.765381 2659.700684 2682.196289 793.571594 726.054321 687.833008 687.858154 726.440918 805.066406 915.393738 985.951904 972.703369 960.781067 950.512695 939.948669 932.280029 929.084595,
 1058.486206 1064.573608 1074.432495 1088.202515 1105.109741 1124.726929 1143.994507 948.759827 887.691895 846.682312 829.973572 835.200989 861.944214 905.389465 1881.559448 1868.255249 1857.857300 1834.864624 1784.591431 1722.016235 1666.281372 2546.122559 2657.265625 2751.434814 2791.438477 2751.434814 2657.265625 2546.122559 1666.281372 1722.016235 1784.591431 1834.864624 1857.857300 1868.255249 1881.559448 905.389465 861.944214 835.200989 829.973572 846.682312 887.691895 948.759827 1143.994507 1124.726929 1105.109741 1088.202515 1074.432495 1064.573608 1058.486206,
 953.769653 971.425232 982.275940 985.083618 982.769592 978.013000 969.951172 1028.580078 1000.642334 987.630859 992.163757 1011.647949 1042.836182 1079.743408 1486.172485 1484.021240 1486.078003 1481.593994 1458.848999 1428.942383 1407.622192 1761.203003 1834.601562 1901.159912 1930.409912 1901.159912 1834.601562 1761.203003 1407.622192 1428.942383 1458.848999 1481.593994 1486.078003 1484.021240 1486.172485 1079.743408 1042.836182 1011.647949 992.163757 987.630859 1000.642334 1028.580078 969.951172 978.013000 982.769592 985.083618 982.275940 971.425232 953.769653,
 245.862610 241.678696 233.330765 229.815048 238.349167 251.779831 258.012451 727.174805 716.022522 702.115356 689.909424 684.905518 688.618713 695.333740 1238.039673 1247.695190 1261.536865 1264.324951 1247.813721 1227.008179 1215.244019 1475.089722 1506.958984 1546.173096 1565.846802 1546.173096 1506.958984 1475.089722 1215.244019 1227.008179 1247.813721 1264.324951 1261.536865 1247.695190 1238.039673 695.333740 688.618713 684.905518 689.909424 702.115356 716.022522 727.174805 258.012451 251.779831 238.349167 229.815048 233.330765 241.678696 245.862610,
 -825.969482 -833.274170 -839.773132 -838.469727 -829.614075 -821.847778 -820.022827 -78.215187 -88.098564 -98.586685 -101.689049 -94.275513 -82.473473 -74.605293 822.726196 830.026611 839.027466 841.030884 833.291138 824.275513 820.334717 1282.857422 1300.743774 1326.023193 1338.869019 1326.023193 1300.743774 1282.857422 820.334717 824.275513 833.291138 841.030884 839.027466 830.026611 822.726196 -74.605293 -82.473473 -94.275513 -101.689049 -98.586685 -88.098564 -78.215187 -820.022827 -821.847778 -829.614075 -838.469727 -839.773132 -833.274170 -825.969482,

Auto-correlations of the modulus of each oriented sub-band
 2.857403 4.135338 5.221864 5.645877 5.185651 4.068255 2.768400 3.164760 4.577600 5.797146 6.291423 5.802324 4.581199 3.157211 3.742238 5.490391 7.029341 7.667041 7.057431 5.534472 3.782038 4.167367 6.189259 7.986630 8.728017 7.986630 6.189259 4.167367 3.782038 5.534472 7.057431 7.667041 7.029341 5.490391 3.742238 3.157211 4.581199 5.802324 6.291423 5.797146 4.577600 3.164760 2.768400 4.068255 5.185651 5.645877 5.221864 4.135338 2.857403,
 15.118555 18.237070 21.203264 22.846664 23.053572 22.681597 22.441355 30.032024 36.748592 43.005051 45.762913 44.587341 41.511707 38.642971 47.937210 58.659122 69.189117 73.491631 69.590057 61.542400 54.016403 58.408211 69.713753 81.638199 87.176567 81.638199 69.713753 58.408211 54.016403 61.542400 69.590057 73.491631 69.189117 58.659122 47.937210 38.642971 41.511707 44.587341 45.762913 43.005051 36.748592 30.032024 22.441355 22.681597 23.053572 22.846664 21.203264 18.237070 15.118555,
 146.177460 154.723160 164.175919 170.219757 169.736862 165.155991 159.854218 250.194778 275.487183 298.810577 310.537048 304.443024 285.356567 261.801270 370.738953 419.241577 461.610138 480.741638 466.008514 426.500610 378.689026 430.096161 490.571472 542.307007 564.000488 542.307007 490.571472 430.096161 378.689026 426.500610 466.008514 480.741638 461.610138 419.241577 370.738953 261.801270 285.356567 304.443024 310.537048 298.810577 275.487183 250.194778 159.854218 165.155991 169.736862 170.219757 164.175919 154.723160 146.177460,
 31.877865 32.037796 32.167217 31.858936 30.736355 28.946703 27.168739 51.892056 54.628487 57.089863 57.972893 55.979725 51.416977 46.307789 72.499298 79.489876 86.093895 89.220421 85.910652 77.615288 68.568756 80.307747 90.433250 100.133209 104.534149 100.133209 90.433250 80.307747 68.568756 77.615288 85.910652 89.220421 86.093895 79.489876 72.499298 46.307789 51.416977 55.979725 57.972893 57.089863 54.628487 51.892056 27.168739 28.946703 30.736355 31.858936 32.167217 32.037796 31.877865,
 2.044429 2.773936 3.386193 3.624655 3.378265 2.778002 2.081761 2.415524 3.257728 3.938159 4.165742 3.819508 3.065595 2.216350 3.324861 4.671591 5.803421 6.206423 5.652634 4.425205 3.062593 3.788744 5.526768 7.091992 7.746557 7.091992 5.526768 3.788744 3.062593 4.425205 5.652634 6.206423 5.803421 4.671591 3.324861 2.216350 3.065595 3.819508 4.165742 3.938159 3.257728 2.415524 2.081761 2.778002 3.378265 3.624655 3.386193 2.773936 2.044429,
 4.538378 5.885279 6.743566 6.516461 5.752053 5.629786 6.329614 10.954377 15.161182 18.513060 18.475903 15.688536 13.116253 12.133052 18.561567 25.754341 33.154621 34.983341 29.882046 23.318237 19.143610 22.310812 29.538012 38.850319 43.738472 38.850319 29.538012 22.310812 19.143610 23.318237 29.882046 34.983341 33.154621 25.754341 18.561567 12.133052 13.116253 15.688536 18.475903 18.513060 15.161182 10.954377 6.329614 5.629786 5.752053 6.516461 6.743566 5.885279 4.538378,
 46.691441 51.761387 58.088188 62.720821 62.926826 59.360668 53.304478 103.201797 120.853058 136.225250 142.934723 136.838165 121.210159 101.160629 166.076721 201.141418 230.188843 241.861145 229.373718 199.451965 162.778381 194.304871 238.745300 275.642578 290.949585 275.642578 238.745300 194.304871 162.778381 199.451965 229.373718 241.861145 230.188843 201.141418 166.076721 101.160629 121.210159 136.838165 142.934723 136.225250 120.853058 103.201797 53.304478 59.360668 62.926826 62.720821 58.088188 51.761387 46.691441,
 5.143547 6.280369 7.952990 8.939827 8.294764 6.279211 4.031848 19.636194 22.120054 25.049639 26.757355 25.275610 20.655134 15.232779 33.436611 39.004555 45.219280 48.806263 45.998524 38.011688 29.485687 37.834297 46.469444 55.590565 59.910404 55.590565 46.469444 37.834297 29.485687 38.011688 45.998524 48.806263 45.219280 39.004555 33.436611 15.232779 20.655134 25.275610 26.757355 25.049639 22.120054 19.636194 4.031848 6.279211 8.294764 8.939827 7.952990 6.280369 5.143547,
 1.445955 2.015317 2.630740 2.889086 2.563890 1.873589 1.243555 1.682861 2.231591 2.811930 3.028126 2.672083 1.997834 1.423968 1.965166 2.757843 3.595207 3.929389 3.482013 2.622459 1.904626 2.248064 3.269942 4.414387 4.952749 4.414387 3.269942 2.248064 1.904626 2.622459 3.482013 3.929389 3.595207 2.757843 1.965166 1.423968 1.997834 2.672083 3.028126 2.811930 2.231591 1.682861 1.243555 1.873589 2.563890 2.889086 2.630740 2.015317 1.445955,
 5.021067 3.820256 2.798122 1.516441 -0.141437 -1.772893 -2.841302 7.219499 8.490933 9.346199 8.566235 6.311156 3.937104 2.114165 10.107901 14.095700 18.024086 18.686680 15.302692 11.067355 7.797869 10.880085 15.509851 21.088947 24.085558 21.088947 15.509851 10.880085 7.797869 11.067355 15.302692 18.686680 18.024086 14.095700 10.107901 2.114165 3.937104 6.311156 8.566235 9.346199 8.490933 7.219499 -2.841302 -1.772893 -0.141437 1.516441 2.798122 3.820256 5.021067,
 29.994131 27.991680 25.184097 18.857677 5.711342 -8.176594 -19.311819 53.177170 63.261787 70.967590 69.642075 53.739853 32.044304 11.310760 73.985893 97.480286 117.790276 123.936798 107.024162 78.576309 49.157791 74.791634 106.228149 135.308609 149.104218 135.308609 106.228149 74.791634 49.157791 78.576309 107.024162 123.936798 117.790276 97.480286 73.985893 11.310760 32.044304 53.739853 69.642075 70.967590 63.261787 53.177170 -19.311819 -8.176594 5.711342 18.857677 25.184097 27.991680 29.994131,
 6.682795 6.021845 5.077634 3.689123 1.818309 -0.210260 -1.866272 11.148067 11.811126 12.292245 12.215387 10.841960 8.047715 4.831003 15.081338 17.998232 21.205498 23.184938 21.693947 17.140486 12.052522 15.966475 21.049404 26.372822 28.918297 26.372822 21.049404 15.966475 12.052522 17.140486 21.693947 23.184938 21.205498 17.998232 15.081338 4.831003 8.047715 10.841960 12.215387 12.292245 11.811126 11.148067 -1.866272 -0.210260 1.818309 3.689123 5.077634 6.021845 6.682795,
 -0.005749 0.397002 0.844028 1.115273 1.124265 0.958112 0.749844 0.338848 0.662823 1.057146 1.292669 1.274357 1.080504 0.852442 1.100461 1.822591 2.580602 2.902800 2.543560 1.759307 0.985787 1.390134 2.548643 3.737716 4.277935 3.737716 2.548643 1.390134 0.985787 1.759307 2.543560 2.902800 2.580602 1.822591 1.100461 0.852442 1.080504 1.274357 1.292669 1.057146 0.662823 0.338848 0.749844 0.958112 1.124265 1.115273 0.844028 0.397002 -0.005749,
 -1.505233 -1.122550 0.162708 0.505637 -0.643102 -1.763011 -1.534376 -3.142107 -1.817611 0.698702 2.088312 1.177531 -0.098739 0.002130 -2.998004 -0.360530 3.989817 6.419668 4.646738 1.821782 0.679254 -0.977907 1.580580 6.287415 9.093734 6.287415 1.580580 -0.977907 0.679254 1.821782 4.646738 6.419668 3.989817 -0.360530 -2.998004 0.002130 -0.098739 1.177531 2.088312 0.698702 -1.817611 -3.142107 -1.534376 -1.763011 -0.643102 0.505637 0.162708 -1.122550 -1.505233,
 -0.739834 -5.415850 -9.325732 -12.045308 -13.355756 -12.586664 -9.724249 -3.878421 -4.925863 -4.430839 -2.842463 -1.040844 1.283169 4.175030 5.881626 11.445669 17.692888 22.372417 23.199446 21.206835 18.011814 18.266357 26.545326 33.990818 37.354836 33.990818 26.545326 18.266357 18.011814 21.206835 23.199446 22.372417 17.692888 11.445669 5.881626 4.175030 1.283169 -1.040844 -2.842463 -4.430839 -4.925863 -3.878421 -9.724249 -12.586664 -13.355756 -12.045308 -9.325732 -5.415850 -0.739834,
 0.177328 0.486404 0.828083 1.206928 1.314210 1.188668 1.074965 2.634378 3.150908 4.054243 4.820677 4.456659 3.381175 2.665956 5.325334 6.610856 8.668593 10.065405 8.837193 6.338848 4.668705 6.070786 8.063869 11.100019 12.877703 11.100019 8.063869 6.070786 4.668705 6.338848 8.837193 10.065405 8.668593 6.610856 5.325334 2.665956 3.381175 4.456659 4.820677 4.054243 3.150908 2.634378 1.074965 1.188668 1.314210 1.206928 0.828083 0.486404 0.177328,

Pairwise cross-correlations of the modulus of all oriented sub-bands at the same scale (size QxQ)
 8.728017 4.689167 -0.128822 5.478264,
 4.689167 87.176590 182.532776 56.987457,
 -0.128822 182.532776 564.000549 207.174179,
 5.478264 56.987457 207.174179 104.534142,
 7.746558 4.495170 3.174222 6.452870,
 4.495170 43.738472 88.015045 27.876139,
 3.174222 88.015045 290.949615 108.240875,
 6.452870 27.876139 108.240875 59.910412,
 4.952749 2.565805 -1.425708 3.071275,
 2.565805 24.085560 44.243317 16.173120,
 -1.425708 44.243317 149.104218 51.058117,
 3.071275 16.173120 51.058117 28.918299,
 4.277936 2.307408 -0.616516 2.975566,
 2.307408 9.093735 6.457695 2.617487,
 -0.616516 6.457695 37.354836 13.093275,
 2.975566 2.617487 13.093275 12.877703,

Cross-correlations of the modulus of all oriented sub-bands with all oriented sub-bands at the coarser scale (size QxQ)
 6.074593 3.623827 -1.668083 4.841943,
 4.254070 12.303704 17.729290 5.888302,
 4.976833 19.004892 55.296120 16.457878,
 6.042223 7.611962 21.662804 14.195546,
 4.565718 3.163706 -0.902837 4.596054,
 2.694968 7.011451 13.087478 6.754013,
 2.736962 10.356743 45.730995 14.869795,
 4.176736 4.370936 14.798719 9.966845,
 3.250201 2.970784 0.534592 2.795542,
 2.085809 1.713838 -2.701561 3.034095,
 -0.187658 -1.978497 2.258190 6.574505,
 1.833754 3.337630 1.417871 5.359861,

Cross-correlations of the real part of each oriented sub-band with both the real and imaginary part of all phase-doubled oriented sub-bands at the next coarser scale (Q matrices of size 1x2Q, which are computed and stored in a matrix of size Qx2Q)
 -0.743616 -0.579016 -0.587274 -0.617029 1.060834 -0.039672 0.028975 -0.162525,
 -0.439606 -25.648651 -42.593239 -11.321357 0.415344 -0.292692 4.638559 2.874694,
 -0.191748 -49.986149 -106.814987 -41.645794 -0.006053 2.431989 21.264418 11.412329,
 -0.401964 -13.047281 -38.623287 -21.254148 0.378196 1.942036 10.703734 5.464397,
 0.052080 -0.709422 -0.338322 -0.285944 0.094197 0.327594 0.144907 0.290186,
 -0.214383 -14.577912 -20.090700 -8.572970 0.105263 0.700025 -8.739473 -4.757811,
 -0.117144 -25.616833 -59.870754 -36.964199 0.066355 -3.184449 -35.236088 -18.010094,
 0.056659 -6.285022 -26.081108 -19.892746 0.011899 -2.206755 -16.071127 -7.440079,
 0.726589 -0.509047 -0.427014 0.025406 -0.324547 -0.052116 0.092152 -0.290949,
 0.134443 -7.194215 -13.473274 -4.319123 -0.368360 -0.530504 -4.963674 -3.617824,
 0.140193 -14.539073 -40.661270 -14.712526 -0.021708 -5.314645 -25.603237 -13.533742,
 0.651311 -4.806504 -17.470469 -6.054096 -0.054178 -3.269268 -13.278921 -6.647897,
