Low-band skewness and kurtosis
 -0.509463 2.185665,
 -0.358124 2.256086,
 -0.268920 2.211397,
 -0.371014 2.091731,
 -0.192235 1.749792,

High-band variance
 1025.183594,

Skewness, kurtosis, variance, mean, maximum and minimum of the reconstructed texture
 -0.636935 1.950136 5714.018555 187.517395 255.000000 1.000000,

Auto-correlations of the low-frequency bands at each scale
 1003.946960 935.524292 890.300415 880.254272 915.279907 995.109253 1092.296875 1458.848999 1210.741943 998.494873 903.557617 949.593994 1094.545166 1256.941528 2838.354492 2875.244385 2902.269043 2884.153809 2775.171875 2594.527100 2394.050781 3500.273682 3935.113037 4316.974609 4476.274414 4316.974609 3935.113037 3500.273682 2394.050781 2594.527100 2775.171875 2884.153809 2902.269043 2875.244385 2838.354492 1256.941528 1094.545166 949.593994 903.557617 998.494873 1210.741943 1458.848999 1092.296875 995.109253 915.279907 880.254272 890.300415 935.524292 1003.946960,
 938.619080 905.149231 892.011597 903.158813 942.220093 1006.925720 1079.543213 1117.586670 964.134399 835.352295 784.300720 827.215698 936.689331 1054.452881 1950.711304 1978.298950 1996.817749 1977.682983 1891.446655 1765.686646 1642.894653 2352.128906 2637.899658 2901.983887 3015.680176 2901.983887 2637.899658 2352.128906 1642.894653 1765.686646 1891.446655 1977.682983 1996.817749 1978.298950 1950.711304 1054.452881 936.689331 827.215698 784.300720 835.352295 964.134399 1117.586670 1079.543213 1006.925720 942.220093 903.158813 892.011597 905.149231 938.619080,
 904.527710 899.223450 888.921814 883.301758 885.001160 891.360413 896.332397 1059.742432 976.001709 902.943604 874.761475 897.958740 957.838745 1022.949707 1429.563232 1452.833984 1484.701050 1496.664185 1459.986938 1397.358643 1340.999268 1622.664673 1794.174683 1963.618774 2039.399536 1963.618774 1794.174683 1622.664673 1340.999268 1397.358643 1459.986938 1496.664185 1484.701050 1452.833984 1429.563232 1022.949707 957.838745 897.958740 874.761475 902.943604 976.001709 1059.742432 896.332397 891.360413 885.001160 883.301758 888.921814 899.223450 904.527710,
 362.981445 348.527557 335.661987 329.776489 339.670776 360.606171 372.833557 716.385254 689.384705 664.532471 648.899719 649.345215 666.975281 685.380005 1156.356079 1180.894653 1211.626221 1216.591797 1175.493896 1118.728149 1079.005249 1339.977539 1422.196533 1521.902344 1570.748535 1521.902344 1422.196533 1339.977539 1079.005249 1118.728149 1175.493896 1216.591797 1211.626221 1180.894653 1156.356079 685.380005 666.975281 649.345215 648.899719 664.532471 689.384705 716.385254 372.833557 360.606171 339.670776 329.776489 335.661987 348.527557 362.981445,
 -783.781433 -778.678406 -803.159973 -843.361206 -858.206970 -839.302185 -814.401917 25.055468 14.737658 -18.935196 -57.980278 -66.830635 -38.181778 -1.797695 805.229187 820.407166 841.309082 845.318115 821.793457 796.657410 791.218567 1138.911987 1179.383179 1246.012939 1281.976318 1246.012939 1179.383179 1138.911987 791.218567 796.657410 821.793457 845.318115 841.309082 820.407166 805.229187 -1.797695 -38.181778 -66.830635 -57.980278 -18.935196 14.737658 25.055468 -814.401917 -839.302185 -858.206970 -843.361206 -803.159973 -778.678406 -783.781433,

Auto-correlations of the modulus of each oriented sub-band
 5.520133 6.999633 8.393710 9.219700 9.197949 8.430214 7.280963 6.627535 8.443755 9.941766 10.677662 10.470006 9.431193 7.920719 8.142586 10.794299 13.011818 13.931710 13.184460 11.168729 8.678135 8.944895 12.423811 15.845984 17.377134 15.845984 12.423811 8.944895 8.678135 11.168729 13.184460 13.931710 13.011818 10.794299 8.142586 7.920719 9.431193 10.470006 10.677662 9.941766 8.443755 6.627535 7.280963 8.430214 9.197949 9.219700 8.393710 6.999633 5.520133,
 40.809395 47.429146 55.142555 61.752415 65.597359 67.219841 68.223503 60.370106 73.501602 88.213203 97.080643 96.482140 90.932343 85.471664 81.527504 101.535843 124.862228 136.588104 128.211563 111.101883 96.675499 95.680954 116.671387 142.358582 155.763397 142.358582 116.671387 95.680954 96.675499 111.101883 128.211563 136.588104 124.862228 101.535843 81.527504 85.471664 90.932343 96.482140 97.080643 88.213203 73.501602 60.370106 68.223503 67.219841 65.597359 61.752415 55.142555 47.429146 40.809395,
 150.007553 163.113068 173.872833 175.386581 164.127838 145.870392 128.783646 222.542664 258.181427 293.560974 306.535278 283.031250 238.383743 196.235901 290.272339 356.040527 425.869324 456.668488 418.551086 342.104431 271.410278 312.174072 394.626801 484.745361 528.374023 484.745361 394.626801 312.174072 271.410278 342.104431 418.551086 456.668488 425.869324 356.040527 290.272339 196.235901 238.383743 283.031250 306.535278 293.560974 258.181427 222.542664 128.783646 145.870392 164.127838 175.386581 173.872833 163.113068 150.007553,
 73.501747 72.130005 69.470413 64.787628 58.161732 51.000210 44.554138 97.742714 102.184845 105.436508 104.041489 95.145706 81.158188 67.395393 114.965012 128.544952 142.465302 148.087860 137.140411 115.564178 94.914642 114.389862 135.342911 158.089386 169.253326 158.089386 135.342911 114.389862 94.914642 115.564178 137.140411 148.087860 142.465302 128.544952 114.965012 67.395393 81.158188 95.145706 104.041489 105.436508 102.184845 97.742714 44.554138 51.000210 58.161732 64.787628 69.470413 72.130005 73.501747,
 3.339596 4.000676 4.624041 4.969872 4.869005 4.343494 3.601667 3.565909 4.592453 5.547533 6.079735 5.945526 5.180755 4.104851 4.583357 6.574304 8.492517 9.409073 8.781446 7.033266 5.051566 5.552065 8.361817 11.227326 12.533678 11.227326 8.361817 5.552065 5.051566 7.033266 8.781446 9.409073 8.492517 6.574304 4.583357 4.104851 5.180755 5.945526 6.079735 5.547533 4.592453 3.565909 3.601667 4.343494 4.869005 4.969872 4.624041 4.000676 3.339596,
 12.924565 16.597946 20.795391 23.443935 24.793945 25.359993 24.567024 20.644211 29.801844 39.827213 43.945183 41.639767 37.548958 33.421284 30.565748 45.119507 62.398972 69.479454 61.462341 48.862534 38.676147 37.737400 52.891159 72.110184 82.487877 72.110184 52.891159 37.737400 38.676147 48.862534 61.462341 69.479454 62.398972 45.119507 30.565748 33.421284 37.548958 41.639767 43.945183 39.827213 29.801844 20.644211 24.567024 25.359993 24.793945 23.443935 20.795391 16.597946 12.924565,
 50.499947 69.171936 84.310028 87.429276 77.379456 61.151993 44.818787 88.562828 122.307022 154.556686 165.633377 146.169022 110.540207 76.792259 124.265694 178.818130 236.234116 260.685303 229.946976 169.592758 114.255013 135.488525 200.980103 272.840668 307.605408 272.840668 200.980103 135.488525 114.255013 169.592758 229.946976 260.685303 236.234116 178.818130 124.265694 76.792259 110.540207 146.169022 165.633377 154.556686 122.307022 88.562828 44.818787 61.151993 77.379456 87.429276 84.310028 69.171936 50.499947,
 27.412403 30.757341 33.144001 33.362820 31.143627 27.183443 22.747608 39.827831 46.578888 53.038834 55.843643 51.673256 41.793976 31.277119 50.437637 63.152275 77.162697 84.719917 77.495125 60.096123 43.453903 52.085037 69.696198 89.596146 99.559616 89.596146 69.696198 52.085037 43.453903 60.096123 77.495125 84.719917 77.162697 63.152275 50.437637 31.277119 41.793976 51.673256 55.843643 53.038834 46.578888 39.827831 22.747608 27.183443 31.143627 33.362820 33.144001 30.757341 27.412403,
 2.364305 3.180573 3.714295 3.808059 3.565916 3.137965 2.620721 2.596769 3.171701 3.662007 3.867834 3.715428 3.230399 2.579571 2.682153 3.857702 5.278880 6.081943 5.678550 4.330256 2.839030 2.989902 5.133966 7.515059 8.634457 7.515059 5.133966 2.989902 2.839030 4.330256 5.678550 6.081943 5.278880 3.857702 2.682153 2.579571 3.230399 3.715428 3.867834 3.662007 3.171701 2.596769 2.620721 3.137965 3.565916 3.808059 3.714295 3.180573 2.364305,
 7.940349 12.233459 14.278663 13.529608 11.785138 10.731472 10.691857 15.480539 23.331932 29.150835 29.047104 24.863272 20.635197 17.428835 21.598221 32.625694 43.464790 46.058792 38.831055 29.746244 22.465214 24.024925 34.859009 47.622746 54.506832 47.622746 34.859009 24.024925 22.465214 29.746244 38.831055 46.058792 43.464790 32.625694 21.598221 17.428835 20.635197 24.863272 29.047104 29.150835 23.331932 15.480539 10.691857 10.731472 11.785138 13.529608 14.278663 12.233459 7.940349,
 -4.844114 4.371143 10.723255 12.585741 9.635668 6.646046 7.503398 10.971764 32.244991 51.018822 56.864532 44.804543 26.508266 14.213909 25.657026 59.706738 94.608452 108.327660 87.726418 52.188679 23.690996 30.204632 68.212021 111.704071 133.431183 111.704071 68.212021 30.204632 23.690996 52.188679 87.726418 108.327660 94.608452 59.706738 25.657026 14.213909 26.508266 44.804543 56.864532 51.018822 32.244991 10.971764 7.503398 6.646046 9.635668 12.585741 10.723255 4.371143 -4.844114,
 -0.584621 3.754633 8.166718 10.806481 10.702267 7.917526 4.345262 5.469165 11.418220 17.518930 21.556087 20.868612 15.383996 9.788526 13.108768 20.931019 30.414085 36.796471 33.832611 24.017868 15.680992 17.492075 26.692945 38.656517 45.024937 38.656517 26.692945 17.492075 15.680992 24.017868 33.832611 36.796471 30.414085 20.931019 13.108768 9.788526 15.383996 20.868612 21.556087 17.518930 11.418220 5.469165 4.345262 7.917526 10.702267 10.806481 8.166718 3.754633 -0.584621,
 0.432218 1.278414 1.876659 2.175768 2.203241 1.872873 1.162757 1.068429 2.065639 2.672685 2.768671 2.524143 2.076590 1.400826 2.535734 4.277030 5.739402 6.194268 5.451442 4.028949 2.482011 3.501539 5.758771 7.998888 9.020432 7.998888 5.758771 3.501539 2.482011 4.028949 5.451442 6.194268 5.739402 4.277030 2.535734 1.400826 2.076590 2.524143 2.768671 2.672685 2.065639 1.068429 1.162757 1.872873 2.203241 2.175768 1.876659 1.278414 0.432218,
 5.325140 4.811520 3.653293 2.591283 2.133166 2.347181 2.597957 5.661449 7.858458 9.412578 8.497213 5.418118 3.046875 2.769537 4.143405 8.995389 15.580328 17.466669 11.821714 5.183729 2.686655 2.945544 7.743301 16.879066 22.340214 16.879066 7.743301 2.945544 2.686655 5.183729 11.821714 17.466669 15.580328 8.995389 4.143405 2.769537 3.046875 5.418118 8.497213 9.412578 7.858458 5.661449 2.597957 2.347181 2.133166 2.591283 3.653293 4.811520 5.325140,
 17.826807 19.654739 20.170916 17.192270 10.891579 3.815927 -1.362473 23.181412 30.363281 38.872410 40.831314 32.740490 20.200176 11.120416 27.482149 40.279228 57.529942 65.095901 54.520504 35.287041 21.650339 27.541008 43.117908 65.153763 76.367722 65.153763 43.117908 27.541008 21.650339 35.287041 54.520504 65.095901 57.529942 40.279228 27.482149 11.120416 20.200176 32.740490 40.831314 38.872410 30.363281 23.181412 -1.362473 3.815927 10.891579 17.192270 20.170916 19.654739 17.826807,
 -0.693181 1.433342 2.516215 3.311026 4.743192 5.711235 4.386569 2.843949 5.877823 9.024314 12.222300 13.844968 12.178900 8.119859 7.865275 12.860396 19.263239 24.332996 23.515791 17.568176 11.130319 11.343422 18.060802 26.215462 30.418446 26.215462 18.060802 11.343422 11.130319 17.568176 23.515791 24.332996 19.263239 12.860396 7.865275 8.119859 12.178900 13.844968 12.222300 9.024314 5.877823 2.843949 4.386569 5.711235 4.743192 3.311026 2.516215 1.433342 -0.693181,

Pairwise cross-correlations of the modulus of all oriented sub-bands at the same scale (size QxQ)
 17.377134 20.435083 13.724813 14.383008,
 20.435083 155.763382 171.910858 31.661194,
 13.724813 171.910858 528.374084 216.510193,
 14.383008 31.661194 216.510193 169.253387,
 12.533678 9.355280 6.467358 8.348622,
 9.355280 82.487885 87.661484 12.010403,
 6.467358 87.661484 307.605408 119.750755,
 8.348622 12.010403 119.750755 99.559631,
 8.634457 3.165926 3.427190 6.038947,
 3.165926 54.506836 47.130054 1.945082,
 3.427190 47.130054 133.431183 43.533688,
 6.038947 1.945082 43.533688 45.024940,
 9.020432 7.017768 8.990231 9.663768,
 7.017768 22.340218 26.021727 7.700280,
 8.990231 26.021727 76.367737 27.501427,
 9.663768 7.700280 27.501427 30.418446,

Cross-correlations of the modulus of all oriented sub-bands with all oriented sub-bands at the coarser scale (size QxQ)
 9.829762 8.878519 -0.714923 5.060330,
 13.387499 48.032745 21.988787 1.791594,
 15.783596 38.828415 85.351471 50.445908,
 12.061779 1.668000 34.806465 46.108536,
 6.152039 2.310455 0.375754 5.006561,
 4.103812 20.102535 9.848307 1.022261,
 4.624869 -4.198443 12.556334 5.340063,
 5.431692 -14.127040 -2.730122 12.994890,
 5.350266 4.994789 6.421459 6.985483,
 0.155691 1.391135 -5.489327 0.165335,
 4.754670 -1.979550 -8.180837 4.004884,
 7.762975 2.683957 5.753230 9.143968,

Cross-correlations of the real part of each oriented sub-band with both the real and imaginary part of all phase-doubled oriented sub-bands at the next coarser scale (Q matrices of size 1x2Q, which are computed and stored in a matrix of size Qx2Q)
 -2.597602 -6.188184 -2.825899 -4.018551 0.749032 0.097480 0.189222 0.116858,
 -5.191987 -50.863686 -27.472410 -3.124814 0.443948 3.667784 10.521539 2.236212,
 -4.385724 -52.024456 -46.657795 -32.862045 0.126856 8.218811 29.325014 4.847507,
 -3.175648 -6.367443 -19.426693 -34.284332 0.078621 2.499420 11.135684 1.298095,
 -1.005557 -3.470928 -1.579168 -1.390336 0.475102 -0.469671 0.337836 -0.881696,
 -2.744828 -31.055763 -28.101572 -5.461745 -0.204039 -0.236007 1.931740 -1.719761,
 -1.940128 -35.112656 -60.807114 -19.995180 0.084721 0.124891 -4.267159 -6.023365,
 -1.011556 -6.422428 -21.612888 -12.744445 0.839855 -0.738610 -3.685296 -4.012504,
 0.886981 -1.255449 -0.186887 -1.891440 -0.569479 1.336015 -0.091254 -1.095541,
 -0.810995 -4.366083 4.192541 1.693083 0.246060 1.951993 -11.492132 -1.762184,
 -1.129025 0.125924 22.997406 8.852505 0.077507 -3.592322 -34.216061 -6.172538,
 -0.313443 1.064122 12.806200 0.935122 -0.324589 -1.604398 -13.066542 -5.463057,
