Low-band skewness and kurtosis
 -0.534561 2.114247,
 -0.404363 2.133110,
 -0.208055 1.922965,
 -0.083010 1.788242,
 0.084365 1.770731,

High-band variance
 992.041321,

Skewness, kurtosis, variance, mean, maximum and minimum of the reconstructed texture
 -0.662585 1.948599 5862.375977 188.333801 255.000000 1.000000,

Auto-correlations of the low-frequency bands at each scale
 1531.765869 1432.060669 1374.602783 1357.524902 1367.612061 1398.365845 1447.513184 1757.945190 1529.861206 1340.124634 1262.768066 1326.120728 1506.366577 1730.014282 2903.212402 3018.781006 3100.494385 3118.843262 3061.165771 2968.206299 2875.081543 3695.068604 4133.296875 4505.581543 4657.773438 4505.581543 4133.296875 3695.068604 2875.081543 2968.206299 3061.165771 3118.843262 3100.494385 3018.781006 2903.212402 1730.014282 1506.366577 1326.120728 1262.768066 1340.124634 1529.861206 1757.945190 1447.513184 1398.365845 1367.612061 1357.524902 1374.602783 1432.060669 1531.765869,
 1434.645142 1394.580200 1374.223877 1369.492065 1373.140625 1384.923950 1407.404907 1615.802734 1448.684692 1309.098389 1245.280884 1267.619873 1359.619995 1477.994629 2212.937256 2260.015137 2303.991455 2315.733398 2269.932373 2197.916016 2132.227783 2632.010742 2900.776855 3147.053711 3252.857178 3147.053711 2900.776855 2632.010742 2132.227783 2197.916016 2269.932373 2315.733398 2303.991455 2260.015137 2212.937256 1477.994629 1359.619995 1267.619873 1245.280884 1309.098389 1448.684692 1615.802734 1407.404907 1384.923950 1373.140625 1369.492065 1374.223877 1394.580200 1434.645142,
 1241.719727 1247.272339 1250.934570 1249.657715 1243.498779 1240.805542 1247.739258 1392.555542 1317.044678 1262.495850 1245.448120 1267.148682 1326.979736 1406.388550 1834.804565 1848.932861 1870.305054 1872.405518 1831.479370 1775.136963 1731.963501 2041.622070 2193.203369 2339.591797 2405.192627 2339.591797 2193.203369 2041.622070 1731.963501 1775.136963 1831.479370 1872.405518 1870.305054 1848.932861 1834.804565 1406.388550 1326.979736 1267.148682 1245.448120 1262.495850 1317.044678 1392.555542 1247.739258 1240.805542 1243.498779 1249.657715 1250.934570 1247.272339 1241.719727,
 512.271179 466.795563 434.720795 421.102539 426.228546 448.462555 485.192017 1054.032715 1014.167480 977.573425 956.436340 951.397034 963.044922 986.997620 1532.483398 1566.293457 1591.321533 1595.359497 1565.089111 1519.973145 1479.496338 1731.546875 1818.776978 1900.995605 1938.623535 1900.995605 1818.776978 1731.546875 1479.496338 1519.973145 1565.089111 1595.359497 1591.321533 1566.293457 1532.483398 986.997620 963.044922 951.397034 956.436340 977.573425 1014.167480 1054.032715 485.192017 448.462555 426.228546 421.102539 434.720795 466.795563 512.271179,
 -1103.793457 -1123.177246 -1124.091431 -1101.695435 -1068.718628 -1048.432617 -1053.450439 -30.368137 -80.692490 -128.878098 -142.402206 -113.178909 -62.182240 -19.884396 1095.755371 1110.354004 1115.124023 1104.702515 1080.391602 1059.653320 1058.782959 1542.795898 1608.435791 1684.979492 1720.107544 1684.979492 1608.435791 1542.795898 1058.782959 1059.653320 1080.391602 1104.702515 1115.124023 1110.354004 1095.755371 -19.884396 -62.182240 -113.178909 -142.402206 -128.878098 -80.692490 -30.368137 -1053.450439 -1048.432617 -1068.718628 -1101.695435 -1124.091431 -1123.177246 -1103.793457,

Auto-correlations of the modulus of each oriented sub-band
 4.968453 5.992665 6.834631 7.086012 6.582866 5.552318 4.434991 5.713851 6.869958 7.817745 8.151525 7.672133 6.554334 5.235445 6.794030 8.764799 10.423431 11.053004 10.327759 8.558060 6.456432 7.098030 9.930584 12.844236 14.177573 12.844236 9.930584 7.098030 6.456432 8.558060 10.327759 11.053004 10.423431 8.764799 6.794030 5.235445 6.554334 7.672133 8.151525 7.817745 6.869958 5.713851 4.434991 5.552318 6.582866 7.086012 6.834631 5.992665 4.968453,
 50.577404 55.524635 61.574215 67.157242 71.007462 73.179878 74.099701 67.991135 79.800827 92.672478 100.802246 101.527336 97.877594 93.130569 89.639450 108.571251 129.348145 139.923981 133.819672 119.582329 106.095810 105.165253 125.234909 147.798965 159.083893 147.798965 125.234909 105.165253 106.095810 119.582329 133.819672 139.923981 129.348145 108.571251 89.639450 93.130569 97.877594 101.527336 100.802246 92.672478 79.800827 67.991135 74.099701 73.179878 71.007462 67.157242 61.574215 55.524635 50.577404,
 239.607239 254.191910 265.877747 268.411743 257.620239 239.440994 223.266479 295.557953 335.349579 373.777649 387.145386 361.512268 314.432831 272.587189 345.768311 417.554138 493.613434 525.811218 483.586456 401.259094 328.479980 360.376740 447.922485 545.731934 593.008911 545.731934 447.922485 360.376740 328.479980 401.259094 483.586456 525.811218 493.613434 417.554138 345.768311 272.587189 314.432831 361.512268 387.145386 373.777649 335.349579 295.557953 223.266479 239.440994 257.620239 268.411743 265.877747 254.191910 239.607239,
 102.216324 100.860779 97.417900 91.642563 83.881325 76.137802 69.982376 122.138641 127.034782 129.610016 126.706810 115.780579 100.610344 86.983917 133.759186 148.428299 162.659225 167.586655 154.731674 131.724716 110.569061 129.536285 151.681259 175.716553 187.735947 175.716553 151.681259 129.536285 110.569061 131.724716 154.731674 167.586655 162.659225 148.428299 133.759186 86.983917 100.610344 115.780579 126.706810 129.610016 127.034782 122.138641 69.982376 76.137802 83.881325 91.642563 97.417900 100.860779 102.216324,
 3.785656 4.808171 5.703424 6.051488 5.687100 4.840083 3.906925 4.475884 5.776069 6.815730 7.144423 6.640859 5.582236 4.441512 5.412870 7.322581 9.027859 9.669346 8.849998 7.091802 5.308611 5.906251 8.361881 10.913070 12.081369 10.913070 8.361881 5.906251 5.308611 7.091802 8.849998 9.669346 9.027859 7.322581 5.412870 4.441512 5.582236 6.640859 7.144423 6.815730 5.776069 4.475884 3.906925 4.840083 5.687100 6.051488 5.703424 4.808171 3.785656,
 27.955664 30.914543 33.637604 35.832405 37.168152 36.804497 34.605682 35.680508 43.284855 50.559258 53.800617 52.826271 49.281078 43.853115 45.307087 58.243149 72.043930 77.536957 71.596375 61.246300 50.960064 51.618820 65.750511 81.760757 90.049538 81.760757 65.750511 51.618820 50.960064 61.246300 71.596375 77.536957 72.043930 58.243149 45.307087 43.853115 49.281078 52.826271 53.800617 50.559258 43.284855 35.680508 34.605682 36.804497 37.168152 35.832405 33.637604 30.914543 27.955664,
 70.790062 88.949448 107.286331 117.071274 112.815613 100.234604 86.151192 94.675125 130.138000 169.691605 192.189896 182.105026 151.019012 118.508835 128.273376 183.771484 246.527161 280.021545 256.845978 200.096466 145.907166 150.791565 215.481674 287.431061 322.481384 287.431061 215.481674 150.791565 145.907166 200.096466 256.845978 280.021545 246.527161 183.771484 128.273376 118.508835 151.019012 182.105026 192.189896 169.691605 130.138000 94.675125 86.151192 100.234604 112.815613 117.071274 107.286331 88.949448 70.790062,
 45.438198 46.618927 45.747463 42.638187 38.419468 33.614136 29.020763 56.724022 61.660221 65.260963 65.600418 60.429085 50.582203 40.882652 64.006310 74.296394 85.889557 91.983688 84.717682 68.483147 54.053448 63.145733 77.914490 95.866653 105.124756 95.866653 77.914490 63.145733 54.053448 68.483147 84.717682 91.983688 85.889557 74.296394 64.006310 40.882652 50.582203 60.429085 65.600418 65.260963 61.660221 56.724022 29.020763 33.614136 38.419468 42.638187 45.747463 46.618927 45.438198,
 2.265862 2.819182 3.267026 3.493174 3.450783 3.116812 2.525459 2.915183 3.590459 4.224074 4.550966 4.393446 3.754050 2.822312 3.558241 5.231757 6.899006 7.661534 7.005403 5.336931 3.474703 3.972585 6.438536 8.904940 10.014069 8.904940 6.438536 3.972585 3.474703 5.336931 7.005403 7.661534 6.899006 5.231757 3.558241 2.822312 3.754050 4.393446 4.550966 4.224074 3.590459 2.915183 2.525459 3.116812 3.450783 3.493174 3.267026 2.819182 2.265862,
 7.734536 10.773197 13.475079 14.716148 14.432102 12.532417 8.852333 10.992836 15.986653 21.328743 23.195473 20.757092 16.075325 10.398529 13.545315 21.310471 30.570827 34.198109 28.765667 19.911102 12.074507 13.590415 22.700342 34.143871 40.235809 34.143871 22.700342 13.590415 12.074507 19.911102 28.765667 34.198109 30.570827 21.310471 13.545315 10.398529 16.075325 20.757092 23.195473 21.328743 15.986653 10.992836 8.852333 12.532417 14.432102 14.716148 13.475079 10.773197 7.734536,
 26.862339 30.150829 33.312675 33.834122 29.531866 22.178162 16.187256 46.802670 58.137390 69.214104 72.094711 61.370617 43.339554 28.832783 58.495964 80.709351 104.493515 113.568764 97.393295 68.125488 43.872818 56.552971 84.687355 117.208145 133.035461 117.208145 84.687355 56.552971 43.872818 68.125488 97.393295 113.568764 104.493515 80.709351 58.495964 28.832783 43.339554 61.370617 72.094711 69.214104 58.137390 46.802670 16.187256 22.178162 29.531866 33.834122 33.312675 30.150829 26.862339,
 23.351028 25.751354 26.106537 24.451260 21.312988 16.865860 11.904930 32.471146 35.897476 37.753120 37.922405 34.613174 27.671942 20.242691 37.528088 43.418438 49.800701 53.772110 49.569447 39.335896 29.752600 36.478218 45.385380 56.146210 61.932781 56.146210 45.385380 36.478218 29.752600 39.335896 49.569447 53.772110 49.800701 43.418438 37.528088 20.242691 27.671942 34.613174 37.922405 37.753120 35.897476 32.471146 11.904930 16.865860 21.312988 24.451260 26.106537 25.751354 23.351028,
 0.351079 1.162628 1.703615 1.799059 1.449394 0.811375 0.136076 0.286357 1.108253 1.805187 2.083890 1.818628 1.188686 0.485886 0.376829 1.641459 2.979216 3.638602 3.188542 2.032306 0.794940 0.835013 2.501284 4.264792 5.088699 4.264792 2.501284 0.835013 0.794940 2.032306 3.188542 3.638602 2.979216 1.641459 0.376829 0.485886 1.188686 1.818628 2.083890 1.805187 1.108253 0.286357 0.136076 0.811375 1.449394 1.799059 1.703615 1.162628 0.351079,
 0.589886 -0.526501 -0.779193 -0.814050 -1.430021 -1.826185 -0.935799 2.313090 3.319793 5.238306 5.646070 3.566536 0.928788 -0.212803 3.641048 7.637280 13.099158 14.890846 10.887395 5.030343 1.457641 3.235506 8.281001 15.911975 20.028877 15.911975 8.281001 3.235506 1.457641 5.030343 10.887395 14.890846 13.099158 7.637280 3.641048 -0.212803 0.928788 3.566536 5.646070 5.238306 3.319793 2.313090 -0.935799 -1.826185 -1.430021 -0.814050 -0.779193 -0.526501 0.589886,
 -9.903055 -3.008940 3.193330 4.615514 0.629237 -4.712439 -7.405364 -2.843883 10.061298 23.053036 29.070488 24.227875 13.978771 5.843837 6.566175 25.422318 45.574066 55.458004 47.058029 28.841232 13.101996 12.893387 33.560898 56.755974 68.016800 56.755974 33.560898 12.893387 13.101996 28.841232 47.058029 55.458004 45.574066 25.422318 6.566175 5.843837 13.978771 24.227875 29.070488 23.053036 10.061298 -2.843883 -7.405364 -4.712439 0.629237 4.615514 3.193330 -3.008940 -9.903055,
 0.338614 1.919418 2.376751 1.911444 1.360148 1.056736 0.986141 1.965030 4.364287 5.668420 5.767315 4.785157 2.989128 1.390712 3.683383 7.324861 10.503900 12.099726 10.249709 6.163232 2.621683 3.953420 8.252731 13.089509 15.660761 13.089509 8.252731 3.953420 2.621683 6.163232 10.249709 12.099726 10.503900 7.324861 3.683383 1.390712 2.989128 4.785157 5.767315 5.668420 4.364287 1.965030 0.986141 1.056736 1.360148 1.911444 2.376751 1.919418 0.338614,

Pairwise cross-correlations of the modulus of all oriented sub-bands at the same scale (size QxQ)
 14.177576 13.964900 18.281546 18.580366,
 13.964900 159.083893 214.647964 40.615311,
 18.281546 214.647964 593.008972 232.789215,
 18.580366 40.615311 232.789215 187.735947,
 12.081369 10.790351 13.012309 10.721633,
 10.790351 90.049545 107.968338 19.653223,
 13.012309 107.968338 322.481384 124.622971,
 10.721633 19.653223 124.622971 105.124763,
 10.014070 6.544435 5.369021 6.186373,
 6.544435 40.235809 35.618793 3.410672,
 5.369021 35.618793 133.035477 64.499725,
 6.186373 3.410672 64.499725 61.932793,
 5.088699 2.260328 -0.232019 3.159967,
 2.260328 20.028881 22.865068 9.074597,
 -0.232019 22.865068 68.016800 23.171156,
 3.159967 9.074597 23.171156 15.660763,

Cross-correlations of the modulus of all oriented sub-bands with all oriented sub-bands at the coarser scale (size QxQ)
 8.383628 9.419155 9.476319 10.133075,
 13.294827 50.354195 56.625134 12.320772,
 23.905172 57.829819 134.453537 66.888016,
 15.994060 11.854029 63.542641 61.166702,
 6.926876 5.481431 3.797868 4.903661,
 8.634482 19.162289 17.484722 3.916714,
 15.354021 10.585786 56.706501 35.777222,
 8.202078 -3.441811 34.754608 34.192249,
 4.536736 3.950933 0.330361 3.473100,
 1.280184 10.505135 5.705676 3.333241,
 -0.850871 8.022371 26.903568 10.650959,
 2.327101 2.361863 14.122416 9.115227,

Cross-correlations of the real part of each oriented sub-band with both the real and imaginary part of all phase-doubled oriented sub-bands at the next coarser scale (Q matrices of size 1x2Q, which are computed and stored in a matrix of size Qx2Q)
 -1.588026 -2.761929 -2.731811 -4.077124 0.551522 -0.013873 0.071880 -0.156750,
 -2.509022 -29.291744 -23.356747 -5.859035 0.556611 2.738700 3.750750 -0.626091,
 -3.616315 -32.997158 -46.322704 -40.551483 0.173168 4.481759 6.815961 0.078858,
 -3.307824 -4.382674 -22.239883 -38.565643 0.110144 0.645673 1.575207 0.695341,
 0.047616 -1.505221 -1.415812 -1.077267 0.463267 0.524975 0.868258 0.907474,
 -0.922085 -9.042300 -12.225445 -4.123090 0.298791 1.938786 -1.702501 -2.583156,
 -0.913831 -8.659184 -41.215515 -25.966820 0.000859 -2.048514 -11.804288 -3.700526,
 -0.248543 -1.298863 -24.808207 -19.506811 -0.045556 -1.305543 -3.010256 3.026598,
 -1.717790 -0.101515 0.028303 -1.436814 -0.915418 0.015405 0.267528 0.955674,
 -0.537096 1.617814 2.329741 -3.194693 -0.167563 -3.252955 -8.993288 -2.940145,
 -0.268232 2.578997 -15.829117 -17.469021 0.188415 -7.278085 -27.840887 -7.734890,
 -1.273958 -0.034126 -14.210266 -12.668530 -0.493582 -2.051831 -10.608988 0.023404,
