Low-band skewness and kurtosis
 -0.634274 2.231986,
 -0.537431 2.262942,
 -0.498123 2.269292,
 -0.443951 2.028800,
 -0.383970 1.728643,

High-band variance
 909.980591,

Skewness, kurtosis, variance, mean, maximum and minimum of the reconstructed texture
 -0.728636 2.048128 6036.507812 189.493408 255.000000 1.000000,

Auto-correlations of the low-frequency bands at each scale
 2121.145020 1992.958618 1941.238159 1962.869507 2014.321899 2061.320801 2084.385742 2676.559326 2413.975098 2131.642578 1924.298096 1839.615479 1875.175903 1975.423218 3843.299316 3893.106445 3804.543457 3572.037842 3245.137207 2947.793945 2765.987793 4014.362549 4413.946289 4777.170898 4931.757812 4777.170898 4413.946289 4014.362549 2765.987793 2947.793945 3245.137207 3572.037842 3804.543457 3893.106445 3843.299316 1975.423218 1875.175903 1839.615479 1924.298096 2131.642578 2413.975098 2676.559326 2084.385742 2061.320801 2014.321899 1962.869507 1941.238159 1992.958618 2121.145020,
 1810.783081 1730.646606 1717.995850 1754.251465 1791.135742 1808.577271 1803.639282 2258.839355 2105.042725 1940.770020 1817.875000 1758.535645 1769.742676 1817.562500 2955.764648 3021.103027 2993.014893 2850.498535 2628.506104 2434.216797 2329.553711 3057.861084 3314.485352 3563.920654 3674.256348 3563.920654 3314.485352 3057.861084 2329.553711 2434.216797 2628.506104 2850.498535 2993.014893 3021.103027 2955.764648 1817.562500 1769.742676 1758.535645 1817.875000 1940.770020 2105.042725 2258.839355 1803.639282 1808.577271 1791.135742 1754.251465 1717.995850 1730.646606 1810.783081,
 1649.831421 1636.561890 1639.939453 1633.171875 1583.877197 1507.588989 1429.115112 1859.188843 1800.117798 1747.567383 1698.043945 1634.006348 1574.696655 1529.759399 2353.406982 2395.654785 2411.143066 2360.174316 2223.839355 2070.786621 1954.826294 2479.635498 2650.576660 2821.373535 2901.135254 2821.373535 2650.576660 2479.635498 1954.826294 2070.786621 2223.839355 2360.174316 2411.143066 2395.654785 2353.406982 1529.759399 1574.696655 1634.006348 1698.043945 1747.567383 1800.117798 1859.188843 1429.115112 1507.588989 1583.877197 1633.171875 1639.939453 1636.561890 1649.831421,
 915.887573 898.958557 853.082825 760.266113 631.807190 520.083435 449.732635 1473.641846 1488.573120 1479.058350 1408.065308 1264.673096 1119.170776 1023.380127 1913.398193 2005.863037 2071.817139 2041.310913 1874.297119 1660.529785 1489.831299 1920.460327 2113.934082 2307.288574 2397.961670 2307.288574 2113.934082 1920.460327 1489.831299 1660.529785 1874.297119 2041.310913 2071.817139 2005.863037 1913.398193 1023.380127 1119.170776 1264.673096 1408.065308 1479.058350 1488.573120 1473.641846 449.732635 520.083435 631.807190 760.266113 853.082825 898.958557 915.887573,
 -1022.012451 -1105.369141 -1304.933594 -1481.080444 -1465.389893 -1293.237305 -1127.035400 187.604050 217.460648 107.610283 -104.552750 -267.462463 -257.646637 -108.965256 1231.892944 1442.595215 1571.952759 1482.812866 1199.828735 955.764160 915.696899 1481.135498 1718.670410 2043.594849 2205.960938 2043.594849 1718.670410 1481.135498 915.696899 955.764160 1199.828735 1482.812866 1571.952759 1442.595215 1231.892944 -108.965256 -257.646637 -267.462463 -104.552750 107.610283 217.460648 187.604050 -1127.035400 -1293.237305 -1465.389893 -1481.080444 -1304.933594 -1105.369141 -1022.012451,

Auto-correlations of the modulus of each oriented sub-band
 10.272614 11.799537 13.005705 13.313293 12.495405 10.850255 8.959154 10.720424 12.588465 14.069543 14.579721 13.820315 11.987013 9.744050 11.261128 13.942462 16.539803 18.049837 17.434891 14.763730 11.346679 11.870667 15.922970 19.957090 21.770327 19.957090 15.922970 11.870667 11.346679 14.763730 17.434891 18.049837 16.539803 13.942462 11.261128 9.744050 11.987013 13.820315 14.579721 14.069543 12.588465 10.720424 8.959154 10.850255 12.495405 13.313293 13.005705 11.799537 10.272614,
 19.589861 22.465525 26.050041 28.631634 29.322327 29.284266 29.503881 32.622463 38.074356 45.512844 49.327049 47.119015 43.773849 42.192936 45.329971 53.458618 66.637886 73.216446 65.760643 56.065002 51.430290 52.704998 60.436317 75.355179 85.132034 75.355179 60.436317 52.704998 51.430290 56.065002 65.760643 73.216446 66.637886 53.458618 45.329971 42.192936 43.773849 47.119015 49.327049 45.512844 38.074356 32.622463 29.503881 29.284266 29.322327 28.631634 26.050041 22.465525 19.589861,
 210.151581 218.681000 224.898514 225.144821 215.787033 201.128662 188.492432 283.170044 311.847473 339.019287 349.232025 330.198242 294.262390 261.453613 349.092926 403.069763 459.415100 484.877411 453.974182 391.841309 334.940277 371.914185 439.291382 512.660156 548.514343 512.660156 439.291382 371.914185 334.940277 391.841309 453.974182 484.877411 459.415100 403.069763 349.092926 261.453613 294.262390 330.198242 349.232025 339.019287 311.847473 283.170044 188.492432 201.128662 215.787033 225.144821 224.898514 218.681000 210.151581,
 141.838501 144.367676 143.082581 137.643234 129.333893 120.006866 111.197632 164.186020 175.666977 182.471924 180.669647 169.022858 151.042618 132.931961 179.990585 203.608704 224.037704 230.500687 216.162003 188.113739 159.722458 178.984833 210.399139 240.998657 254.773438 240.998657 210.399139 178.984833 159.722458 188.113739 216.162003 230.500687 224.037704 203.608704 179.990585 132.931961 151.042618 169.022858 180.669647 182.471924 175.666977 164.186020 111.197632 120.006866 129.333893 137.643234 143.082581 144.367676 141.838501,
 7.381067 9.315169 11.026339 11.691109 10.905281 9.075835 7.050917 7.917420 9.984993 11.841913 12.705194 12.072706 10.189098 7.918468 8.454554 11.116556 13.893340 15.488356 14.751561 12.028273 8.861109 9.043646 12.613296 16.317715 18.014734 16.317715 12.613296 9.043646 8.861109 12.028273 14.751561 15.488356 13.893340 11.116556 8.454554 7.918468 10.189098 12.072706 12.705194 11.841913 9.984993 7.917420 7.050917 9.075835 10.905281 11.691109 11.026339 9.315169 7.381067,
 0.766247 2.074321 4.057151 5.620910 6.010289 6.007908 6.317285 7.210248 10.787840 14.214246 15.294329 14.410171 13.324213 12.411863 13.677487 19.843153 26.740959 28.426239 24.087196 19.739450 17.066410 17.398335 22.757124 30.881016 35.844757 30.881016 22.757124 17.398335 17.066410 19.739450 24.087196 28.426239 26.740959 19.843153 13.677487 12.411863 13.324213 14.410171 15.294329 14.214246 10.787840 7.210248 6.317285 6.007908 6.010289 5.620910 4.057151 2.074321 0.766247,
 48.624653 48.752460 52.631821 57.218678 58.246727 55.965580 53.951015 88.279465 104.228577 123.544022 135.160080 130.093399 114.083572 98.204346 134.412888 169.529877 207.726288 227.159653 211.664337 175.716187 141.212479 157.675186 201.705322 248.867157 271.608582 248.867157 201.705322 157.675186 141.212479 175.716187 211.664337 227.159653 207.726288 169.529877 134.412888 98.204346 114.083572 130.093399 135.160080 123.544022 104.228577 88.279465 53.951015 55.965580 58.246727 57.218678 52.631821 48.752460 48.624653,
 75.371918 75.795341 73.622383 69.162430 63.525993 58.225780 54.274796 91.468750 97.764122 100.958374 99.127014 91.493317 80.486488 70.364685 101.759834 116.676651 129.973099 134.797592 125.381805 106.692322 88.675102 100.908966 121.594833 142.853027 152.960861 142.853027 121.594833 100.908966 88.675102 106.692322 125.381805 134.797592 129.973099 116.676651 101.759834 70.364685 80.486488 91.493317 99.127014 100.958374 97.764122 91.468750 54.274796 58.225780 63.525993 69.162430 73.622383 75.795341 75.371918,
 6.918487 10.184456 12.820470 13.841536 12.792836 10.094090 6.708471 7.833884 11.290799 14.051534 15.072101 13.864738 10.895875 7.239106 8.754617 13.031198 16.610342 17.991844 16.418436 12.636708 8.225848 9.114295 14.107183 18.515512 20.345646 18.515512 14.107183 9.114295 8.225848 12.636708 16.418436 17.991844 16.610342 13.031198 8.754617 7.239106 10.895875 13.864738 15.072101 14.051534 11.290799 7.833884 6.708471 10.094090 12.792836 13.841536 12.820470 10.184456 6.918487,
 1.782089 2.881588 3.947155 4.300941 4.416406 4.101624 2.758988 4.819983 7.250120 9.546885 9.342846 7.691382 6.712377 5.924627 7.692403 11.666485 16.902082 17.639145 13.207761 9.337358 7.896506 8.478073 11.910579 18.601871 22.830942 18.601871 11.910579 8.478073 7.896506 9.337358 13.207761 17.639145 16.902082 11.666485 7.692403 5.924627 6.712377 7.691382 9.342846 9.546885 7.250120 4.819983 2.758988 4.101624 4.416406 4.300941 3.947155 2.881588 1.782089,
 52.003349 56.186943 57.675335 53.428616 42.334034 28.468428 15.816078 76.729698 94.126633 106.815651 106.877197 91.168922 67.612686 45.403378 97.713638 130.107498 158.445648 167.100739 148.022003 113.174240 79.071136 100.613510 140.288177 178.843170 196.343292 178.843170 140.288177 100.613510 79.071136 113.174240 148.022003 167.100739 158.445648 130.107498 97.713638 45.403378 67.612686 91.168922 106.877197 106.815651 94.126633 76.729698 15.816078 28.468428 42.334034 53.428616 57.675335 56.186943 52.003349,
 30.275738 32.027214 30.585417 26.611053 21.225740 15.476182 11.013165 35.347973 41.873032 44.565582 42.211876 34.748184 24.412294 16.185009 35.767838 47.073338 57.620781 61.515720 53.054436 37.080784 23.964060 31.275991 45.773468 63.174507 72.209152 63.174507 45.773468 31.275991 23.964060 37.080784 53.054436 61.515720 57.620781 47.073338 35.767838 16.185009 24.412294 34.748184 42.211876 44.565582 41.873032 35.347973 11.013165 15.476182 21.225740 26.611053 30.585417 32.027214 30.275738,
 0.075987 4.352951 8.052173 9.717942 8.569514 5.133306 0.772246 2.564965 8.236945 13.116890 15.291833 13.729282 9.135892 3.363328 5.323571 12.565053 18.741232 21.364565 19.129992 13.138732 5.853139 6.797203 14.794034 21.581821 24.343697 21.581821 14.794034 6.797203 5.853139 13.138732 19.129992 21.364565 18.741232 12.565053 5.323571 3.363328 9.135892 13.729282 15.291833 13.116890 8.236945 2.564965 0.772246 5.133306 8.569514 9.717942 8.052173 4.352951 0.075987,
 -0.301222 0.318843 -0.356112 -1.244510 -1.660452 -2.566401 -3.930948 1.618884 3.646305 4.082663 2.170601 0.610449 -0.124125 -1.613932 3.264283 5.958589 9.206159 8.359422 4.629445 2.545113 1.420372 3.280389 5.067854 9.333137 12.283779 9.333137 5.067854 3.280389 1.420372 2.545113 4.629445 8.359422 9.206159 5.958589 3.264283 -1.613932 -0.124125 0.610449 2.170601 4.082663 3.646305 1.618884 -3.930948 -2.566401 -1.660452 -1.244510 -0.356112 0.318843 -0.301222,
 -10.620268 -9.966024 -9.630329 -11.135975 -14.207380 -16.605844 -16.713518 3.337863 9.827497 16.357288 18.617737 15.004639 8.792437 3.753268 19.210659 30.927595 42.878281 48.201691 43.121010 32.115387 21.580250 27.354002 40.833450 54.674923 61.007729 54.674923 40.833450 27.354002 21.580250 32.115387 43.121010 48.201691 42.878281 30.927595 19.210659 3.753268 8.792437 15.004639 18.617737 16.357288 9.827497 3.337863 -16.713518 -16.605844 -14.207380 -11.135975 -9.630329 -9.966024 -10.620268,
 -8.321768 -6.466146 -5.044975 -4.346862 -2.867213 -0.069281 2.655292 -2.039747 0.541014 3.032338 6.976452 11.774582 14.225788 13.013027 6.168114 10.305014 16.894966 24.702000 28.036125 23.779634 17.228191 13.817995 20.893375 30.224060 35.286388 30.224060 20.893375 13.817995 17.228191 23.779634 28.036125 24.702000 16.894966 10.305014 6.168114 13.013027 14.225788 11.774582 6.976452 3.032338 0.541014 -2.039747 2.655292 -0.069281 -2.867213 -4.346862 -5.044975 -6.466146 -8.321768,

Pairwise cross-correlations of the modulus of all oriented sub-bands at the same scale (size QxQ)
 21.770327 12.040800 22.005856 33.595982,
 12.040800 85.132042 147.848648 53.507267,
 22.005856 147.848648 548.514404 286.364471,
 33.595982 53.507267 286.364471 254.773453,
 18.014736 5.321687 8.728147 18.150881,
 5.321687 35.844761 61.232780 17.301134,
 8.728147 61.232780 271.608612 142.450516,
 18.150881 17.301134 142.450516 152.960876,
 20.345648 5.985487 4.371608 10.523222,
 5.985487 22.830946 45.454849 17.117498,
 4.371608 45.454849 196.343307 90.194382,
 10.523222 17.117498 90.194382 72.209160,
 24.343699 7.082841 5.579007 11.266722,
 7.082841 12.283779 16.193666 7.032418,
 5.579007 16.193666 61.007729 34.045624,
 11.266722 7.032418 34.045624 35.286392,

Cross-correlations of the modulus of all oriented sub-bands with all oriented sub-bands at the coarser scale (size QxQ)
 14.458668 4.203447 4.781204 16.943693,
 10.382778 22.557541 36.105587 23.217533,
 23.175257 37.903706 124.284286 97.279610,
 26.301752 11.481731 72.623001 94.459999,
 14.261106 4.507316 3.429072 11.554770,
 4.894909 7.392344 10.474393 6.009801,
 8.305131 18.202772 57.548344 35.211304,
 12.073130 7.466938 30.040358 38.102875,
 17.382652 6.863648 6.700377 9.975853,
 3.218215 3.124275 3.693644 4.013292,
 -2.003147 7.129029 31.569098 18.140537,
 3.469048 2.410643 20.146698 17.523090,

Cross-correlations of the real part of each oriented sub-band with both the real and imaginary part of all phase-doubled oriented sub-bands at the next coarser scale (Q matrices of size 1x2Q, which are computed and stored in a matrix of size Qx2Q)
 -1.907613 -1.529792 -1.788182 -4.632246 1.816035 0.211249 -0.200279 -0.540426,
 -0.564334 -22.158560 -25.542381 -7.137081 0.716976 0.896393 -2.103340 -1.478333,
 -2.619005 -34.498508 -61.695770 -37.082127 0.083044 -0.241273 -13.557971 -12.207238,
 -4.766832 -7.970646 -25.697645 -33.627483 0.784161 -0.964641 -9.498795 -9.707199,
 -0.182614 -0.701805 0.589461 0.077218 -0.451861 0.174233 0.455882 0.370512,
 -0.015323 -12.904420 -19.628710 -6.167291 0.122004 1.588100 3.932436 0.689752,
 -0.223647 -24.039143 -50.069832 -15.771887 -0.155505 3.064057 11.075530 1.918465,
 -0.450143 -6.308495 -14.912032 -3.059798 -0.942496 0.798262 5.607379 2.597186,
 -0.140014 -0.023193 0.026953 -1.260327 0.155417 0.381108 0.857151 0.698189,
 -0.310129 -1.933207 2.434390 -0.450276 -0.037081 2.237717 5.039538 5.217848,
 0.098959 3.471179 9.871238 0.173566 0.242904 3.448576 38.592564 32.502243,
 0.015453 3.151467 4.687688 -0.940835 0.428479 1.502192 28.087328 23.160517,
