Low-band skewness and kurtosis
 -0.445054 2.025453,
 -0.313790 2.138016,
 -0.050355 1.931947,
 0.087637 1.741472,
 0.248149 1.606205,

High-band variance
 1029.416626,

Skewness, kurtosis, variance, mean, maximum and minimum of the reconstructed texture
 -0.607216 1.878027 5769.519531 186.858398 255.000000 0.000000,

Auto-correlations of the low-frequency bands at each scale
 1462.746338 1431.821411 1357.756348 1261.770020 1198.158447 1224.716675 1353.539795 1401.616699 1192.637695 1057.934082 1080.036377 1283.138672 1616.281494 1964.580322 2187.844238 2346.821045 2633.383301 2961.455078 3199.843262 3288.078857 3224.397949 3391.286133 3896.640625 4341.895996 4527.745117 4341.895996 3896.640625 3391.286133 3224.397949 3288.078857 3199.843262 2961.455078 2633.383301 2346.821045 2187.844238 1964.580322 1616.281494 1283.138672 1080.036377 1057.934082 1192.637695 1401.616699 1353.539795 1224.716675 1198.158447 1261.770020 1357.756348 1431.821411 1462.746338,
 1406.255737 1393.506836 1358.714111 1308.294312 1264.904053 1261.872559 1307.454956 1307.259399 1204.546143 1147.207153 1174.349487 1284.970581 1453.257080 1628.533325 1751.774048 1842.508545 2005.313477 2191.738525 2314.022461 2347.061279 2309.344971 2422.354980 2701.700684 2957.271484 3067.868652 2957.271484 2701.700684 2422.354980 2309.344971 2347.061279 2314.022461 2191.738525 2005.313477 1842.508545 1751.774048 1628.533325 1453.257080 1284.970581 1174.349487 1147.207153 1204.546143 1307.259399 1307.454956 1261.872559 1264.904053 1308.294312 1358.714111 1393.506836 1406.255737,
 1179.273071 1191.984741 1207.296997 1225.996582 1253.869995 1296.981812 1346.630981 1284.670532 1257.132202 1254.507202 1283.457153 1332.103638 1392.003296 1447.180298 1520.589600 1589.667969 1695.205933 1795.607666 1833.663940 1813.509766 1765.064697 1853.881348 2010.244141 2161.992188 2230.597656 2161.992188 2010.244141 1853.881348 1765.064697 1813.509766 1833.663940 1795.607666 1695.205933 1589.667969 1520.589600 1447.180298 1392.003296 1332.103638 1283.457153 1254.507202 1257.132202 1284.670532 1346.630981 1296.981812 1253.869995 1225.996582 1207.296997 1191.984741 1179.273071,
 489.827087 540.490906 569.835510 577.159668 566.450012 564.454041 592.780701 996.891907 977.908081 977.361694 1013.148254 1071.170532 1138.390015 1189.628052 1314.749390 1343.737671 1434.211426 1540.326172 1590.575439 1574.785278 1513.341919 1511.983521 1636.410889 1775.363892 1841.190308 1775.363892 1636.410889 1511.983521 1513.341919 1574.785278 1590.575439 1540.326172 1434.211426 1343.737671 1314.749390 1189.628052 1138.390015 1071.170532 1013.148254 977.361694 977.908081 996.891907 592.780701 564.454041 566.450012 577.159668 569.835510 540.490906 489.827087,
 -1025.885986 -1106.045288 -1159.680298 -1135.690796 -1039.154663 -947.809448 -922.243103 -97.913063 -142.981583 -121.329575 -36.042664 53.548664 85.735641 51.219185 917.657593 941.427734 1036.029053 1138.765503 1165.738037 1110.563721 1027.539551 1402.503662 1484.968628 1598.480103 1655.387939 1598.480103 1484.968628 1402.503662 1027.539551 1110.563721 1165.738037 1138.765503 1036.029053 941.427734 917.657593 51.219185 85.735641 53.548664 -36.042664 -121.329575 -142.981583 -97.913063 -922.243103 -947.809448 -1039.154663 -1135.690796 -1159.680298 -1106.045288 -1025.885986,

Auto-correlations of the modulus of each oriented sub-band
 6.885556 8.471646 10.000966 10.854465 10.649821 9.606080 8.317672 7.774336 9.604533 11.211327 12.079252 11.875601 10.653628 8.966501 9.638342 12.713522 15.114076 15.652909 14.331817 12.053757 9.638824 10.268688 14.088442 18.055080 19.872087 18.055080 14.088442 10.268688 9.638824 12.053757 14.331817 15.652909 15.114076 12.713522 9.638342 8.966501 10.653628 11.875601 12.079252 11.211327 9.604533 7.774336 8.317672 9.606080 10.649821 10.854465 10.000966 8.471646 6.885556,
 116.474754 126.617393 138.375092 148.308502 153.052795 152.136414 147.527374 140.204056 159.996353 181.565384 196.110107 197.671127 188.358871 174.050858 169.526443 200.173950 232.201706 249.663391 242.678421 219.246094 192.360245 190.950012 225.371780 259.728943 275.461121 259.728943 225.371780 190.950012 192.360245 219.246094 242.678421 249.663391 232.201706 200.173950 169.526443 174.050858 188.358871 197.671127 196.110107 181.565384 159.996353 140.204056 147.527374 152.136414 153.052795 148.308502 138.375092 126.617393 116.474754,
 199.344528 214.115845 234.272781 248.121460 246.092667 232.863098 216.962997 257.077667 298.469849 347.754639 374.827118 358.835938 317.010681 275.256561 312.868896 385.226990 469.972076 513.214355 476.817963 397.202942 324.983704 341.055664 427.806519 528.396729 578.547485 528.396729 427.806519 341.055664 324.983704 397.202942 476.817963 513.214355 469.972076 385.226990 312.868896 275.256561 317.010681 358.835938 374.827118 347.754639 298.469849 257.077667 216.962997 232.863098 246.092667 248.121460 234.272781 214.115845 199.344528,
 47.866558 47.477650 47.494297 46.094894 42.183254 37.794933 35.075489 62.037876 64.245346 67.990891 69.555954 63.606640 54.250252 48.094379 72.014221 78.764832 90.475037 98.291893 89.280228 73.100311 62.793766 72.472900 83.240242 101.488625 112.966553 101.488625 83.240242 72.472900 62.793766 73.100311 89.280228 98.291893 90.475037 78.764832 72.014221 48.094379 54.250252 63.606640 69.555954 67.990891 64.245346 62.037876 35.075489 37.794933 42.183254 46.094894 47.494297 47.477650 47.866558,
 4.289861 5.307541 6.155736 6.557081 6.367633 5.699144 4.833426 5.139974 6.635905 7.773987 8.116804 7.599378 6.506182 5.231804 6.549923 9.081965 11.280081 11.874458 10.541460 8.208648 5.989981 6.967248 10.111666 13.444147 14.993928 13.444147 10.111666 6.967248 5.989981 8.208648 10.541460 11.874458 11.280081 9.081965 6.549923 5.231804 6.506182 7.599378 8.116804 7.773987 6.635905 5.139974 4.833426 5.699144 6.367633 6.557081 6.155736 5.307541 4.289861,
 52.941906 58.320545 64.121918 68.037796 68.817719 66.500946 62.169804 61.455276 74.626183 88.678787 96.518600 94.909653 86.359444 75.283768 75.098602 97.065308 120.491669 132.010345 124.487976 105.477493 85.394730 85.486580 110.731033 137.300354 149.799469 137.300354 110.731033 85.486580 85.394730 105.477493 124.487976 132.010345 120.491669 97.065308 75.098602 75.283768 86.359444 94.909653 96.518600 88.678787 74.626183 61.455276 62.169804 66.500946 68.817719 68.037796 64.121918 58.320545 52.941906,
 66.095093 80.944878 96.842636 102.375298 91.833405 73.592354 57.351448 84.651451 119.108864 156.177109 172.418442 153.508743 115.977654 82.242805 111.475632 168.436996 230.491150 259.645325 229.877563 168.310623 112.553101 125.900970 192.976471 267.003113 302.873871 267.003113 192.976471 125.900970 112.553101 168.310623 229.877563 259.645325 230.491150 168.436996 111.475632 82.242805 115.977654 153.508743 172.418442 156.177109 119.108864 84.651451 57.351448 73.592354 91.833405 102.375298 96.842636 80.944878 66.095093,
 14.486389 14.926453 14.964923 14.968348 14.581336 13.439123 11.881733 22.246250 24.047169 25.878317 27.573387 26.714331 22.569874 18.095695 28.202448 32.956490 39.236324 44.305302 41.476391 32.667816 25.114866 29.298666 36.925434 47.193752 53.203972 47.193752 36.925434 29.298666 25.114866 32.667816 41.476391 44.305302 39.236324 32.956490 28.202448 18.095695 22.569874 26.714331 27.573387 25.878317 24.047169 22.246250 11.881733 13.439123 14.581336 14.968348 14.964923 14.926453 14.486389,
 2.058788 3.481095 4.821803 5.362031 4.762955 3.407468 1.997192 2.540630 4.205934 5.677084 6.167063 5.393460 3.837727 2.297175 3.536410 6.051497 8.424726 9.307595 8.136485 5.766224 3.446189 4.291764 7.329496 10.421711 11.819357 10.421711 7.329496 4.291764 3.446189 5.766224 8.136485 9.307595 8.424726 6.051497 3.536410 2.297175 3.837727 5.393460 6.167063 5.677084 4.205934 2.540630 1.997192 3.407468 4.762955 5.362031 4.821803 3.481095 2.058788,
 11.468416 14.828510 16.838791 17.394855 17.103008 16.882370 17.100676 17.600010 24.187840 29.759039 31.507845 29.557932 26.046062 22.807236 24.655348 34.729698 45.209835 49.054096 43.969418 35.253922 27.580370 28.825020 39.593254 52.121876 58.449871 52.121876 39.593254 28.825020 27.580370 35.253922 43.969418 49.054096 45.209835 34.729698 24.655348 22.807236 26.046062 29.557932 31.507845 29.759039 24.187840 17.600010 17.100676 16.882370 17.103008 17.394855 16.838791 14.828510 11.468416,
 29.799433 34.183556 40.231915 44.062172 43.493793 40.389542 37.055275 43.141350 54.976707 69.261673 77.879318 74.974747 63.594299 50.375481 57.023045 78.631050 103.506302 116.957504 108.427689 85.205956 61.366276 64.553871 92.188995 122.054893 136.048477 122.054893 92.188995 64.553871 61.366276 85.205956 108.427689 116.957504 103.506302 78.631050 57.023045 50.375481 63.594299 74.974747 77.879318 69.261673 54.976707 43.141350 37.055275 40.389542 43.493793 44.062172 40.231915 34.183556 29.799433,
 1.352478 3.442191 6.509292 8.459730 8.401785 6.913693 4.327092 5.274485 8.284699 11.669788 13.976568 14.110229 10.903462 6.158171 9.208654 13.582237 18.729649 22.832775 21.632023 15.172087 8.598305 10.284204 16.500252 23.963779 28.073719 23.963779 16.500252 10.284204 8.598305 15.172087 21.632023 22.832775 18.729649 13.582237 9.208654 6.158171 10.903462 14.110229 13.976568 11.669788 8.284699 5.274485 4.327092 6.913693 8.401785 8.459730 6.509292 3.442191 1.352478,
 0.819437 2.884282 4.493358 5.125924 4.540885 3.062315 1.249619 1.080689 3.430768 5.097834 5.619811 4.970798 3.518297 1.724099 1.363263 4.520016 6.966585 7.526905 6.211951 3.981459 1.759873 1.768620 5.050653 8.238453 9.640789 8.238453 5.050653 1.768620 1.759873 3.981459 6.211951 7.526905 6.966585 4.520016 1.363263 1.724099 3.518297 4.970798 5.619811 5.097834 3.430768 1.080689 1.249619 3.062315 4.540885 5.125924 4.493358 2.884282 0.819437,
 -2.467384 -0.147532 2.324877 4.737140 6.674704 7.670974 7.438393 4.733144 8.701724 11.699316 13.200267 13.436583 12.781018 11.284186 10.604783 16.638130 21.492884 22.935421 20.938040 17.351921 13.565248 13.497600 19.448771 25.197773 27.756474 25.197773 19.448771 13.497600 13.565248 17.351921 20.938040 22.935421 21.492884 16.638130 10.604783 11.284186 12.781018 13.436583 13.200267 11.699316 8.701724 4.733144 7.438393 7.670974 6.674704 4.737140 2.324877 -0.147532 -2.467384,
 -4.996325 0.733257 4.930428 5.795888 2.420756 1.825138 3.117806 -3.947314 6.158149 16.708126 18.924717 8.110610 -0.706427 -3.117746 -3.200958 9.724537 27.451591 35.048439 19.536789 2.336250 -5.536479 -4.357855 7.852825 28.772572 43.017475 28.772572 7.852825 -4.357855 -5.536479 2.336250 19.536789 35.048439 27.451591 9.724537 -3.200958 -3.117746 -0.706427 8.110610 18.924717 16.708126 6.158149 -3.947314 3.117806 1.825138 2.420756 5.795888 4.930428 0.733257 -4.996325,
 -2.522180 -0.496322 1.727879 3.231995 3.441727 2.548244 1.277972 -1.325821 0.622950 2.665321 4.105992 4.028738 2.460364 0.717985 -0.934740 1.226715 4.320549 6.893935 6.462698 3.466029 0.613243 -0.310148 2.779502 7.032393 9.321651 7.032393 2.779502 -0.310148 0.613243 3.466029 6.462698 6.893935 4.320549 1.226715 -0.934740 0.717985 2.460364 4.028738 4.105992 2.665321 0.622950 -1.325821 1.277972 2.548244 3.441727 3.231995 1.727879 -0.496322 -2.522180,

Pairwise cross-correlations of the modulus of all oriented sub-bands at the same scale (size QxQ)
 19.872087 31.957451 24.303595 13.398562,
 31.957451 275.461182 294.677582 45.762650,
 24.303595 294.677582 578.547546 164.665817,
 13.398562 45.762650 164.665817 112.966560,
 14.993930 20.706936 16.426268 8.383877,
 20.706936 149.799454 160.124481 29.747475,
 16.426268 160.124481 302.873901 82.300789,
 8.383877 29.747475 82.300789 53.203972,
 11.819358 7.962597 3.138379 5.850192,
 7.962597 58.449871 60.989349 10.942341,
 3.138379 60.989349 136.048492 37.906654,
 5.850192 10.942341 37.906654 28.073723,
 9.640791 3.374977 -3.489297 1.569464,
 3.374977 27.756477 16.232185 -0.989180,
 -3.489297 16.232185 43.017479 4.412427,
 1.569464 -0.989180 4.412427 9.321651,

Cross-correlations of the modulus of all oriented sub-bands with all oriented sub-bands at the coarser scale (size QxQ)
 11.743517 18.664083 12.510889 6.964428,
 20.980179 72.650658 63.843868 14.705226,
 21.074839 69.809441 105.054932 44.755386,
 10.618028 18.361343 39.436337 32.913803,
 8.826555 7.742095 4.572644 5.548125,
 10.672213 27.770388 24.619408 6.877208,
 8.574152 22.463903 39.462879 15.045571,
 5.788146 1.719476 8.139000 11.271448,
 6.881055 6.307434 -1.734922 2.221946,
 2.845972 13.079873 -1.881366 -2.189735,
 1.421113 16.256180 10.042347 -3.539079,
 4.989202 3.806379 -0.272101 2.467884,

Cross-correlations of the real part of each oriented sub-band with both the real and imaginary part of all phase-doubled oriented sub-bands at the next coarser scale (Q matrices of size 1x2Q, which are computed and stored in a matrix of size Qx2Q)
 -1.210016 -0.726242 0.578750 -1.494964 2.200544 0.746195 -0.218896 -0.341570,
 -3.223261 10.758357 15.456514 -5.826338 1.549959 -3.384079 -2.517867 1.833755,
 -1.654954 10.834140 -5.876939 -38.080086 0.468240 -7.058258 9.856100 8.021960,
 -0.432985 -1.031415 -17.769922 -27.910984 0.769960 -0.713139 7.978422 3.558027,
 -0.105070 -1.657726 -0.461739 -0.146122 2.164045 0.770913 0.294513 -0.044006,
 -0.828503 -3.392450 5.899065 1.278203 1.660502 9.826641 2.313695 -1.787746,
 -0.569210 3.913713 17.848827 3.504624 0.378033 11.901241 -1.892387 -3.905836,
 -0.159632 1.687217 5.523591 1.302510 0.587101 1.464786 -1.318073 -0.118477,
 -0.009726 -0.870182 -0.412154 -0.426935 0.633986 -0.127140 -0.293853 -0.251258,
 -0.521538 -5.460931 3.331263 2.201356 -0.060010 -3.954802 -12.049734 -1.612759,
 -0.085003 -2.266924 14.105997 6.759553 -0.123714 -6.819111 -23.861166 -5.457541,
 0.130072 0.634180 5.979264 2.786603 0.197853 -1.370627 -6.344799 -2.808513,
