Low-band skewness and kurtosis
 -0.448755 2.188983,
 -0.345840 2.486414,
 -0.236375 2.557403,
 -0.106245 2.646266,
 0.236897 1.970402,

High-band variance
 1070.538574,

Skewness, kurtosis, variance, mean, maximum and minimum of the reconstructed texture
 -0.595983 1.910307 5521.244629 186.964722 255.000000 3.000000,

Auto-correlations of the low-frequency bands at each scale
 418.301331 386.490143 368.881592 364.267365 379.191040 428.489166 514.118896 604.052490 412.610657 285.277069 270.279053 377.067352 576.359802 805.511475 2161.320801 2242.696045 2344.251953 2432.247070 2456.773438 2414.684814 2327.499023 3355.457031 3753.131348 4081.443848 4214.485840 4081.443848 3753.131348 3355.457031 2327.499023 2414.684814 2456.773438 2432.247070 2344.251953 2242.696045 2161.320801 805.511475 576.359802 377.067352 270.279053 285.277069 412.610657 604.052490 514.118896 428.489166 379.191040 364.267365 368.881592 386.490143 418.301331,
 441.797089 447.834412 440.996185 422.436096 404.690521 404.323669 424.126495 509.528015 398.933563 320.563446 304.563904 355.065582 459.058502 580.885437 1316.674438 1358.913086 1430.686768 1500.438232 1521.703369 1497.421875 1449.886597 2043.018921 2280.389160 2490.728516 2580.147461 2490.728516 2280.389160 2043.018921 1449.886597 1497.421875 1521.703369 1500.438232 1430.686768 1358.913086 1316.674438 580.885437 459.058502 355.065582 304.563904 320.563446 398.933563 509.528015 424.126495 404.323669 404.690521 422.436096 440.996185 447.834412 441.797089,
 293.967529 290.379456 271.108887 240.031189 212.555832 206.479614 224.257263 314.567627 239.842392 180.072937 150.674469 158.093842 205.644089 276.092102 855.397705 885.854675 941.174194 988.285400 990.590454 961.324768 922.571655 1324.654541 1470.446289 1608.895874 1670.749146 1608.895874 1470.446289 1324.654541 922.571655 961.324768 990.590454 988.285400 941.174194 885.854675 855.397705 276.092102 205.644089 158.093842 150.674469 180.072937 239.842392 314.567627 224.257263 206.479614 212.555832 240.031189 271.108887 290.379456 293.967529,
 61.575729 50.594334 30.245546 17.531158 28.076170 55.515224 84.278320 201.788376 184.710464 173.486801 176.862488 196.083908 226.276535 252.453568 564.019348 596.339478 636.281128 658.528687 642.789185 610.200073 581.813416 817.068665 895.005371 980.239990 1021.107300 980.239990 895.005371 817.068665 581.813416 610.200073 642.789185 658.528687 636.281128 596.339478 564.019348 252.453568 226.276535 196.083908 176.862488 173.486801 184.710464 201.788376 84.278320 55.515224 28.076170 17.531158 30.245546 50.594334 61.575729,
 -323.430939 -317.412323 -334.152130 -364.848602 -384.984833 -381.910065 -363.931427 -74.645958 -114.809425 -165.796188 -196.112869 -178.502975 -124.823097 -76.296394 323.900513 326.901489 347.965790 369.447601 376.709869 371.395508 357.923157 568.777466 627.508179 701.594666 737.053162 701.594666 627.508179 568.777466 357.923157 371.395508 376.709869 369.447601 347.965790 326.901489 323.900513 -76.296394 -124.823097 -178.502975 -196.112869 -165.796188 -114.809425 -74.645958 -363.931427 -381.910065 -384.984833 -364.848602 -334.152130 -317.412323 -323.430939,

Auto-correlations of the modulus of each oriented sub-band
 3.942153 5.293256 6.497239 7.077491 6.809385 5.929732 4.897372 4.767038 6.280510 7.564023 8.135944 7.783808 6.735081 5.473297 6.151172 8.325763 10.092667 10.714884 9.960133 8.272094 6.320196 6.700583 9.479838 12.183676 13.378384 12.183676 9.479838 6.700583 6.320196 8.272094 9.960133 10.714884 10.092667 8.325763 6.151172 5.473297 6.735081 7.783808 8.135944 7.564023 6.280510 4.767038 4.897372 5.929732 6.809385 7.077491 6.497239 5.293256 3.942153,
 35.963173 40.478928 45.888020 50.886024 54.248608 56.343796 58.186897 53.988537 65.342552 78.352592 87.301331 88.711143 85.245796 80.717041 77.555244 96.815262 118.722572 130.974091 125.760796 111.281067 97.068947 95.885345 117.010727 140.717667 152.603149 140.717667 117.010727 95.885345 97.068947 111.281067 125.760796 130.974091 118.722572 96.815262 77.555244 80.717041 85.245796 88.711143 87.301331 78.352592 65.342552 53.988537 58.186897 56.343796 54.248608 50.886024 45.888020 40.478928 35.963173,
 141.939346 150.611725 160.032837 165.106781 161.506805 152.058136 141.931442 218.093719 254.751190 290.961578 306.593048 289.155975 251.929474 214.693298 293.599976 366.661469 440.794312 473.711853 438.056396 363.074799 290.540771 325.529419 415.991882 510.348907 554.823792 510.348907 415.991882 325.529419 290.540771 363.074799 438.056396 473.711853 440.794312 366.661469 293.599976 214.693298 251.929474 289.155975 306.593048 290.961578 254.751190 218.093719 141.931442 152.058136 161.506805 165.106781 160.032837 150.611725 141.939346,
 51.553932 50.542793 48.930096 45.734982 40.839481 35.888092 32.483124 72.488708 75.927719 78.495903 77.141289 69.423546 58.293339 48.861237 87.809723 98.766403 110.222763 114.609879 104.544861 86.342865 70.507263 87.106369 104.002724 123.371689 133.256104 123.371689 104.002724 87.106369 70.507263 86.342865 104.544861 114.609879 110.222763 98.766403 87.809723 48.861237 58.293339 69.423546 77.141289 78.495903 75.927719 72.488708 32.483124 35.888092 40.839481 45.734982 48.930096 50.542793 51.553932,
 1.702144 2.819973 3.912921 4.498129 4.270780 3.388198 2.352825 2.397928 3.644281 4.749011 5.267628 4.984821 4.080101 2.969959 3.568034 5.594452 7.401609 8.076704 7.298839 5.630204 3.865296 4.333644 6.913095 9.498241 10.663277 9.498241 6.913095 4.333644 3.865296 5.630204 7.298839 8.076704 7.401609 5.594452 3.568034 2.969959 4.080101 4.984821 5.267628 4.749011 3.644281 2.397928 2.352825 3.388198 4.270780 4.498129 3.912921 2.819973 1.702144,
 8.595014 15.137571 20.177574 21.600468 19.707756 16.376371 13.798581 15.473014 27.639330 38.401806 41.383484 36.914806 30.067083 24.231361 25.157509 42.500381 60.872242 67.325607 58.093876 43.719650 32.128193 32.482548 49.586426 70.361778 81.099380 70.361778 49.586426 32.482548 32.128193 43.719650 58.093876 67.325607 60.872242 42.500381 25.157509 24.231361 30.067083 36.914806 41.383484 38.401806 27.639330 15.473014 13.798581 16.376371 19.707756 21.600468 20.177574 15.137571 8.595014,
 18.122894 33.987419 49.306442 56.260632 51.394241 40.123604 30.619804 51.895973 85.399208 119.475029 134.512817 120.687019 90.669594 63.950432 90.898888 144.700150 201.906403 228.045288 202.657135 148.089401 98.563408 111.497353 173.544678 241.564545 273.745239 241.564545 173.544678 111.497353 98.563408 148.089401 202.657135 228.045288 201.906403 144.700150 90.898888 63.950432 90.669594 120.687019 134.512817 119.475029 85.399208 51.895973 30.619804 40.123604 51.394241 56.260632 49.306442 33.987419 18.122894,
 17.630848 17.035986 16.542110 16.263592 15.636532 13.931749 11.842644 25.765816 27.556990 29.780241 31.810629 30.743059 25.425882 19.435539 32.072563 38.195530 46.196613 52.176849 48.808910 37.813335 27.664284 32.842419 42.950874 55.892551 62.855751 55.892551 42.950874 32.842419 27.664284 37.813335 48.808910 52.176849 46.196613 38.195530 32.072563 19.435539 25.425882 30.743059 31.810629 29.780241 27.556990 25.765816 11.842644 13.931749 15.636532 16.263592 16.542110 17.035986 17.630848,
 1.279649 2.173396 2.837183 3.014472 2.637389 1.884734 1.042371 1.778600 2.821214 3.716069 4.082916 3.729439 2.833340 1.745564 2.943270 4.716444 6.342024 7.009237 6.293636 4.637051 2.794214 3.453573 5.856328 8.182118 9.212160 8.182118 5.856328 3.453573 2.794214 4.637051 6.293636 7.009237 6.342024 4.716444 2.943270 1.745564 2.833340 3.729439 4.082916 3.716069 2.821214 1.778600 1.042371 1.884734 2.637389 3.014472 2.837183 2.173396 1.279649,
 0.167808 6.067433 13.313190 19.757969 23.067669 23.116062 21.413914 6.861369 16.049309 26.095106 32.100239 31.659845 27.573242 23.006165 13.472406 25.234421 38.725204 45.327263 40.276123 30.438778 22.139818 18.867193 30.296007 44.340012 51.707413 44.340012 30.296007 18.867193 22.139818 30.438778 40.276123 45.327263 38.725204 25.234421 13.472406 23.006165 27.573242 31.659845 32.100239 26.095106 16.049309 6.861369 21.413914 23.116062 23.067669 19.757969 13.313190 6.067433 0.167808,
 26.936773 40.131393 56.147278 68.929764 73.559280 70.550262 62.605934 57.868954 80.396103 103.979912 116.949585 112.400368 96.163376 77.683472 87.760986 122.260361 157.188339 173.429565 159.382370 127.311661 95.184204 102.340950 141.951385 182.366043 201.124969 182.366043 141.951385 102.340950 95.184204 127.311661 159.382370 173.429565 157.188339 122.260361 87.760986 77.683472 96.163376 112.400368 116.949585 103.979912 80.396103 57.868954 62.605934 70.550262 73.559280 68.929764 56.147278 40.131393 26.936773,
 4.033634 2.364870 2.463417 4.099731 5.609285 5.370994 3.304863 9.550385 9.584051 11.640779 14.711164 14.990038 10.895082 5.563978 13.920219 17.788517 24.449656 30.078297 27.414450 18.132229 9.939159 14.021849 21.658981 32.296406 38.325104 32.296406 21.658981 14.021849 9.939159 18.132229 27.414450 30.078297 24.449656 17.788517 13.920219 5.563978 10.895082 14.990038 14.711164 11.640779 9.584051 9.550385 3.304863 5.370994 5.609285 4.099731 2.463417 2.364870 4.033634,
 -0.641940 0.331899 1.252186 1.606003 1.146018 0.098880 -0.963609 -0.972129 0.068790 1.281690 2.018346 1.861092 0.954267 -0.149171 -0.143215 1.642539 3.612083 4.681992 4.191529 2.535527 0.690107 0.904276 3.378679 5.884731 7.002078 5.884731 3.378679 0.904276 0.690107 2.535527 4.191529 4.681992 3.612083 1.642539 -0.143215 -0.149171 0.954267 1.861092 2.018346 1.281690 0.068790 -0.972129 -0.963609 0.098880 1.146018 1.606003 1.252186 0.331899 -0.641940,
 -4.639988 -3.637854 -2.757192 -2.581784 -2.990110 -3.296550 -2.056403 -2.758071 0.904966 3.549491 3.095805 1.070271 -0.608752 -0.796411 -1.090561 4.220608 11.375582 12.207909 7.176977 2.162459 -0.182081 -0.265109 4.221893 12.454990 17.584488 12.454990 4.221893 -0.265109 -0.182081 2.162459 7.176977 12.207909 11.375582 4.220608 -1.090561 -0.796411 -0.608752 1.070271 3.095805 3.549491 0.904966 -2.758071 -2.056403 -3.296550 -2.990110 -2.581784 -2.757192 -3.637854 -4.639988,
 -9.120042 -6.725929 -3.892541 -3.115774 -4.616269 -6.507939 -7.957248 1.566010 5.179086 10.969935 13.262989 9.632501 4.364938 1.545358 19.023027 25.499905 36.032814 41.092793 34.814331 24.310627 18.104456 27.200323 35.330757 48.510849 55.665710 48.510849 35.330757 27.200323 18.104456 24.310627 34.814331 41.092793 36.032814 25.499905 19.023027 1.545358 4.364938 9.632501 13.262989 10.969935 5.179086 1.566010 -7.957248 -6.507939 -4.616269 -3.115774 -3.892541 -6.725929 -9.120042,
 -2.101611 -2.941550 -3.030141 -2.130720 -1.378323 -1.602667 -2.278957 1.870282 1.739589 2.275817 3.300447 2.649078 -0.609671 -3.574337 5.844764 7.413017 10.471371 13.219204 10.767139 4.341290 -0.071839 4.954455 8.607865 14.994772 18.858463 14.994772 8.607865 4.954455 -0.071839 4.341290 10.767139 13.219204 10.471371 7.413017 5.844764 -3.574337 -0.609671 2.649078 3.300447 2.275817 1.739589 1.870282 -2.278957 -1.602667 -1.378323 -2.130720 -3.030141 -2.941550 -2.101611,

Pairwise cross-correlations of the modulus of all oriented sub-bands at the same scale (size QxQ)
 13.378384 14.066488 5.663759 7.642847,
 14.066488 152.603165 190.579712 29.514503,
 5.663759 190.579712 554.823914 190.822189,
 7.642847 29.514503 190.822189 133.256119,
 10.663277 8.051500 5.446613 5.672152,
 8.051500 81.099380 97.945374 13.577106,
 5.446613 97.945374 273.745300 83.913353,
 5.672152 13.577106 83.913353 62.855747,
 9.212160 3.481704 -0.001833 2.928458,
 3.481704 51.707413 69.297089 10.058986,
 -0.001833 69.297089 201.125000 55.517746,
 2.928458 10.058986 55.517746 38.325104,
 7.002079 2.806267 -0.897411 2.922982,
 2.806267 17.584490 11.577442 -0.095101,
 -0.897411 11.577442 55.665718 12.793171,
 2.922982 -0.095101 12.793171 18.858463,

Cross-correlations of the modulus of all oriented sub-bands with all oriented sub-bands at the coarser scale (size QxQ)
 8.048122 7.253089 0.462422 5.550550,
 11.179435 31.336523 19.485981 -0.411646,
 11.193239 18.669451 48.987938 19.756659,
 5.905983 -1.318875 14.918204 24.671783,
 6.197032 4.377909 1.730489 3.689860,
 3.870259 7.350065 4.024889 -0.229264,
 2.124732 13.163805 31.717945 8.779104,
 3.202111 9.951973 22.282959 13.029898,
 5.162609 3.830686 -1.593604 1.366331,
 1.919909 -5.309470 2.435432 0.228396,
 1.553870 -12.630795 25.549314 11.001582,
 2.441741 -3.742268 6.079945 8.266877,

Cross-correlations of the real part of each oriented sub-band with both the real and imaginary part of all phase-doubled oriented sub-bands at the next coarser scale (Q matrices of size 1x2Q, which are computed and stored in a matrix of size Qx2Q)
 -1.197712 -3.243999 -1.325621 -1.401506 1.185035 0.275199 -0.215404 -0.590218,
 -3.130059 -38.679688 -43.841946 -11.687409 0.501163 0.855555 -5.301688 -1.583519,
 -2.208797 -54.460026 -106.334137 -48.062038 0.117974 -2.222449 -12.419699 -5.352348,
 -0.709866 -11.275891 -39.903061 -29.025782 0.463633 -1.297108 -4.351927 -4.022408,
 -0.484617 -1.990861 -0.734039 -1.050820 -0.148042 -1.246748 -0.791192 -0.575878,
 -1.604342 -28.865837 -54.337307 -13.190293 -0.852098 -12.346060 -22.823416 -7.122320,
 -0.954901 -48.805298 -136.533234 -49.243233 -0.397556 -18.712364 -62.592907 -23.111443,
 -0.290175 -12.378677 -47.102379 -26.717264 0.140849 -4.872614 -25.776541 -11.847919,
 -0.574037 -1.020815 -0.290262 -1.178699 0.621934 0.283553 -0.152266 -1.019699,
 -0.854799 6.688877 1.753911 -3.335584 0.151051 -2.388102 -17.566517 -6.230026,
 -0.342485 12.077879 -20.412231 -21.372971 -0.126977 -11.586494 -53.662437 -20.318624,
 -0.422075 1.014022 -17.437151 -16.190071 0.167554 -4.908319 -21.470755 -10.252940,
