Low-band skewness and kurtosis
 -0.592632 2.167652,
 -0.448145 2.173813,
 -0.411076 2.103858,
 -0.297778 2.004333,
 -0.190351 1.867332,

High-band variance
 957.989136,

Skewness, kurtosis, variance, mean, maximum and minimum of the reconstructed texture
 -0.695243 1.980854 6031.393555 188.649963 255.000000 0.000000,

Auto-correlations of the low-frequency bands at each scale
 1922.596191 1794.885986 1712.589355 1685.384644 1713.297607 1794.302246 1917.367432 2484.253906 2174.445557 1885.958130 1738.946899 1787.798706 1994.075928 2245.271973 3376.940918 3473.533203 3529.685547 3510.842041 3390.049805 3205.553711 3004.305176 3658.748047 4204.759277 4684.422363 4883.298340 4684.422363 4204.759277 3658.748047 3004.305176 3205.553711 3390.049805 3510.842041 3529.685547 3473.533203 3376.940918 2245.271973 1994.075928 1787.798706 1738.946899 1885.958130 2174.445557 2484.253906 1917.367432 1794.302246 1713.297607 1685.384644 1712.589355 1794.885986 1922.596191,
 1797.702881 1714.259277 1655.264038 1624.470703 1621.177124 1648.252686 1702.225098 2151.075195 1953.052490 1775.524048 1682.884644 1703.963745 1822.634277 1971.864868 2651.403564 2709.956055 2743.565430 2720.662842 2623.831543 2493.738770 2366.444092 2761.599365 3112.582520 3426.973145 3559.523193 3426.973145 3112.582520 2761.599365 2366.444092 2493.738770 2623.831543 2720.662842 2743.565430 2709.956055 2651.403564 1971.864868 1822.634277 1703.963745 1682.884644 1775.524048 1953.052490 2151.075195 1702.225098 1648.252686 1621.177124 1624.470703 1655.264038 1714.259277 1797.702881,
 1405.618774 1335.926880 1283.760498 1268.303589 1288.297852 1328.314087 1369.224243 1801.851196 1668.525513 1537.571289 1461.418701 1461.992920 1529.787964 1620.641479 2228.605469 2264.856445 2275.656006 2237.733154 2142.338135 2034.101074 1951.392944 2273.962402 2490.301025 2697.588379 2788.402832 2697.588379 2490.301025 2273.962402 1951.392944 2034.101074 2142.338135 2237.733154 2275.656006 2264.856445 2228.605469 1620.641479 1529.787964 1461.992920 1461.418701 1537.571289 1668.525513 1801.851196 1369.224243 1328.314087 1288.297852 1268.303589 1283.760498 1335.926880 1405.618774,
 613.293213 591.797729 574.160217 563.449646 563.706482 576.619873 597.790527 1295.653564 1235.492920 1162.656372 1101.972656 1076.388550 1092.524658 1132.312988 1834.687012 1862.057251 1868.713989 1836.032593 1765.763306 1691.383667 1637.343750 1980.285889 2100.077881 2217.968994 2270.112061 2217.968994 2100.077881 1980.285889 1637.343750 1691.383667 1765.763306 1836.032593 1868.713989 1862.057251 1834.687012 1132.312988 1092.524658 1076.388550 1101.972656 1162.656372 1235.492920 1295.653564 597.790527 576.619873 563.706482 563.449646 574.160217 591.797729 613.293213,
 -1228.884521 -1241.106812 -1270.121948 -1298.292114 -1296.871948 -1268.769409 -1241.283936 -63.380440 -59.290203 -75.188324 -109.957840 -136.216171 -130.197418 -102.672951 1253.796997 1298.657104 1328.666016 1312.596558 1256.336670 1208.336792 1198.362671 1813.102783 1872.097900 1947.801392 1984.800049 1947.801392 1872.097900 1813.102783 1198.362671 1208.336792 1256.336670 1312.596558 1328.666016 1298.657104 1253.796997 -102.672951 -130.197418 -136.216171 -109.957840 -75.188324 -59.290203 -63.380440 -1241.283936 -1268.769409 -1296.871948 -1298.292114 -1270.121948 -1241.106812 -1228.884521,

Auto-correlations of the modulus of each oriented sub-band
 6.484845 7.620233 8.616009 9.037506 8.639614 7.630532 6.452680 7.417605 8.863956 9.999689 10.415663 9.965128 8.800014 7.347499 8.572834 10.791717 12.681326 13.503123 12.825174 10.911759 8.555151 8.980032 12.334593 15.949457 17.654091 15.949457 12.334593 8.980032 8.555151 10.911759 12.825174 13.503123 12.681326 10.791717 8.572834 7.347499 8.800014 9.965128 10.415663 9.999689 8.863956 7.417605 6.452680 7.630532 8.639614 9.037506 8.616009 7.620233 6.484845,
 77.296440 83.964912 92.895393 101.920921 108.260307 111.839104 113.391106 95.367188 107.985130 124.045334 136.493622 139.411301 136.311356 131.321014 117.980980 137.257812 160.930359 175.545746 170.225586 155.281067 140.928665 136.013504 156.772263 181.354401 194.509827 181.354401 156.772263 136.013504 140.928665 155.281067 170.225586 175.545746 160.930359 137.257812 117.980980 131.321014 136.311356 139.411301 136.493622 124.045334 107.985130 95.367188 113.391106 111.839104 108.260307 101.920921 92.895393 83.964912 77.296440,
 216.006241 231.005188 244.174469 248.284363 237.943634 219.297333 203.295273 260.234650 295.923859 335.063232 352.187988 327.797974 280.971100 243.086884 297.542297 360.029633 436.040680 473.170166 430.690643 348.829071 284.576965 307.442078 383.544861 480.752228 531.431580 480.752228 383.544861 307.442078 284.576965 348.829071 430.690643 473.170166 436.040680 360.029633 297.542297 243.086884 280.971100 327.797974 352.187988 335.063232 295.923859 260.234650 203.295273 219.297333 237.943634 248.284363 244.174469 231.005188 216.006241,
 136.504227 136.812057 134.170425 127.983322 118.892464 109.383133 100.977097 158.847488 167.075287 171.658890 168.618057 155.877945 138.769135 123.395065 172.396378 191.523621 208.812134 213.917053 198.764282 173.106537 149.502853 168.963287 194.992935 222.211227 235.596207 222.211227 194.992935 168.963287 149.502853 173.106537 198.764282 213.917053 208.812134 191.523621 172.396378 123.395065 138.769135 155.877945 168.618057 171.658890 167.075287 158.847488 100.977097 109.383133 118.892464 127.983322 134.170425 136.812057 136.504227,
 3.958069 4.624715 5.284750 5.627435 5.472023 4.900064 4.183323 4.635801 5.532896 6.289204 6.631804 6.405116 5.662430 4.675997 5.558355 7.314773 9.015776 9.757788 9.004910 7.233582 5.375077 6.017622 8.603774 11.449026 12.803543 11.449026 8.603774 6.017622 5.375077 7.233582 9.004910 9.757788 9.015776 7.314773 5.558355 4.675997 5.662430 6.405116 6.631804 6.289204 5.532896 4.635801 4.183323 4.900064 5.472023 5.627435 5.284750 4.624715 3.958069,
 30.191359 36.845657 43.801414 49.345345 52.429909 53.283638 52.690758 41.927746 52.390831 62.966995 69.474663 70.274048 67.036621 62.054287 54.579453 69.819069 85.509460 93.248505 89.118332 78.384865 66.741798 64.086563 80.391144 97.243111 105.311310 97.243111 80.391144 64.086563 66.741798 78.384865 89.118332 93.248505 85.509460 69.819069 54.579453 62.054287 67.036621 70.274048 69.474663 62.966995 52.390831 41.927746 52.690758 53.283638 52.429909 49.345345 43.801414 36.845657 30.191359,
 83.646912 87.604225 94.278374 95.125656 86.252876 73.795708 67.558197 101.037582 120.192665 145.828003 155.716370 137.225159 106.286247 85.652832 113.698601 153.654129 206.761520 231.287384 200.429886 144.465378 104.311668 115.290916 165.261200 233.464310 269.053040 233.464310 165.261200 115.290916 104.311668 144.465378 200.429886 231.287384 206.761520 153.654129 113.698601 85.652832 106.286247 137.225159 155.716370 145.828003 120.192665 101.037582 67.558197 73.795708 86.252876 95.125656 94.278374 87.604225 83.646912,
 66.951118 65.728416 64.176888 62.291813 59.971794 57.107105 53.700283 80.234520 83.618179 86.565193 87.448395 84.059227 76.505966 68.042732 90.102318 101.241508 112.837921 119.012245 113.019775 98.029915 83.017113 91.612366 108.342728 126.341614 135.123901 126.341614 108.342728 91.612366 83.017113 98.029915 113.019775 119.012245 112.837921 101.241508 90.102318 68.042732 76.505966 84.059227 87.448395 86.565193 83.618179 80.234520 53.700283 57.107105 59.971794 62.291813 64.176888 65.728416 66.951118,
 2.292243 3.207831 3.986688 4.211201 3.791790 2.973594 2.093448 2.428199 3.425285 4.266415 4.597228 4.279730 3.446816 2.457073 3.060499 4.774556 6.471134 7.275158 6.676770 5.078933 3.353065 3.754866 6.135117 8.734521 9.961210 8.734521 6.135117 3.754866 3.353065 5.078933 6.676770 7.275158 6.471134 4.774556 3.060499 2.457073 3.446816 4.279730 4.597228 4.266415 3.425285 2.428199 2.093448 2.973594 3.791790 4.211201 3.986688 3.207831 2.292243,
 10.752319 13.366036 15.880991 17.672626 18.662905 18.549097 17.611435 16.654512 21.692122 26.983025 29.237808 27.782730 24.227133 20.533453 21.803020 29.840601 39.815147 43.856598 38.789192 30.083250 23.183907 24.069626 32.992115 45.051952 51.394684 45.051952 32.992115 24.069626 23.183907 30.083250 38.789192 43.856598 39.815147 29.840601 21.803020 20.533453 24.227133 27.782730 29.237808 26.983025 21.692122 16.654512 17.611435 18.549097 18.662905 17.672626 15.880991 13.366036 10.752319,
 50.339005 54.115479 59.159821 61.802731 58.114517 47.766060 34.923256 66.335167 78.224167 94.530495 102.270172 91.291466 68.953766 49.636803 74.754906 97.956779 131.325363 147.992584 127.963356 90.525871 63.510872 73.325752 103.056442 146.551208 169.906952 146.551208 103.056442 73.325752 63.510872 90.525871 127.963356 147.992584 131.325363 97.956779 74.754906 49.636803 68.953766 91.291466 102.270172 94.530495 78.224167 66.335167 34.923256 47.766060 58.114517 61.802731 59.159821 54.115479 50.339005,
 43.234875 42.149055 40.939270 39.696976 37.069603 32.527298 27.226543 53.433838 57.192730 60.850960 62.591759 59.422951 51.793125 43.062180 61.391308 71.303764 81.421257 86.860611 81.821480 69.241432 56.313633 63.090492 76.955299 91.369682 98.406097 91.369682 76.955299 63.090492 56.313633 69.241432 81.821480 86.860611 81.421257 71.303764 61.391308 43.062180 51.793125 59.422951 62.591759 60.850960 57.192730 53.433838 27.226543 32.527298 37.069603 39.696976 40.939270 42.149055 43.234875,
 0.700841 1.452726 1.913656 1.867633 1.248236 0.214914 -0.822851 0.119821 1.105697 1.921695 2.133954 1.635332 0.664860 -0.379872 0.403997 1.994139 3.503394 4.191005 3.705748 2.420882 0.933504 1.483260 3.519107 5.435641 6.278725 5.435641 3.519107 1.483260 0.933504 2.420882 3.705748 4.191005 3.503394 1.994139 0.403997 -0.379872 0.664860 1.635332 2.133954 1.921695 1.105697 0.119821 -0.822851 0.214914 1.248236 1.867633 1.913656 1.452726 0.700841,
 0.343366 1.912324 2.315862 0.969709 -0.701756 -0.579157 0.938885 1.926188 4.890305 7.174442 6.399274 3.213875 1.222910 1.568736 3.294042 7.476792 12.508469 13.751550 9.341522 4.526663 2.674054 3.597021 7.459630 13.812797 17.588301 13.812797 7.459630 3.597021 2.674054 4.526663 9.341522 13.751550 12.508469 7.476792 3.294042 1.568736 1.222910 3.213875 6.399274 7.174442 4.890305 1.926188 0.938885 -0.579157 -0.701756 0.969709 2.315862 1.912324 0.343366,
 -6.059386 -1.098997 7.659910 11.526384 7.786314 4.198616 7.981928 4.893111 15.752456 31.656126 39.258610 31.572008 19.076878 14.732774 15.000917 32.287506 56.265354 68.151703 55.757481 33.208855 19.494436 20.220760 39.249268 66.715477 81.156456 66.715477 39.249268 20.220760 19.494436 33.208855 55.757481 68.151703 56.265354 32.287506 15.000917 14.732774 19.076878 31.572008 39.258610 31.656126 15.752456 4.893111 7.981928 4.198616 7.786314 11.526384 7.659910 -1.098997 -6.059386,
 0.138145 6.082431 10.160612 11.356614 9.836489 6.751176 3.044957 3.412020 12.943871 21.285116 24.397247 20.456774 12.214357 3.942892 5.681427 18.541574 31.440523 37.049610 30.879622 17.723158 5.350110 6.272696 20.444344 35.593697 42.637718 35.593697 20.444344 6.272696 5.350110 17.723158 30.879622 37.049610 31.440523 18.541574 5.681427 3.942892 12.214357 20.456774 24.397247 21.285116 12.943871 3.412020 3.044957 6.751176 9.836489 11.356614 10.160612 6.082431 0.138145,

Pairwise cross-correlations of the modulus of all oriented sub-bands at the same scale (size QxQ)
 17.654093 22.103670 29.871910 26.947891,
 22.103670 194.509857 199.089569 30.952524,
 29.871910 199.089569 531.431641 249.232712,
 26.947891 30.952524 249.232712 235.596176,
 12.803543 13.336926 15.856745 14.939471,
 13.336926 105.311317 96.109413 8.354925,
 15.856745 96.109413 269.053070 128.263702,
 14.939471 8.354925 128.263702 135.123932,
 9.961212 7.930030 11.383593 10.512896,
 7.930030 51.394688 52.219940 12.076591,
 11.383593 52.219940 169.906967 95.297806,
 10.512896 12.076591 95.297806 98.406097,
 6.278725 1.277339 3.176773 6.693241,
 1.277339 17.588301 17.880692 2.841506,
 3.176773 17.880692 81.156456 44.125034,
 6.693241 2.841506 44.125034 42.637718,

Cross-correlations of the modulus of all oriented sub-bands with all oriented sub-bands at the coarser scale (size QxQ)
 9.653875 11.916521 13.973758 14.437825,
 15.852710 72.406609 58.105110 5.797704,
 27.294979 65.192329 135.235657 85.174446,
 19.751345 8.197088 78.303596 90.730019,
 6.661661 6.397578 9.525254 8.008788,
 10.141023 34.133133 21.970375 0.356366,
 12.895873 27.972101 74.937027 57.210590,
 9.403013 2.196211 53.858067 60.116753,
 4.358765 1.243755 6.866561 7.004931,
 1.955360 10.498802 12.128321 4.034351,
 1.955095 17.123608 50.209557 27.578466,
 3.899916 6.794502 45.330299 33.867172,

Cross-correlations of the real part of each oriented sub-band with both the real and imaginary part of all phase-doubled oriented sub-bands at the next coarser scale (Q matrices of size 1x2Q, which are computed and stored in a matrix of size Qx2Q)
 -1.369418 -4.702384 -3.088259 -3.661863 1.337887 -0.017249 0.464388 0.715876,
 -2.860455 -50.998463 -41.118305 -7.706341 -0.128659 0.910039 1.081129 -0.440018,
 -3.641652 -57.345867 -82.280563 -39.104240 -1.150796 1.614370 1.224740 1.660156,
 -3.104109 -8.903607 -32.744080 -31.819483 -0.348611 0.320328 1.556467 4.593904,
 -0.221645 -1.671476 -0.031862 -1.531378 1.614311 -0.912978 0.431932 0.647730,
 -1.045558 -10.528368 4.804630 1.302482 0.040908 -7.865794 -5.050877 1.087158,
 -2.109945 -5.811615 13.249164 6.555780 -0.974109 -8.935730 6.935343 19.453924,
 -2.070512 0.015453 7.136082 1.093898 0.097636 -1.474238 12.314812 18.877073,
 0.639300 -0.363919 0.098040 -0.392924 1.457629 -0.412690 0.284300 0.880401,
 0.589867 3.828940 10.340245 1.104835 0.707882 -7.300588 -5.201961 1.705349,
 -0.068286 8.598344 26.187851 2.979525 -0.383735 -7.661676 -1.621024 14.365093,
 -0.007469 2.612833 9.012407 0.761630 -0.183272 -0.633722 5.440497 13.145037,
