Low-band skewness and kurtosis
 -0.527864 2.196307,
 -0.351029 2.326407,
 -0.299326 2.196568,
 -0.143988 1.798030,
 -0.081770 1.651496,

High-band variance
 1026.454712,

Skewness, kurtosis, variance, mean, maximum and minimum of the reconstructed texture
 -0.663516 1.957783 5688.353027 189.172363 255.000000 4.000000,

Auto-correlations of the low-frequency bands at each scale
 966.885254 936.254272 920.034790 914.394958 915.733154 932.351440 970.269287 980.346985 837.613037 746.899292 733.985596 801.978638 943.408447 1127.164062 2471.898926 2564.989014 2662.323486 2733.264404 2749.615479 2729.730713 2694.069824 3765.673584 4079.391113 4331.713867 4433.624512 4331.713867 4079.391113 3765.673584 2694.069824 2729.730713 2749.615479 2733.264404 2662.323486 2564.989014 2471.898926 1127.164062 943.408447 801.978638 733.985596 746.899292 837.613037 980.346985 970.269287 932.351440 915.733154 914.394958 920.034790 936.254272 966.885254,
 1143.090332 1131.007812 1119.639160 1107.447632 1093.913330 1088.179688 1097.992188 1023.283752 930.487854 864.091187 843.416870 870.653442 946.015442 1053.505249 1721.887207 1776.214111 1846.312134 1903.853516 1916.480103 1898.997070 1872.530273 2441.820312 2646.081787 2821.396729 2895.579102 2821.396729 2646.081787 2441.820312 1872.530273 1898.997070 1916.480103 1903.853516 1846.312134 1776.214111 1721.887207 1053.505249 946.015442 870.653442 843.416870 864.091187 930.487854 1023.283752 1097.992188 1088.179688 1093.913330 1107.447632 1119.639160 1131.007812 1143.090332,
 1044.837036 1039.059326 1036.516113 1040.276001 1051.763672 1070.365234 1092.223999 1094.456299 1034.682007 1002.455444 1005.223999 1040.745483 1105.933228 1184.791992 1412.564453 1445.244507 1494.731689 1529.710693 1523.585205 1495.328003 1466.510498 1683.964111 1818.076172 1942.520264 1997.563477 1942.520264 1818.076172 1683.964111 1466.510498 1495.328003 1523.585205 1529.710693 1494.731689 1445.244507 1412.564453 1184.791992 1105.933228 1040.745483 1005.223999 1002.455444 1034.682007 1094.456299 1092.223999 1070.365234 1051.763672 1040.276001 1036.516113 1039.059326 1044.837036,
 475.181702 471.518524 472.501068 479.095886 485.523163 487.139801 485.396301 847.048279 831.983521 825.124817 833.864014 853.756531 882.583984 915.309143 1217.551758 1239.558105 1274.531250 1304.639771 1306.051270 1291.571777 1280.642578 1414.129028 1478.007446 1549.831909 1584.910645 1549.831909 1478.007446 1414.129028 1280.642578 1291.571777 1306.051270 1304.639771 1274.531250 1239.558105 1217.551758 915.309143 882.583984 853.756531 833.864014 825.124817 831.983521 847.048279 485.396301 487.139801 485.523163 479.095886 472.501068 471.518524 475.181702,
 -932.844788 -949.105957 -965.171509 -964.483826 -941.480835 -917.199219 -910.906311 -7.304332 -27.679529 -33.473099 -19.207977 7.242696 28.652292 32.394527 903.333984 907.013184 935.692261 965.760925 971.680786 957.781494 939.696411 1295.660156 1325.825806 1372.765137 1397.425293 1372.765137 1325.825806 1295.660156 939.696411 957.781494 971.680786 965.760925 935.692261 907.013184 903.333984 32.394527 28.652292 7.242696 -19.207977 -33.473099 -27.679529 -7.304332 -910.906311 -917.199219 -941.480835 -964.483826 -965.171509 -949.105957 -932.844788,

Auto-correlations of the modulus of each oriented sub-band
 4.373288 5.886934 7.239161 7.843007 7.392387 6.126757 4.625957 5.253744 6.985576 8.472423 9.079081 8.515975 7.079024 5.393909 6.536361 8.915216 10.926095 11.687238 10.819186 8.785337 6.464796 7.097327 10.037926 12.745030 13.891558 12.745030 10.037926 7.097327 6.464796 8.785337 10.819186 11.687238 10.926095 8.915216 6.536361 5.393909 7.079024 8.515975 9.079081 8.472423 6.985576 5.253744 4.625957 6.126757 7.392387 7.843007 7.239161 5.886934 4.373288,
 46.436512 49.691528 53.604385 57.216652 59.806267 61.375961 61.959805 65.613197 74.283104 83.544594 89.242935 89.454948 86.271873 81.985619 88.853157 103.849022 119.734268 127.539909 122.516907 110.829567 99.190788 102.964935 119.764969 137.848145 146.666794 137.848145 119.764969 102.964935 99.190788 110.829567 122.516907 127.539909 119.734268 103.849022 88.853157 81.985619 86.271873 89.454948 89.242935 83.544594 74.283104 65.613197 61.959805 61.375961 59.806267 57.216652 53.604385 49.691528 46.436512,
 154.664307 165.937851 174.142197 176.164185 171.950516 165.162552 158.269745 250.802551 288.904816 322.132507 334.103394 318.477661 286.781830 254.010376 350.828583 421.074432 487.144745 514.081299 483.417755 418.068634 351.373138 394.870026 479.372040 562.154968 599.467529 562.154968 479.372040 394.870026 351.373138 418.068634 483.417755 514.081299 487.144745 421.074432 350.828583 254.010376 286.781830 318.477661 334.103394 322.132507 288.904816 250.802551 158.269745 165.162552 171.950516 176.164185 174.142197 165.937851 154.664307,
 39.100006 38.877529 38.531094 37.094116 33.517551 28.724064 24.968016 59.521652 63.017887 66.706436 67.186920 61.250057 51.264553 42.848160 75.807831 85.377411 96.632935 101.921455 93.786957 77.815918 64.322479 78.130905 92.443161 109.836029 118.792122 109.836029 92.443161 78.130905 64.322479 77.815918 93.786957 101.921455 96.632935 85.377411 75.807831 42.848160 51.264553 61.250057 67.186920 66.706436 63.017887 59.521652 24.968016 28.724064 33.517551 37.094116 38.531094 38.877529 39.100006,
 3.012249 4.160324 5.133778 5.494797 5.073561 4.074486 2.930114 3.550012 4.914372 6.048841 6.467628 6.003033 4.890094 3.594186 4.380014 6.436746 8.273938 9.011386 8.257226 6.458735 4.465755 4.888456 7.472119 9.957429 11.048639 9.957429 7.472119 4.888456 4.465755 6.458735 8.257226 9.011386 8.273938 6.436746 4.380014 3.594186 4.890094 6.003033 6.467628 6.048841 4.914372 3.550012 2.930114 4.074486 5.073561 5.494797 5.133778 4.160324 3.012249,
 22.037096 24.267944 26.841253 28.550720 28.986177 28.598709 27.488501 33.883659 39.998875 46.002407 48.181076 46.019024 42.189075 38.261642 45.967525 56.586342 67.802673 71.893051 65.949020 56.297401 47.991886 51.546463 63.226192 76.810364 83.685616 76.810364 63.226192 51.546463 47.991886 56.297401 65.949020 71.893051 67.802673 56.586342 45.967525 38.261642 42.189075 46.019024 48.181076 46.002407 39.998875 33.883659 27.488501 28.598709 28.986177 28.550720 26.841253 24.267944 22.037096,
 56.453262 62.626476 69.470139 72.890686 69.206863 60.131550 49.997017 99.361862 124.307068 147.599442 156.721451 144.659470 118.865173 91.891541 143.056931 190.493149 235.631378 254.186951 232.480255 185.736679 137.882278 160.807938 218.808472 275.665710 301.200317 275.665710 218.808472 160.807938 137.882278 185.736679 232.480255 254.186951 235.631378 190.493149 143.056931 91.891541 118.865173 144.659470 156.721451 147.599442 124.307068 99.361862 49.997017 60.131550 69.206863 72.890686 69.470139 62.626476 56.453262,
 17.452087 17.259758 17.198034 17.304014 16.854216 15.516974 13.601730 25.442659 27.685499 30.415991 32.831139 32.138256 27.724230 22.115484 32.735405 39.470619 47.661659 53.678223 50.964165 41.164642 31.161446 35.416565 45.962727 58.304573 64.852829 58.304573 45.962727 35.416565 31.161446 41.164642 50.964165 53.678223 47.661659 39.470619 32.735405 22.115484 27.724230 32.138256 32.831139 30.415991 27.685499 25.442659 13.601730 15.516974 16.854216 17.304014 17.198034 17.259758 17.452087,
 2.433966 3.169712 3.818211 4.018552 3.647112 2.901916 2.118641 3.261166 4.188534 4.831698 4.868917 4.247685 3.229774 2.203321 3.935054 5.587143 6.874875 7.189113 6.282842 4.591247 2.849002 3.882190 6.182470 8.348321 9.297947 8.348321 6.182470 3.882190 2.849002 4.591247 6.282842 7.189113 6.874875 5.587143 3.935054 2.203321 3.229774 4.247685 4.868917 4.831698 4.188534 3.261166 2.118641 2.901916 3.647112 4.018552 3.818211 3.169712 2.433966,
 19.257528 20.238834 20.243496 19.602987 18.573025 17.124924 15.412017 22.643848 26.437428 28.702738 28.475780 26.512136 23.945206 20.916012 26.085978 32.807896 38.852196 40.201542 36.355247 30.969746 26.085588 27.929424 34.893620 42.722542 46.627563 42.722542 34.893620 27.929424 26.085588 30.969746 36.355247 40.201542 38.852196 32.807896 26.085978 20.916012 23.945206 26.512136 28.475780 28.702738 26.437428 22.643848 15.412017 17.124924 18.573025 19.602987 20.243496 20.238834 19.257528,
 4.970703 11.223794 20.068977 25.924438 23.405350 17.639015 12.506363 20.929302 36.026665 53.450562 62.887470 55.944901 41.237038 27.635433 38.454811 63.259480 90.815231 104.965034 92.647873 66.616646 42.429482 47.678841 77.094788 109.365669 125.381897 109.365669 77.094788 47.678841 42.429482 66.616646 92.647873 104.965034 90.815231 63.259480 38.454811 27.635433 41.237038 55.944901 62.887470 53.450562 36.026665 20.929302 12.506363 17.639015 23.405350 25.924438 20.068977 11.223794 4.970703,
 1.646391 3.553286 6.013975 8.615163 10.118580 9.427446 7.357982 6.459332 9.555720 13.724379 17.915892 19.171934 16.405127 12.341348 11.928282 16.984915 23.999393 29.771114 28.975178 22.530916 16.081059 15.874401 22.682842 31.339928 35.890316 31.339928 22.682842 15.874401 16.081059 22.530916 28.975178 29.771114 23.999393 16.984915 11.928282 12.341348 16.405127 19.171934 17.915892 13.724379 9.555720 6.459332 7.357982 9.427446 10.118580 8.615163 6.013975 3.553286 1.646391,
 -0.224608 0.388763 0.734261 0.697118 0.363241 -0.073941 -0.479380 -0.213646 0.845076 1.698168 1.960143 1.574389 0.860968 0.201264 0.631365 2.473367 4.144546 4.815998 4.165756 2.690109 1.198628 1.520270 3.750335 5.921494 6.862759 5.921494 3.750335 1.520270 1.198628 2.690109 4.165756 4.815998 4.144546 2.473367 0.631365 0.201264 0.860968 1.574389 1.960143 1.698168 0.845076 -0.213646 -0.479380 -0.073941 0.363241 0.697118 0.734261 0.388763 -0.224608,
 0.176029 1.324940 2.325867 2.696251 3.168145 3.741146 3.305891 0.495314 4.062001 8.439001 10.183054 9.385641 8.385066 7.481322 3.235371 8.667859 16.284966 19.862814 16.849968 12.087634 9.057474 7.050302 12.293212 20.300228 24.788733 20.300228 12.293212 7.050302 9.057474 12.087634 16.849968 19.862814 16.284966 8.667859 3.235371 7.481322 8.385066 9.385641 10.183054 8.439001 4.062001 0.495314 3.305891 3.741146 3.168145 2.696251 2.325867 1.324940 0.176029,
 -8.027813 -6.636902 1.385202 8.899135 10.759760 8.058673 4.022865 -5.767626 2.051656 17.703480 29.000187 27.731586 18.747292 9.637272 0.277169 14.733380 36.997700 50.698669 43.967037 26.507969 11.610474 7.751478 25.256838 48.598057 60.750687 48.598057 25.256838 7.751478 11.610474 26.507969 43.967037 50.698669 36.997700 14.733380 0.277169 9.637272 18.747292 27.731586 29.000187 17.703480 2.051656 -5.767626 4.022865 8.058673 10.759760 8.899135 1.385202 -6.636902 -8.027813,
 -0.773890 -0.671111 -0.179439 0.486039 0.969807 0.918005 0.550371 -0.685071 0.351453 2.222817 4.296224 5.109673 4.032544 2.426020 0.707291 2.933048 6.509003 9.708809 9.400325 6.146020 3.241293 2.484954 5.552348 9.992213 12.556101 9.992213 5.552348 2.484954 3.241293 6.146020 9.400325 9.708809 6.509003 2.933048 0.707291 2.426020 4.032544 5.109673 4.296224 2.222817 0.351453 -0.685071 0.550371 0.918005 0.969807 0.486039 -0.179439 -0.671111 -0.773890,

Pairwise cross-correlations of the modulus of all oriented sub-bands at the same scale (size QxQ)
 13.891559 12.344353 8.997539 10.730412,
 12.344353 146.666824 230.333313 55.072132,
 8.997539 230.333313 599.467651 199.870041,
 10.730412 55.072132 199.870041 118.792122,
 11.048638 9.931645 5.884070 6.271481,
 9.931645 83.685623 113.949982 21.216141,
 5.884070 113.949982 301.200348 96.360771,
 6.271481 21.216141 96.360771 64.852844,
 9.297948 8.427019 2.433570 4.506752,
 8.427019 46.627571 45.727631 11.859373,
 2.433570 45.727631 125.381912 40.978294,
 4.506752 11.859373 40.978294 35.890320,
 6.862759 6.375847 7.448890 3.485996,
 6.375847 24.788736 29.729540 10.673004,
 7.448890 29.729540 60.750694 19.116982,
 3.485996 10.673004 19.116982 12.556101,

Cross-correlations of the modulus of all oriented sub-bands with all oriented sub-bands at the coarser scale (size QxQ)
 9.093225 8.048213 1.027971 6.438012,
 10.813145 35.835781 33.574497 7.257493,
 11.844701 49.751186 87.385681 29.637247,
 8.735400 16.556156 34.519894 24.503006,
 6.616148 8.746212 1.702279 5.223146,
 7.433097 19.680630 6.207314 0.058074,
 8.400193 19.501842 25.180027 10.940747,
 5.742776 7.460868 12.196362 14.649832,
 5.091947 7.891181 6.559894 3.973471,
 4.644080 9.964224 6.742126 4.810280,
 3.247725 4.484058 10.489606 6.948638,
 3.256044 6.276545 9.719889 6.592696,

Cross-correlations of the real part of each oriented sub-band with both the real and imaginary part of all phase-doubled oriented sub-bands at the next coarser scale (Q matrices of size 1x2Q, which are computed and stored in a matrix of size Qx2Q)
 -0.904705 -1.660285 -0.900593 -1.505106 1.767440 0.596010 0.181216 -0.426482,
 -1.295321 -33.997753 -55.851875 -18.390223 0.646672 9.394398 5.499053 -0.858651,
 -1.311545 -66.328125 -157.797791 -68.778450 0.065982 8.988148 -4.407701 -7.754681,
 -0.953643 -19.368229 -61.985641 -37.220959 0.800250 -0.376193 -7.888517 -6.207081,
 -1.189489 -2.234251 -0.949685 -0.624097 1.516491 0.811840 0.344962 -0.652975,
 -0.994172 -20.953609 -17.647039 -3.417228 0.649930 6.332955 -0.307031 -0.283676,
 -0.461814 -20.701122 -32.888508 -14.175743 -0.121909 3.663132 -5.987778 0.967945,
 -0.664315 -1.945485 -11.399161 -8.500279 0.473211 -1.035297 -1.593820 -0.412077,
 -0.417839 -0.547511 -0.496834 -0.072581 1.357337 0.356517 0.468880 0.218800,
 -0.518160 -8.933498 1.795998 0.759388 1.005132 5.857434 17.769550 3.753635,
 -0.110519 -6.942001 9.930233 -0.561146 0.206158 13.582719 41.420338 17.319588,
 -0.204269 0.894302 2.013551 -1.430896 0.454800 4.031041 13.872305 10.758817,
