Low-band skewness and kurtosis
 -0.466003 2.145134,
 -0.358988 2.300327,
 -0.237145 2.287100,
 0.045305 1.912678,
 0.122406 1.779168,

High-band variance
 1016.815918,

Skewness, kurtosis, variance, mean, maximum and minimum of the reconstructed texture
 -0.603512 1.922543 5555.170898 187.255188 255.000000 3.000000,

Auto-correlations of the low-frequency bands at each scale
 1089.857056 1022.626404 967.842773 936.889954 934.961914 962.279846 1017.427917 1089.231934 945.406921 837.117920 821.134033 922.323730 1122.295410 1363.961670 2237.640625 2400.838135 2567.645508 2702.042725 2779.532715 2818.392334 2833.313477 3543.084717 3894.703613 4189.404785 4309.628906 4189.404785 3894.703613 3543.084717 2833.313477 2818.392334 2779.532715 2702.042725 2567.645508 2400.838135 2237.640625 1363.961670 1122.295410 922.323730 821.134033 837.117920 945.406921 1089.231934 1017.427917 962.279846 934.961914 936.889954 967.842773 1022.626404 1089.857056,
 978.431213 944.764343 918.024109 898.000916 886.599304 890.642273 917.485535 919.008545 840.614868 785.827515 786.133362 852.675049 974.830933 1120.617920 1593.880859 1688.644531 1797.410889 1894.763916 1957.576660 1993.646973 2010.306641 2410.071777 2614.751465 2791.822754 2865.756836 2791.822754 2614.751465 2410.071777 2010.306641 1993.646973 1957.576660 1894.763916 1797.410889 1688.644531 1593.880859 1120.617920 974.830933 852.675049 786.133362 785.827515 840.614868 919.008545 917.485535 890.642273 886.599304 898.000916 918.024109 944.764343 978.431213,
 1043.162598 1048.318604 1041.996094 1024.591797 999.893677 977.423157 967.955994 1073.014771 1003.172058 940.433411 905.416138 905.157776 938.636292 993.259399 1284.622070 1319.499146 1375.674072 1435.354004 1474.826904 1495.641235 1502.470703 1712.700195 1825.444336 1927.081177 1971.139648 1927.081177 1825.444336 1712.700195 1502.470703 1495.641235 1474.826904 1435.354004 1375.674072 1319.499146 1284.622070 993.259399 938.636292 905.157776 905.416138 940.433411 1003.172058 1073.014771 967.955994 977.423157 999.893677 1024.591797 1041.996094 1048.318604 1043.162598,
 415.623932 418.732635 423.250061 433.335815 449.231262 462.828705 466.705109 812.268188 794.806274 789.296021 801.031494 825.328125 853.197266 876.504395 1170.751953 1191.878296 1218.946045 1240.592041 1244.332031 1235.996216 1225.936035 1365.343140 1427.958618 1485.133545 1510.158203 1485.133545 1427.958618 1365.343140 1225.936035 1235.996216 1244.332031 1240.592041 1218.946045 1191.878296 1170.751953 876.504395 853.197266 825.328125 801.031494 789.296021 794.806274 812.268188 466.705109 462.828705 449.231262 433.335815 423.250061 418.732635 415.623932,
 -867.775757 -869.465820 -883.517639 -898.959290 -906.405823 -904.278442 -894.090210 29.311750 -16.399158 -56.851364 -66.572800 -40.937767 3.358354 41.447655 856.897705 853.778931 872.718201 901.365417 919.925720 919.139893 902.247803 1218.503418 1271.387695 1329.231323 1354.773682 1329.231323 1271.387695 1218.503418 902.247803 919.139893 919.925720 901.365417 872.718201 853.778931 856.897705 41.447655 3.358354 -40.937767 -66.572800 -56.851364 -16.399158 29.311750 -894.090210 -904.278442 -906.405823 -898.959290 -883.517639 -869.465820 -867.775757,

Auto-correlations of the modulus of each oriented sub-band
 4.197519 5.147689 6.033945 6.418457 6.080038 5.231079 4.305468 4.830064 5.801185 6.683735 7.113664 6.845487 5.992965 4.951657 5.783622 7.522182 9.007441 9.578219 8.969063 7.535649 5.901269 6.273200 8.728338 11.277434 12.445946 11.277434 8.728338 6.273200 5.901269 7.535649 8.969063 9.578219 9.007441 7.522182 5.783622 4.951657 5.992965 6.845487 7.113664 6.683735 5.801185 4.830064 4.305468 5.231079 6.080038 6.418457 6.033945 5.147689 4.197519,
 41.861763 47.425652 53.378483 58.341640 61.054104 61.760323 61.436134 65.982002 77.542892 88.907234 95.854965 96.303780 92.317001 86.583183 93.671402 111.972923 130.024963 138.950165 134.091370 121.340523 107.425995 111.023483 130.853333 150.622894 159.892975 150.622894 130.853333 111.023483 107.425995 121.340523 134.091370 138.950165 130.024963 111.972923 93.671402 86.583183 92.317001 96.303780 95.854965 88.907234 77.542892 65.982002 61.436134 61.760323 61.054104 58.341640 53.378483 47.425652 41.861763,
 139.355804 155.194687 168.807953 173.332520 167.454620 156.991653 147.537903 212.089157 251.250900 289.527679 305.520355 289.404633 255.655777 223.012192 293.381134 362.329559 432.908142 464.515167 433.133118 366.037262 301.473724 333.457031 415.686615 501.882690 542.433960 501.882690 415.686615 333.457031 301.473724 366.037262 433.133118 464.515167 432.908142 362.329559 293.381134 223.012192 255.655777 289.404633 305.520355 289.527679 251.250900 212.089157 147.537903 156.991653 167.454620 173.332520 168.807953 155.194687 139.355804,
 49.991173 51.254089 51.784836 50.619179 47.046387 42.296005 38.198067 63.680744 69.401215 75.167679 77.194443 71.465240 60.908234 51.671337 74.934158 87.191849 101.888931 109.794632 100.862381 82.579819 67.391586 76.975143 93.769379 114.877846 126.215096 114.877846 93.769379 76.975143 67.391586 82.579819 100.862381 109.794632 101.888931 87.191849 74.934158 51.671337 60.908234 71.465240 77.194443 75.167679 69.401215 63.680744 38.198067 42.296005 47.046387 50.619179 51.784836 51.254089 49.991173,
 2.250393 2.673496 3.057445 3.200196 3.025416 2.620519 2.178350 2.573237 3.045252 3.425767 3.558619 3.411196 3.028918 2.559952 2.994170 3.914573 4.825297 5.222652 4.838407 3.946469 3.024632 3.259464 4.658830 6.251045 7.035938 6.251045 4.658830 3.259464 3.024632 3.946469 4.838407 5.222652 4.825297 3.914573 2.994170 2.559952 3.028918 3.411196 3.558619 3.425767 3.045252 2.573237 2.178350 2.620519 3.025416 3.200196 3.057445 2.673496 2.250393,
 19.751366 21.344110 23.296368 25.205254 26.800457 28.104002 28.842823 30.297016 36.931961 43.893940 48.202873 48.834400 47.187912 44.235348 45.030525 57.921124 71.606361 78.417999 74.750725 65.616264 55.927483 56.177296 70.802307 86.442551 94.020630 86.442551 70.802307 56.177296 55.927483 65.616264 74.750725 78.417999 71.606361 57.921124 45.030525 44.235348 47.187912 48.834400 48.202873 43.893940 36.931961 30.297016 28.842823 28.104002 26.800457 25.205254 23.296368 21.344110 19.751366,
 52.454910 56.751431 61.895851 66.333008 66.539330 63.776760 61.195801 100.477737 123.404388 147.604126 161.854172 156.037811 136.841949 117.087540 157.807648 203.550690 252.245316 277.762268 259.922180 215.826202 172.481415 190.186142 246.385132 306.148315 334.921265 306.148315 246.385132 190.186142 172.481415 215.826202 259.922180 277.762268 252.245316 203.550690 157.807648 117.087540 136.841949 156.037811 161.854172 147.604126 123.404388 100.477737 61.195801 63.776760 66.539330 66.333008 61.895851 56.751431 52.454910,
 22.733315 23.920177 24.056114 23.435650 22.193077 20.850277 20.267937 29.212875 33.360153 37.064079 38.777481 36.324539 30.867022 26.431614 34.540039 42.560242 52.306793 58.057152 52.993362 41.537392 32.607910 35.960991 46.343910 60.252419 67.883888 60.252419 46.343910 35.960991 32.607910 41.537392 52.993362 58.057152 52.306793 42.560242 34.540039 26.431614 30.867022 36.324539 38.777481 37.064079 33.360153 29.212875 20.267937 20.850277 22.193077 23.435650 24.056114 23.920177 22.733315,
 0.734595 1.057181 1.340340 1.442438 1.306494 1.025272 0.743847 0.975153 1.365474 1.730459 1.878161 1.711609 1.346608 0.990500 1.323761 2.061112 2.854679 3.219268 2.897147 2.175560 1.509744 1.694537 2.698060 3.869321 4.435575 3.869321 2.698060 1.694537 1.509744 2.175560 2.897147 3.219268 2.854679 2.061112 1.323761 0.990500 1.346608 1.711609 1.878161 1.730459 1.365474 0.975153 0.743847 1.025272 1.306494 1.442438 1.340340 1.057181 0.734595,
 1.090941 5.772762 10.303829 13.396791 14.788866 14.714479 13.236757 7.655899 16.294720 24.140135 27.883167 27.290529 24.044067 19.157255 16.281570 28.280590 39.889389 44.512592 40.264938 32.121063 23.400478 22.642971 34.545269 46.889877 52.896652 46.889877 34.545269 22.642971 23.400478 32.121063 40.264938 44.512592 39.889389 28.280590 16.281570 19.157255 24.044067 27.290529 27.883167 24.140135 16.294720 7.655899 13.236757 14.714479 14.788866 13.396791 10.303829 5.772762 1.090941,
 -12.469744 1.366058 20.627817 39.345005 51.505844 54.628357 49.346565 12.905088 38.113567 66.781204 87.944359 93.390915 84.055191 66.637039 48.286354 83.729248 120.620590 142.183136 137.186539 111.996826 80.966530 76.385574 115.205536 152.215607 168.506348 152.215607 115.205536 76.385574 80.966530 111.996826 137.186539 142.183136 120.620590 83.729248 48.286354 66.637039 84.055191 93.390915 87.944359 66.781204 38.113567 12.905088 49.346565 54.628357 51.505844 39.345005 20.627817 1.366058 -12.469744,
 4.586152 5.341637 6.750828 8.099880 8.582320 7.800504 6.618740 6.688896 8.703255 12.134055 15.384008 15.488477 12.185814 8.706374 9.148537 13.449393 20.253466 25.737799 23.709795 16.516703 10.754951 11.009758 17.115126 26.154762 31.397923 26.154762 17.115126 11.009758 10.754951 16.516703 23.709795 25.737799 20.253466 13.449393 9.148537 8.706374 12.185814 15.488477 15.384008 12.134055 8.703255 6.688896 6.618740 7.800504 8.582320 8.099880 6.750828 5.341637 4.586152,
 -0.132495 0.186363 0.455660 0.500869 0.340211 0.156655 0.077980 -0.059685 0.106136 0.285634 0.341262 0.254737 0.139326 0.080640 0.182982 0.545442 0.950084 1.070895 0.800497 0.376935 0.075297 0.261978 0.831261 1.564504 1.926512 1.564504 0.831261 0.261978 0.075297 0.376935 0.800497 1.070895 0.950084 0.545442 0.182982 0.080640 0.139326 0.254737 0.341262 0.285634 0.106136 -0.059685 0.077980 0.156655 0.340211 0.500869 0.455660 0.186363 -0.132495,
 0.638560 0.152840 -1.239153 -2.448105 -2.576483 -2.253728 -1.854139 3.965489 5.026949 4.629093 2.576214 0.680456 -0.044730 -0.212012 6.546808 9.211838 11.313353 10.563309 7.436579 4.820715 3.280913 6.402061 9.222727 12.863332 14.942531 12.863332 9.222727 6.402061 3.280913 4.820715 7.436579 10.563309 11.313353 9.211838 6.546808 -0.212012 -0.044730 0.680456 2.576214 4.629093 5.026949 3.965489 -1.854139 -2.253728 -2.576483 -2.448105 -1.239153 0.152840 0.638560,
 -8.309464 -4.856540 0.279007 4.022823 2.756284 -2.566788 -7.950112 -0.771624 6.027488 14.518482 19.302782 15.512882 5.826405 -3.801367 6.963499 18.320337 31.134064 37.575478 31.371132 17.431440 3.932544 9.188363 23.572735 39.002167 46.396690 39.002167 23.572735 9.188363 3.932544 17.431440 31.371132 37.575478 31.134064 18.320337 6.963499 -3.801367 5.826405 15.512882 19.302782 14.518482 6.027488 -0.771624 -7.950112 -2.566788 2.756284 4.022823 0.279007 -4.856540 -8.309464,
 -0.975976 -0.645906 -0.042818 0.775437 1.490663 1.582107 1.228941 1.687688 2.436370 3.701834 5.224961 5.777460 5.039707 3.878225 4.733728 6.467958 8.947849 11.114629 10.798027 8.623137 6.378024 6.769575 9.336258 12.451990 14.185463 12.451990 9.336258 6.769575 6.378024 8.623137 10.798027 11.114629 8.947849 6.467958 4.733728 3.878225 5.039707 5.777460 5.224961 3.701834 2.436370 1.687688 1.228941 1.582107 1.490663 0.775437 -0.042818 -0.645906 -0.975976,

Pairwise cross-correlations of the modulus of all oriented sub-bands at the same scale (size QxQ)
 12.445947 15.241776 11.818519 13.960196,
 15.241776 159.893005 221.085663 46.445175,
 11.818519 221.085663 542.434021 174.549454,
 13.960196 46.445175 174.549454 126.215126,
 7.035938 8.437730 12.130405 8.597360,
 8.437730 94.020645 138.936172 26.693043,
 12.130405 138.936172 334.921295 98.850945,
 8.597360 26.693043 98.850945 67.883896,
 4.435575 3.892347 7.019531 4.357570,
 3.892347 52.896664 73.693359 12.437382,
 7.019531 73.693359 168.506348 49.526634,
 4.357570 12.437382 49.526634 31.397926,
 1.926512 1.012758 -1.160843 0.990380,
 1.012758 14.942532 16.841349 5.165249,
 -1.160843 16.841349 46.396694 15.531470,
 0.990380 5.165249 15.531470 14.185463,

Cross-correlations of the modulus of all oriented sub-bands with all oriented sub-bands at the coarser scale (size QxQ)
 5.884695 7.345301 5.444407 7.977566,
 11.100608 31.394453 33.002548 15.336420,
 15.043721 35.866253 77.859970 37.565418,
 10.655139 11.758712 29.816818 29.709295,
 3.081905 2.961586 5.334966 3.810832,
 5.471480 21.054226 29.087112 4.596044,
 8.923866 30.846333 53.673691 11.867464,
 6.111730 10.136398 24.761877 14.312901,
 1.673498 0.875898 -0.876442 1.763211,
 0.781062 4.461165 7.658321 7.239972,
 2.677784 9.000388 19.672010 15.135601,
 2.486170 5.474594 8.187976 8.908536,

Cross-correlations of the real part of each oriented sub-band with both the real and imaginary part of all phase-doubled oriented sub-bands at the next coarser scale (Q matrices of size 1x2Q, which are computed and stored in a matrix of size Qx2Q)
 -1.110301 -1.851057 -1.097137 -2.437501 0.434455 0.100052 -0.085269 0.034979,
 -1.809374 -30.884535 -33.752464 -11.613763 0.125119 -12.599650 -21.429867 -1.734519,
 -2.268399 -45.308544 -85.643738 -45.337112 -0.028843 -23.306578 -31.885902 2.278314,
 -1.801087 -9.450790 -32.343807 -28.874868 0.125681 -4.736948 -2.901965 4.312279,
 0.481839 -0.346387 0.267195 -0.320881 -0.397540 -0.023503 -0.047943 0.083429,
 -0.058441 -2.262527 1.394228 -0.146485 -0.314488 -8.278435 -30.510134 -8.543401,
 -0.373829 -4.209563 -3.616250 -1.919313 0.039409 -21.133162 -79.036110 -19.927416,
 0.002938 -1.455525 -2.517694 -1.755796 -0.073948 -6.933835 -25.661837 -4.456576,
 0.291300 0.077847 0.154826 -0.362638 -0.869539 -0.134864 0.087429 0.355547,
 -0.173017 -0.934572 -2.729467 -1.587801 -0.718391 -0.299072 -3.381773 -1.390106,
 -0.316072 -4.070059 -10.020872 -6.306677 -0.057816 -2.245045 -5.368304 -1.073668,
 0.116006 -1.325438 -4.625736 -4.290874 -0.177647 -0.864624 0.407207 1.907159,
