Low-band skewness and kurtosis
 -0.573993 2.115942,
 -0.440786 2.110728,
 -0.258536 1.908424,
 -0.184275 1.925021,
 -0.125468 1.748924,

High-band variance
 932.743896,

Skewness, kurtosis, variance, mean, maximum and minimum of the reconstructed texture
 -0.689297 1.979757 6039.362305 188.341980 255.000000 2.000000,

Auto-correlations of the low-frequency bands at each scale
 2010.750488 1813.348389 1729.555298 1748.151367 1824.442261 1921.835693 2024.183594 2699.926025 2345.614502 2006.715088 1835.214844 1889.147461 2113.941650 2382.826904 3472.033203 3643.912109 3683.141846 3582.001465 3381.589600 3182.770020 3050.825684 3620.125488 4192.468750 4706.108398 4920.027344 4706.108398 4192.468750 3620.125488 3050.825684 3182.770020 3381.589600 3582.001465 3683.141846 3643.912109 3472.033203 2382.826904 2113.941650 1889.147461 1835.214844 2006.715088 2345.614502 2699.926025 2024.183594 1921.835693 1824.442261 1748.151367 1729.555298 1813.348389 2010.750488,
 2078.856934 1988.529907 1962.214111 1983.543823 2016.787109 2040.712769 2053.390137 2252.025879 2034.048462 1844.890991 1760.344727 1801.363159 1940.178345 2108.749023 2690.756592 2774.115967 2801.540283 2760.175049 2658.583252 2556.987061 2496.792725 2878.805420 3216.333496 3523.551025 3653.732910 3523.551025 3216.333496 2878.805420 2496.792725 2556.987061 2658.583252 2760.175049 2801.540283 2774.115967 2690.756592 2108.749023 1940.178345 1801.363159 1760.344727 1844.890991 2034.048462 2252.025879 2053.390137 2040.712769 2016.787109 1983.543823 1962.214111 1988.529907 2078.856934,
 1818.833008 1775.370117 1736.378906 1700.643555 1669.637207 1653.442383 1655.854248 2128.605469 2048.541504 1965.147949 1904.018799 1875.139648 1879.965942 1901.133301 2371.501221 2413.642578 2438.342773 2425.075928 2359.070312 2271.176270 2193.922607 2405.429443 2566.439209 2720.991211 2789.299805 2720.991211 2566.439209 2405.429443 2193.922607 2271.176270 2359.070312 2425.075928 2438.342773 2413.642578 2371.501221 1901.133301 1879.965942 1875.139648 1904.018799 1965.147949 2048.541504 2128.605469 1655.854248 1653.442383 1669.637207 1700.643555 1736.378906 1775.370117 1818.833008,
 861.044678 826.210388 794.252625 776.812683 770.802673 766.828918 753.069458 1594.888794 1559.798096 1499.050293 1440.366211 1404.025391 1403.057861 1423.761841 2068.003174 2135.113770 2160.086182 2120.283447 2024.168213 1932.264893 1889.786133 2148.963867 2275.243408 2408.735596 2469.690186 2408.735596 2275.243408 2148.963867 1889.786133 1932.264893 2024.168213 2120.283447 2160.086182 2135.113770 2068.003174 1423.761841 1403.057861 1404.025391 1440.366211 1499.050293 1559.798096 1594.888794 753.069458 766.828918 770.802673 776.812683 794.252625 826.210388 861.044678,
 -1381.616577 -1393.648560 -1467.500610 -1556.166992 -1587.738403 -1549.473022 -1482.662476 43.538078 79.515152 55.162743 -25.778755 -104.459724 -124.766769 -87.064537 1463.724365 1540.060303 1594.503784 1574.045166 1484.734253 1401.484131 1376.555664 2031.630493 2109.240723 2214.720703 2267.374512 2214.720703 2109.240723 2031.630493 1376.555664 1401.484131 1484.734253 1574.045166 1594.503784 1540.060303 1463.724365 -87.064537 -124.766769 -104.459724 -25.778755 55.162743 79.515152 43.538078 -1482.662476 -1549.473022 -1587.738403 -1556.166992 -1467.500610 -1393.648560 -1381.616577,

Auto-correlations of the modulus of each oriented sub-band
 6.948867 7.829397 8.583912 8.840139 8.450998 7.622821 6.729084 7.584749 8.651175 9.412499 9.590372 9.234321 8.435987 7.397519 8.304005 9.946556 11.401539 12.246521 11.916725 10.370914 8.430386 8.671001 11.456185 14.743393 16.381948 14.743393 11.456185 8.671001 8.430386 10.370914 11.916725 12.246521 11.401539 9.946556 8.304005 7.397519 8.435987 9.234321 9.590372 9.412499 8.651175 7.584749 6.729084 7.622821 8.450998 8.840139 8.583912 7.829397 6.948867,
 73.088913 79.444283 87.438004 95.297760 101.113205 104.895699 107.660934 92.253357 103.880562 117.589020 127.823746 130.514526 128.702835 125.392914 114.910378 132.216492 152.258041 164.142517 159.474319 147.505554 135.772186 132.022705 149.926636 170.462204 181.588531 170.462204 149.926636 132.022705 135.772186 147.505554 159.474319 164.142517 152.258041 132.216492 114.910378 125.392914 128.702835 130.514526 127.823746 117.589020 103.880562 92.253357 107.660934 104.895699 101.113205 95.297760 87.438004 79.444283 73.088913,
 239.867844 256.720795 273.753540 280.289185 272.901611 260.854889 251.548599 272.497009 309.106903 353.591400 374.170288 351.474640 310.762848 280.370667 304.457550 363.843109 442.282379 482.467224 440.487091 363.926056 308.112762 318.997131 387.936188 482.626404 534.494324 482.626404 387.936188 318.997131 308.112762 363.926056 440.487091 482.467224 442.282379 363.843109 304.457550 280.370667 310.762848 351.474640 374.170288 353.591400 309.106903 272.497009 251.548599 260.854889 272.901611 280.289185 273.753540 256.720795 239.867844,
 187.676971 185.031082 179.148026 169.952042 158.778275 148.597672 141.067139 212.476074 219.599960 221.570160 214.779984 198.346802 178.339035 161.538086 223.999969 244.963776 262.329773 265.237762 246.627914 216.852875 189.807312 214.880951 244.672714 274.981415 289.372284 274.981415 244.672714 214.880951 189.807312 216.852875 246.627914 265.237762 262.329773 244.963776 223.999969 161.538086 178.339035 198.346802 214.779984 221.570160 219.599960 212.476074 141.067139 148.597672 158.778275 169.952042 179.148026 185.031082 187.676971,
 4.534344 5.458270 6.256841 6.586785 6.329065 5.647644 4.881916 5.183521 6.171915 6.894620 7.067395 6.679915 5.920859 5.078822 5.691650 7.209682 8.659460 9.275085 8.632259 7.124994 5.536034 5.880432 8.103671 10.567759 11.742346 10.567759 8.103671 5.880432 5.536034 7.124994 8.632259 9.275085 8.659460 7.209682 5.691650 5.078822 5.920859 6.679915 7.067395 6.894620 6.171915 5.183521 4.881916 5.647644 6.329065 6.586785 6.256841 5.458270 4.534344,
 55.248550 59.912201 64.230186 66.890564 67.961006 67.736298 66.185280 64.353439 73.328064 82.358841 86.740135 85.823929 82.020126 76.422668 74.446815 88.651314 103.986061 110.623131 104.723610 93.736382 82.517555 81.563087 96.951370 114.123825 122.953201 114.123825 96.951370 81.563087 82.517555 93.736382 104.723610 110.623131 103.986061 88.651314 74.446815 76.422668 82.020126 85.823929 86.740135 82.358841 73.328064 64.353439 66.185280 67.736298 67.961006 66.890564 64.230186 59.912201 55.248550,
 200.020523 211.583176 221.279633 223.612457 214.005768 197.909714 184.310410 218.642273 247.458023 277.029938 289.560211 271.699554 236.544601 205.857391 233.333130 280.900726 335.027710 360.746826 332.031372 274.520355 225.872345 236.785583 293.101013 360.274719 394.009644 360.274719 293.101013 236.785583 225.872345 274.520355 332.031372 360.746826 335.027710 280.900726 233.333130 205.857391 236.544601 271.699554 289.560211 277.029938 247.458023 218.642273 184.310410 197.909714 214.005768 223.612457 221.279633 211.583176 200.020523,
 117.533623 117.610039 115.258209 110.066277 102.365936 94.406517 88.383247 128.266434 134.602554 137.699097 134.861191 124.858521 111.111351 99.125427 131.801437 146.016846 158.839630 162.671753 151.199158 130.965179 112.891556 125.668907 144.958557 165.884521 176.213837 165.884521 144.958557 125.668907 112.891556 130.965179 151.199158 162.671753 158.839630 146.016846 131.801437 99.125427 111.111351 124.858521 134.861191 137.699097 134.602554 128.266434 88.383247 94.406517 102.365936 110.066277 115.258209 117.610039 117.533623,
 2.367731 3.184347 3.922593 4.269645 4.030185 3.308643 2.398144 2.736892 3.616362 4.386211 4.689892 4.319894 3.443935 2.427513 3.430572 4.935714 6.298920 6.834812 6.112885 4.552354 2.932248 3.626066 5.764654 7.947530 8.958893 7.947530 5.764654 3.626066 2.932248 4.552354 6.112885 6.834812 6.298920 4.935714 3.430572 2.427513 3.443935 4.319894 4.689892 4.386211 3.616362 2.736892 2.398144 3.308643 4.030185 4.269645 3.922593 3.184347 2.367731,
 8.544679 10.459702 12.020667 12.560043 12.514993 12.256310 11.868743 11.882763 16.265377 20.398861 21.803270 20.776562 18.856647 16.622040 16.325441 23.440695 31.161144 34.022457 30.391354 24.736628 19.838507 19.618788 26.972374 35.894951 40.611183 35.894951 26.972374 19.618788 19.838507 24.736628 30.391354 34.022457 31.161144 23.440695 16.325441 16.622040 18.856647 20.776562 21.803270 20.398861 16.265377 11.882763 11.868743 12.256310 12.514993 12.560043 12.020667 10.459702 8.544679,
 31.558300 29.049593 25.710667 22.163155 20.166233 20.023691 19.099007 39.063095 42.676022 48.375355 49.840866 44.234768 36.924961 30.697533 42.845665 56.673630 76.546890 86.521240 74.980545 55.358963 40.545959 44.200893 63.416748 90.275436 105.445053 90.275436 63.416748 44.200893 40.545959 55.358963 74.980545 86.521240 76.546890 56.673630 42.845665 30.697533 36.924961 44.234768 49.840866 48.375355 42.676022 39.063095 19.099007 20.023691 20.166233 22.163155 25.710667 29.049593 31.558300,
 19.993319 20.888802 20.620888 19.729286 17.914162 15.171532 12.164343 26.639103 29.450836 30.500784 29.971733 27.352438 22.828499 17.851883 29.603468 36.813133 42.777523 45.065216 41.129086 32.660240 24.056807 28.442348 38.515236 48.567444 53.316139 48.567444 38.515236 28.442348 24.056807 32.660240 41.129086 45.065216 42.777523 36.813133 29.603468 17.851883 22.828499 27.352438 29.971733 30.500784 29.450836 26.639103 12.164343 15.171532 17.914162 19.729286 20.620888 20.888802 19.993319,
 1.169655 2.253099 3.081890 3.271679 2.704327 1.625549 0.443651 0.799163 1.951591 3.110494 3.754436 3.441419 2.237036 0.694624 0.665290 2.493048 4.481412 5.664340 5.204715 3.308704 0.971381 1.077098 3.727492 6.416876 7.622731 6.416876 3.727492 1.077098 0.971381 3.308704 5.204715 5.664340 4.481412 2.493048 0.665290 0.694624 2.237036 3.441419 3.754436 3.110494 1.951591 0.799163 0.443651 1.625549 2.704327 3.271679 3.081890 2.253099 1.169655,
 -2.376441 -1.205503 0.233176 1.040594 0.939542 0.124885 -0.711577 0.328589 1.940543 3.663840 4.051529 3.094864 1.714700 0.397229 2.588490 5.122958 8.085690 8.783845 6.519176 3.859807 2.038915 3.012955 5.579573 9.346754 11.536623 9.346754 5.579573 3.012955 2.038915 3.859807 6.519176 8.783845 8.085690 5.122958 2.588490 0.397229 1.714700 3.094864 4.051529 3.663840 1.940543 0.328589 -0.711577 0.124885 0.939542 1.040594 0.233176 -1.205503 -2.376441,
 0.717448 -1.315286 -3.972178 -2.449154 2.112558 4.073016 1.784574 7.011157 7.610179 11.280993 18.119923 20.322765 15.203849 9.525805 13.300253 17.690884 28.911890 39.500340 35.610615 22.922195 15.225367 16.703514 24.007196 39.388889 49.211624 39.388889 24.007196 16.703514 15.225367 22.922195 35.610615 39.500340 28.911890 17.690884 13.300253 9.525805 15.203849 20.322765 18.119923 11.280993 7.610179 7.011157 1.784574 4.073016 2.112558 -2.449154 -3.972178 -1.315286 0.717448,
 7.666355 8.389317 9.057640 9.405376 8.124210 4.559410 0.415042 13.309322 16.054228 19.008917 20.625059 18.471468 12.660718 6.344744 16.833780 22.514824 28.745855 32.077213 29.069899 21.262569 13.201963 17.168129 25.290867 33.789200 37.730061 33.789200 25.290867 17.168129 13.201963 21.262569 29.069899 32.077213 28.745855 22.514824 16.833780 6.344744 12.660718 18.471468 20.625059 19.008917 16.054228 13.309322 0.415042 4.559410 8.124210 9.405376 9.057640 8.389317 7.666355,

Pairwise cross-correlations of the modulus of all oriented sub-bands at the same scale (size QxQ)
 16.381948 21.517334 37.055283 33.672768,
 21.517334 181.588547 200.599304 33.696503,
 37.055283 200.599304 534.494324 270.770111,
 33.672768 33.696503 270.770111 289.372284,
 11.742346 11.422232 23.312094 16.266172,
 11.422232 122.953217 148.085770 13.518567,
 23.312094 148.085770 394.009705 175.028534,
 16.266172 13.518567 175.028534 176.213867,
 8.958895 6.451951 6.096067 5.546578,
 6.451951 40.611191 36.055641 2.937208,
 6.096067 36.055641 105.445061 46.466324,
 5.546578 2.937208 46.466324 53.316147,
 7.622730 2.546030 -2.583920 -0.067352,
 2.546030 11.536624 9.336267 1.448760,
 -2.583920 9.336267 49.211632 27.843040,
 -0.067352 1.448760 27.843040 37.730061,

Cross-correlations of the modulus of all oriented sub-bands with all oriented sub-bands at the coarser scale (size QxQ)
 8.517624 10.874763 21.928654 15.481207,
 15.461684 80.365959 90.233635 14.483267,
 31.718012 91.037033 199.041107 109.513031,
 23.845825 10.494737 104.484360 112.946991,
 6.265226 5.844941 8.381159 7.359185,
 6.983263 40.559273 37.758991 3.988609,
 17.433971 50.081219 79.328720 44.252228,
 9.550370 7.087205 44.074959 47.532196,
 5.573758 2.417516 -0.884820 1.854445,
 4.740034 4.755163 0.102354 -0.036635,
 3.628954 5.518136 22.679855 13.239552,
 2.722218 0.511086 16.564951 11.660262,

Cross-correlations of the real part of each oriented sub-band with both the real and imaginary part of all phase-doubled oriented sub-bands at the next coarser scale (Q matrices of size 1x2Q, which are computed and stored in a matrix of size Qx2Q)
 -1.142859 -4.208922 -3.999832 -3.188990 0.768476 0.080957 0.877600 0.878203,
 -3.578199 -45.652802 -41.266514 -5.438388 0.427336 -1.350741 -2.036308 2.243336,
 -5.079527 -49.504311 -62.858303 -32.081886 -0.261636 -3.085708 12.622682 17.997274,
 -3.508215 -5.877644 -21.350885 -30.345692 -0.102024 -0.917546 15.045877 14.922679,
 0.290325 -1.593248 -0.968767 -1.047700 -0.222161 0.073640 -0.237196 -0.767554,
 -0.710820 -10.977994 2.130689 0.235848 -0.003057 -0.373037 4.342254 0.955607,
 -0.893644 -7.299554 4.317847 -7.386413 0.707196 -0.529447 13.082215 -1.028214,
 -0.423147 0.109116 -3.515189 -9.075525 0.651139 0.096718 4.244852 -4.461459,
 -1.791063 -1.039209 0.648046 0.234789 -2.066090 -0.076407 0.070482 1.871195,
 -0.688717 -1.048741 4.805747 0.524580 -0.914643 2.334646 -6.080763 -0.603745,
 0.443236 1.293152 9.739372 8.064615 -0.672568 0.130736 -16.869196 -0.575350,
 -0.154209 0.088730 4.895097 8.852841 -1.267868 -0.932746 -6.446992 3.284935,
