Low-band skewness and kurtosis
 -0.562608 2.130760,
 -0.496883 2.207866,
 -0.346221 1.968865,
 -0.261638 1.642255,
 -0.257100 1.566920,

High-band variance
 932.056274,

Skewness, kurtosis, variance, mean, maximum and minimum of the reconstructed texture
 -0.683729 1.962401 5929.447754 189.108215 255.000000 2.000000,

Auto-correlations of the low-frequency bands at each scale
 1644.451904 1581.810669 1532.863037 1504.982178 1498.322754 1518.299438 1570.964844 1666.760132 1529.085449 1432.444092 1424.752197 1527.089111 1727.738037 1974.372681 2833.805420 2993.690430 3156.542236 3281.661865 3344.705322 3368.548828 3367.538330 4018.370605 4380.587891 4680.974609 4803.178223 4680.974609 4380.587891 4018.370605 3367.538330 3368.548828 3344.705322 3281.661865 3156.542236 2993.690430 2833.805420 1974.372681 1727.738037 1527.089111 1424.752197 1432.444092 1529.085449 1666.760132 1570.964844 1518.299438 1498.322754 1504.982178 1532.863037 1581.810669 1644.451904,
 1589.253784 1566.256592 1545.314941 1529.436279 1518.794678 1517.999756 1535.129517 1552.709595 1472.766357 1420.127441 1420.574463 1480.937012 1595.081299 1737.067749 2167.685303 2262.514893 2377.261230 2476.424805 2529.553223 2550.614014 2554.669189 2908.058838 3131.636230 3326.981934 3409.313721 3326.981934 3131.636230 2908.058838 2554.669189 2550.614014 2529.553223 2476.424805 2377.261230 2262.514893 2167.685303 1737.067749 1595.081299 1480.937012 1420.574463 1420.127441 1472.766357 1552.709595 1535.129517 1517.999756 1518.794678 1529.436279 1545.314941 1566.256592 1589.253784,
 1567.719971 1525.539551 1485.981567 1457.984497 1445.581177 1449.833252 1470.050537 1541.713013 1491.745850 1457.211548 1457.757202 1498.160522 1573.972168 1669.309448 1846.727661 1904.729126 1979.158325 2044.674927 2074.151123 2081.893799 2085.400146 2250.954346 2378.035156 2498.582031 2552.872559 2498.582031 2378.035156 2250.954346 2085.400146 2081.893799 2074.151123 2044.674927 1979.158325 1904.729126 1846.727661 1669.309448 1573.972168 1498.160522 1457.757202 1457.211548 1491.745850 1541.713013 1470.050537 1449.833252 1445.581177 1457.984497 1485.981567 1525.539551 1567.719971,
 686.210327 686.704407 687.359680 688.069092 688.659119 686.900208 678.568481 1300.511475 1276.557495 1258.183105 1253.719360 1267.485840 1296.698608 1324.637939 1721.239136 1740.899170 1774.439087 1803.727905 1815.039673 1818.364014 1818.605591 1945.487671 1998.729370 2057.822510 2086.062744 2057.822510 1998.729370 1945.487671 1818.605591 1818.364014 1815.039673 1803.727905 1774.439087 1740.899170 1721.239136 1324.637939 1296.698608 1267.485840 1253.719360 1258.183105 1276.557495 1300.511475 678.568481 686.900208 688.659119 688.069092 687.359680 686.704407 686.210327,
 -1323.623169 -1336.540771 -1348.656128 -1343.525024 -1324.925415 -1312.894287 -1314.091675 -41.839687 -53.929314 -52.658203 -32.333527 -13.342199 -12.588537 -22.945461 1306.860474 1306.583984 1325.145508 1350.842651 1356.218750 1340.146973 1323.071655 1895.787109 1910.230835 1937.069580 1952.254028 1937.069580 1910.230835 1895.787109 1323.071655 1340.146973 1356.218750 1350.842651 1325.145508 1306.583984 1306.860474 -22.945461 -12.588537 -13.342199 -32.333527 -52.658203 -53.929314 -41.839687 -1314.091675 -1312.894287 -1324.925415 -1343.525024 -1348.656128 -1336.540771 -1323.623169,

Auto-correlations of the modulus of each oriented sub-band
 4.849109 5.832448 6.691206 7.022313 6.635625 5.726228 4.693210 5.645615 6.811175 7.775773 8.181723 7.808689 6.742929 5.426038 6.586746 8.447321 10.013679 10.586496 9.903901 8.342400 6.538278 6.985191 9.439054 11.903061 13.015693 11.903061 9.439054 6.985191 6.538278 8.342400 9.903901 10.586496 10.013679 8.447321 6.586746 5.426038 6.742929 7.808689 8.181723 7.775773 6.811175 5.645615 4.693210 5.726228 6.635625 7.022313 6.691206 5.832448 4.849109,
 57.794952 62.918594 68.814659 74.149452 77.930229 80.210922 81.266144 80.671494 91.568085 103.232788 111.059311 112.651123 109.835785 105.120300 106.138031 123.682297 142.118057 151.907318 147.798813 135.753006 122.670898 123.328514 142.360718 162.099945 171.526138 162.099945 142.360718 123.328514 122.670898 135.753006 147.798813 151.907318 142.118057 123.682297 106.138031 105.120300 109.835785 112.651123 111.059311 103.232788 91.568085 80.671494 81.266144 80.210922 77.930229 74.149452 68.814659 62.918594 57.794952,
 170.563278 185.538513 200.904617 210.338013 210.168655 203.507874 194.567459 248.632355 285.369324 321.320251 338.140198 325.689941 295.353577 263.168671 325.414093 390.820190 456.542755 486.309143 457.779633 394.860535 331.925323 360.047852 438.905212 519.647949 557.267212 519.647949 438.905212 360.047852 331.925323 394.860535 457.779633 486.309143 456.542755 390.820190 325.414093 263.168671 295.353577 325.689941 338.140198 321.320251 285.369324 248.632355 194.567459 203.507874 210.168655 210.338013 200.904617 185.538513 170.563278,
 51.649368 50.722912 49.862217 48.082611 44.798710 40.963017 37.711258 69.626137 72.558571 76.402458 77.427681 71.359413 61.363262 53.307396 83.417725 92.575180 105.272255 112.201256 102.751213 85.249298 72.104080 84.610565 98.558327 118.121490 129.246826 118.121490 98.558327 84.610565 72.104080 85.249298 102.751213 112.201256 105.272255 92.575180 83.417725 53.307396 61.363262 71.359413 77.427681 76.402458 72.558571 69.626137 37.711258 40.963017 44.798710 48.082611 49.862217 50.722912 51.649368,
 3.597854 4.557593 5.422935 5.776357 5.422059 4.558145 3.585536 3.911619 4.963525 5.911260 6.322822 5.970197 5.037318 3.976068 4.935550 6.622246 8.242024 8.931752 8.228484 6.606375 4.932939 5.576066 7.810760 10.155660 11.241183 10.155660 7.810760 5.576066 4.932939 6.606375 8.228484 8.931752 8.242024 6.622246 4.935550 3.976068 5.037318 5.970197 6.322822 5.911260 4.963525 3.911619 3.585536 4.558145 5.422059 5.776357 5.422935 4.557593 3.597854,
 22.814222 24.414951 26.432339 28.540070 30.816341 33.227470 34.968323 36.865303 43.400494 50.056786 53.744682 53.743507 51.513874 47.974899 52.567413 65.650543 79.139511 85.034103 80.123489 69.709320 58.958191 61.533695 76.784088 93.047501 100.889847 93.047501 76.784088 61.533695 58.958191 69.709320 80.123489 85.034103 79.139511 65.650543 52.567413 47.974899 51.513874 53.743507 53.744682 50.056786 43.400494 36.865303 34.968323 33.227470 30.816341 28.540070 26.432339 24.414951 22.814222,
 74.309563 76.799278 82.023682 86.331818 86.088303 82.287910 77.283913 107.790855 129.192551 153.346771 166.646576 159.223236 136.555252 110.586067 143.978836 189.873962 238.126526 261.753479 242.828186 195.432129 145.522629 160.853241 220.235764 280.432068 307.811920 280.432068 220.235764 160.853241 145.522629 195.432129 242.828186 261.753479 238.126526 189.873962 143.978836 110.586067 136.555252 159.223236 166.646576 153.346771 129.192551 107.790855 77.283913 82.287910 86.088303 86.331818 82.023682 76.799278 74.309563,
 22.288330 21.654362 21.263721 20.712040 19.699081 18.152081 16.769989 28.427925 30.354883 33.395954 35.636147 33.536007 27.587358 22.120480 32.498905 39.003796 48.370872 54.714043 49.864967 38.004551 28.364239 32.536858 42.718903 56.661667 64.457893 56.661667 42.718903 32.536858 28.364239 38.004551 49.864967 54.714043 48.370872 39.003796 32.498905 22.120480 27.587358 33.536007 35.636147 33.395954 30.354883 28.427925 16.769989 18.152081 19.699081 20.712040 21.263721 21.654362 22.288330,
 1.428232 1.879308 2.438165 2.973500 3.267833 3.228985 2.948280 1.837876 2.595348 3.433152 4.124074 4.402101 4.175828 3.629645 3.089654 4.617921 6.163801 7.069769 6.878655 5.823994 4.542008 4.474460 6.455986 8.456938 9.376731 8.456938 6.455986 4.474460 4.542008 5.823994 6.878655 7.069769 6.163801 4.617921 3.089654 3.629645 4.175828 4.402101 4.124074 3.433152 2.595348 1.837876 2.948280 3.228985 3.267833 2.973500 2.438165 1.879308 1.428232,
 3.722040 5.811091 7.323154 7.289019 6.782848 6.876431 6.990074 11.445215 16.508507 21.717123 23.328485 21.779711 19.786980 18.125387 21.660309 30.179710 39.864197 43.649590 39.487320 32.771523 27.187302 28.533524 37.493118 48.360172 53.963959 48.360172 37.493118 28.533524 27.187302 32.771523 39.487320 43.649590 39.864197 30.179710 21.660309 18.125387 19.786980 21.779711 23.328485 21.717123 16.508507 11.445215 6.990074 6.876431 6.782848 7.289019 7.323154 5.811091 3.722040,
 20.743919 25.187302 29.396938 31.352715 27.804264 22.634720 19.203335 50.913891 65.508339 79.711082 85.873978 76.569496 59.073235 42.769077 80.413040 109.170464 137.598465 150.122955 134.182663 102.260674 71.158432 88.491463 125.615280 163.275391 181.157822 163.275391 125.615280 88.491463 71.158432 102.260674 134.182663 150.122955 137.598465 109.170464 80.413040 42.769077 59.073235 76.569496 85.873978 79.711082 65.508339 50.913891 19.203335 22.634720 27.804264 31.352715 29.396938 25.187302 20.743919,
 3.836272 6.106636 9.016466 11.430467 11.587105 9.740833 7.383365 7.661814 11.575046 16.633230 20.776207 20.597139 16.398205 11.666674 11.864134 18.054541 26.251209 32.316910 30.236343 22.275469 14.838659 14.786610 22.872993 33.011116 38.458778 33.011116 22.872993 14.786610 14.838659 22.275469 30.236343 32.316910 26.251209 18.054541 11.864134 11.666674 16.398205 20.597139 20.776207 16.633230 11.575046 7.661814 7.383365 9.740833 11.587105 11.430467 9.016466 6.106636 3.836272,
 0.023619 0.452901 0.916164 1.064383 0.787774 0.255055 -0.255086 0.586023 1.110360 1.537920 1.661044 1.389135 0.785639 0.092134 1.042259 1.923637 2.664537 2.853263 2.327464 1.336750 0.342276 0.862335 2.112027 3.405008 3.988023 3.405008 2.112027 0.862335 0.342276 1.336750 2.327464 2.853263 2.664537 1.923637 1.042259 0.092134 0.785639 1.389135 1.661044 1.537920 1.110360 0.586023 -0.255086 0.255055 0.787774 1.064383 0.916164 0.452901 0.023619,
 4.189797 4.665475 4.068106 2.514554 0.280027 -1.711472 -2.418790 4.778706 7.089642 8.271927 7.810177 6.107624 3.829883 1.794196 5.513885 9.732088 13.597475 14.550009 12.346193 8.699701 5.053369 6.033373 10.749412 15.701464 18.051123 15.701464 10.749412 6.033373 5.053369 8.699701 12.346193 14.550009 13.597475 9.732088 5.513885 1.794196 3.829883 6.107624 7.810177 8.271927 7.089642 4.778706 -2.418790 -1.711472 0.280027 2.514554 4.068106 4.665475 4.189797,
 2.380136 3.144307 3.133598 1.965611 -1.545578 -5.561212 -6.438907 -3.142436 1.098516 8.372089 13.065568 9.006487 0.238036 -4.726684 -6.096051 2.728540 17.870884 27.736403 20.906788 5.580811 -3.956324 -5.278820 6.029200 24.835457 35.433113 24.835457 6.029200 -5.278820 -3.956324 5.580811 20.906788 27.736403 17.870884 2.728540 -6.096051 -4.726684 0.238036 9.006487 13.065568 8.372089 1.098516 -3.142436 -6.438907 -5.561212 -1.545578 1.965611 3.133598 3.144307 2.380136,
 1.016863 1.493250 2.052109 1.979351 0.635913 -1.288099 -2.635447 1.823945 3.270674 4.716947 5.086658 3.612254 0.803282 -1.518063 2.165829 4.762621 7.678605 9.392641 7.701932 3.609658 0.254120 1.620345 5.094449 9.444659 11.817518 9.444659 5.094449 1.620345 0.254120 3.609658 7.701932 9.392641 7.678605 4.762621 2.165829 -1.518063 0.803282 3.612254 5.086658 4.716947 3.270674 1.823945 -2.635447 -1.288099 0.635913 1.979351 2.052109 1.493250 1.016863,

Pairwise cross-correlations of the modulus of all oriented sub-bands at the same scale (size QxQ)
 13.015695 13.819108 14.850116 13.058030,
 13.819108 171.526108 238.393188 40.679092,
 14.850116 238.393188 557.267395 178.420181,
 13.058030 40.679092 178.420181 129.246811,
 11.241184 9.290238 11.858522 10.080918,
 9.290238 100.889847 135.910309 21.590271,
 11.858522 135.910309 307.811951 87.551247,
 10.080918 21.590271 87.551247 64.457901,
 9.376732 7.909592 7.678472 8.693493,
 7.909592 53.963963 72.935188 14.327234,
 7.678472 72.935188 181.157822 49.648823,
 8.693493 14.327234 49.648823 38.458782,
 3.988023 3.642157 1.952541 3.294771,
 3.642157 18.051123 16.817297 5.842715,
 1.952541 16.817297 35.433117 9.888439,
 3.294771 5.842715 9.888439 11.817520,

Cross-correlations of the modulus of all oriented sub-bands with all oriented sub-bands at the coarser scale (size QxQ)
 8.215877 8.758559 7.631928 8.635792,
 12.631910 56.382607 65.076973 9.582612,
 19.936977 66.772858 122.308830 45.498177,
 12.441574 12.902133 45.508392 40.732212,
 6.638317 6.000784 3.860551 7.022770,
 8.906717 24.488991 29.861139 10.003121,
 11.782923 28.001005 55.960297 19.846737,
 7.431713 7.210846 19.153015 16.561089,
 3.746542 4.149325 2.564690 4.630718,
 3.225544 6.831620 7.751578 4.648352,
 3.330736 5.231348 17.143215 13.398372,
 5.216858 3.458834 7.386978 10.630430,

Cross-correlations of the real part of each oriented sub-band with both the real and imaginary part of all phase-doubled oriented sub-bands at the next coarser scale (Q matrices of size 1x2Q, which are computed and stored in a matrix of size Qx2Q)
 -0.754988 -1.732335 -1.451685 -2.561387 1.174363 -0.537830 -0.356448 -0.397498,
 -1.400267 -23.082020 -25.962757 -9.093049 0.477607 -16.909668 -16.397678 -0.617925,
 -2.313705 -32.447487 -71.635986 -46.421509 0.024523 -22.741152 -17.820206 2.440535,
 -1.933408 -6.741037 -33.004459 -33.389378 0.486052 -3.056861 1.366320 1.569484,
 -0.871751 -1.570090 -1.247242 -1.115256 0.474218 -0.205916 -0.443023 -0.724283,
 -1.057317 -22.930058 -23.461338 -1.831701 0.006379 0.022899 -1.229668 0.076933,
 -1.014102 -29.017441 -40.525486 -10.317058 -0.200532 2.573227 -2.267838 -6.811110,
 -1.036785 -4.096752 -11.695024 -9.299791 -0.028500 1.244964 -2.689685 -7.959738,
 -1.122981 0.313667 0.181396 -1.314879 -0.343421 0.098421 0.497327 0.229781,
 -0.301677 2.284201 -0.637863 0.090012 -0.129517 8.198976 22.564167 2.430948,
 -0.354234 -0.410813 -5.586730 -2.633810 -0.093258 12.628113 49.942337 10.228368,
 -1.218833 -0.955575 -3.126100 -4.625740 -0.087270 2.362001 16.245859 5.699947,
