Low-band skewness and kurtosis
 -0.547339 2.257068,
 -0.427061 2.366600,
 -0.143921 2.194552,
 0.067936 2.111921,
 0.348256 1.773600,

High-band variance
 993.939941,

Skewness, kurtosis, variance, mean, maximum and minimum of the reconstructed texture
 -0.670474 2.002152 5620.144043 189.674500 255.000000 1.000000,

Auto-correlations of the low-frequency bands at each scale
 836.576050 792.233643 740.031799 686.946472 638.744812 610.578369 617.106567 746.859741 702.690002 698.646484 753.790344 872.596802 1051.596680 1265.958862 2136.988281 2332.500244 2566.643555 2798.552246 2989.890625 3137.132080 3237.243652 3901.472168 4147.435547 4343.232422 4421.813965 4343.232422 4147.435547 3901.472168 3237.243652 3137.132080 2989.890625 2798.552246 2566.643555 2332.500244 2136.988281 1265.958862 1051.596680 872.596802 753.790344 698.646484 702.690002 746.859741 617.106567 610.578369 638.744812 686.946472 740.031799 792.233643 836.576050,
 823.535706 816.244995 801.154480 782.461243 766.438049 761.642822 772.716614 743.172852 705.755615 690.602295 707.354004 757.104980 840.084229 944.653687 1478.385986 1576.432007 1712.765991 1853.908203 1961.588501 2032.320190 2071.380859 2586.230469 2741.006836 2872.070801 2927.101074 2872.070801 2741.006836 2586.230469 2071.380859 2032.320190 1961.588501 1853.908203 1712.765991 1576.432007 1478.385986 944.653687 840.084229 757.104980 707.354004 690.602295 705.755615 743.172852 772.716614 761.642822 766.438049 782.461243 801.154480 816.244995 823.535706,
 917.531189 902.043945 876.595520 844.582520 813.547668 791.021973 778.321838 706.814148 669.017029 642.985535 639.647217 660.711365 702.304504 753.436584 1122.061035 1172.924316 1252.804321 1337.934082 1396.753540 1428.120117 1442.761475 1798.355469 1891.703857 1980.784424 2020.704102 1980.784424 1891.703857 1798.355469 1442.761475 1428.120117 1396.753540 1337.934082 1252.804321 1172.924316 1122.061035 753.436584 702.304504 660.711365 639.647217 642.985535 669.017029 706.814148 778.321838 791.021973 813.547668 844.582520 876.595520 902.043945 917.531189,
 313.234680 329.136871 341.649048 345.565033 342.646057 338.853973 334.353638 612.661804 606.998108 605.307617 604.905884 603.769531 605.968323 613.232239 1021.124817 1039.906128 1072.082275 1099.862793 1104.412598 1093.791138 1084.051392 1317.070801 1361.581055 1410.361206 1433.782104 1410.361206 1361.581055 1317.070801 1084.051392 1093.791138 1104.412598 1099.862793 1072.082275 1039.906128 1021.124817 613.232239 605.968323 603.769531 604.905884 605.307617 606.998108 612.661804 334.353638 338.853973 342.646057 345.565033 341.649048 329.136871 313.234680,
 -744.594971 -757.759338 -774.262756 -775.975891 -754.130554 -730.981506 -727.255859 -89.900208 -97.675690 -93.725716 -80.797028 -69.763222 -66.225830 -69.956619 728.401306 730.854004 756.014099 779.226013 773.169250 753.355835 742.659485 1132.776611 1145.465210 1179.794312 1201.200562 1179.794312 1145.465210 1132.776611 742.659485 753.355835 773.169250 779.226013 756.014099 730.854004 728.401306 -69.956619 -66.225830 -69.763222 -80.797028 -93.725716 -97.675690 -89.900208 -727.255859 -730.981506 -754.130554 -775.975891 -774.262756 -757.759338 -744.594971,

Auto-correlations of the modulus of each oriented sub-band
 3.379184 4.728211 5.882599 6.392824 6.054522 5.082971 3.922290 3.984719 5.528728 6.853412 7.461210 7.102903 6.004581 4.668407 4.974489 6.980971 8.614762 9.191772 8.516173 7.021764 5.331332 5.517638 7.741869 9.800305 10.679144 9.800305 7.741869 5.517638 5.331332 7.021764 8.516173 9.191772 8.614762 6.980971 4.974489 4.668407 6.004581 7.102903 7.461210 6.853412 5.528728 3.984719 3.922290 5.082971 6.054522 6.392824 5.882599 4.728211 3.379184,
 50.163185 54.196899 58.912186 63.737476 68.044876 71.215767 72.855522 72.273819 82.410744 92.308922 99.375198 102.572472 102.299660 99.257553 101.946671 118.466469 133.661224 141.752380 140.247894 132.064590 120.933640 122.909798 140.466797 155.925781 162.587936 155.925781 140.466797 122.909798 120.933640 132.064590 140.247894 141.752380 133.661224 118.466469 101.946671 99.257553 102.299660 102.572472 99.375198 92.308922 82.410744 72.273819 72.855522 71.215767 68.044876 63.737476 58.912186 54.196899 50.163185,
 193.589722 204.767120 217.629395 228.262070 235.066681 239.376984 241.633270 290.610931 321.843628 352.167877 369.530090 368.590424 355.358032 337.971405 406.436401 462.683350 514.816895 539.467773 524.527588 482.979919 435.558960 470.157104 536.252808 596.800415 622.939331 596.800415 536.252808 470.157104 435.558960 482.979919 524.527588 539.467773 514.816895 462.683350 406.436401 337.971405 355.358032 368.590424 369.530090 352.167877 321.843628 290.610931 241.633270 239.376984 235.066681 228.262070 217.629395 204.767120 193.589722,
 23.786610 24.948212 26.793491 27.398455 26.042641 24.438675 24.303646 33.282951 36.677818 42.110443 44.925392 41.659790 35.711830 32.759346 43.239502 49.717068 60.891670 67.653267 61.360985 49.150402 42.267654 47.189468 55.609444 70.635536 79.424660 70.635536 55.609444 47.189468 42.267654 49.150402 61.360985 67.653267 60.891670 49.717068 43.239502 32.759346 35.711830 41.659790 44.925392 42.110443 36.677818 33.282951 24.303646 24.438675 26.042641 27.398455 26.793491 24.948212 23.786610,
 1.986795 2.993643 3.852187 4.179805 3.816732 2.963722 2.005718 2.361078 3.528864 4.515993 4.878478 4.456761 3.501482 2.447999 3.243893 4.927407 6.427553 6.941841 6.211046 4.737834 3.219170 3.720823 5.703325 7.676622 8.558153 7.676622 5.703325 3.720823 3.219170 4.737834 6.211046 6.941841 6.427553 4.927407 3.243893 2.447999 3.501482 4.456761 4.878478 4.515993 3.528864 2.361078 2.005718 2.963722 3.816732 4.179805 3.852187 2.993643 1.986795,
 17.229422 19.741636 22.440166 24.984404 27.064701 28.261465 28.155832 31.038734 38.052517 44.576633 48.193550 48.393566 46.214260 42.450874 50.299065 63.318558 75.783875 81.268394 77.409317 68.354889 58.261734 62.539612 77.414597 92.076965 98.811874 92.076965 77.414597 62.539612 58.261734 68.354889 77.409317 81.268394 75.783875 63.318558 50.299065 42.450874 46.214260 48.393566 48.193550 44.576633 38.052517 31.038734 28.155832 28.261465 27.064701 24.984404 22.440166 19.741636 17.229422,
 77.926300 85.987823 95.973900 105.490288 111.348030 112.894012 111.529831 137.204575 157.441147 178.800903 194.758362 198.747437 191.111984 176.744431 223.721939 261.473846 296.993835 317.833435 313.809265 289.120209 255.048172 279.600494 325.579010 364.664917 381.117310 364.664917 325.579010 279.600494 255.048172 289.120209 313.809265 317.833435 296.993835 261.473846 223.721939 176.744431 191.111984 198.747437 194.758362 178.800903 157.441147 137.204575 111.529831 112.894012 111.348030 105.490288 95.973900 85.987823 77.926300,
 13.800264 13.588740 14.027208 15.004008 15.645128 15.253999 14.304882 19.964132 20.619720 22.683918 25.556641 26.284077 23.864838 21.078444 27.893682 30.089964 35.032932 40.265976 39.090801 33.057087 28.761103 32.002254 35.843357 43.241550 48.059380 43.241550 35.843357 32.002254 28.761103 33.057087 39.090801 40.265976 35.032932 30.089964 27.893682 21.078444 23.864838 26.284077 25.556641 22.683918 20.619720 19.964132 14.304882 15.253999 15.645128 15.004008 14.027208 13.588740 13.800264,
 1.172090 1.713152 2.239872 2.482757 2.283651 1.730608 1.084528 1.487039 2.128182 2.691847 2.888229 2.610251 1.997145 1.333063 2.256868 3.536775 4.673093 5.038924 4.442405 3.291277 2.117830 2.719567 4.422532 6.100366 6.846284 6.100366 4.422532 2.719567 2.117830 3.291277 4.442405 5.038924 4.673093 3.536775 2.256868 1.333063 1.997145 2.610251 2.888229 2.691847 2.128182 1.487039 1.084528 1.730608 2.283651 2.482757 2.239872 1.713152 1.172090,
 8.349222 10.187349 12.463837 14.202738 15.441093 16.135363 15.640551 14.003040 19.109114 24.717993 27.077927 25.918390 23.477674 20.404739 20.112230 28.658360 38.409756 42.363564 37.846272 30.359856 23.820547 23.924576 33.106888 44.179939 49.949524 44.179939 33.106888 23.924576 23.820547 30.359856 37.846272 42.363564 38.409756 28.658360 20.112230 20.404739 23.477674 25.918390 27.077927 24.717993 19.109114 14.003040 15.640551 16.135363 15.441093 14.202738 12.463837 10.187349 8.349222,
 42.061478 47.095985 53.815926 60.252026 63.237640 62.129890 58.134560 81.480927 96.079102 110.526955 119.717361 118.519814 108.525406 94.585403 122.493500 149.963074 174.717438 187.044556 179.360321 157.109070 130.092621 142.773102 176.619812 206.240875 219.060883 206.240875 176.619812 142.773102 130.092621 157.109070 179.360321 187.044556 174.717438 149.963074 122.493500 94.585403 108.525406 118.519814 119.717361 110.526955 96.079102 81.480927 58.134560 62.129890 63.237640 60.252026 53.815926 47.095985 42.061478,
 6.449896 8.135737 9.876852 10.914766 11.015297 9.978530 8.406702 11.950622 13.433237 15.624652 18.342033 18.974318 16.034807 12.122096 15.577851 18.030762 22.963943 27.958078 26.876160 20.477219 14.903794 16.312565 20.906639 28.458794 32.915321 28.458794 20.906639 16.312565 14.903794 20.477219 26.876160 27.958078 22.963943 18.030762 15.577851 12.122096 16.034807 18.974318 18.342033 15.624652 13.433237 11.950622 8.406702 9.978530 11.015297 10.914766 9.876852 8.135737 6.449896,
 -0.022221 0.620906 1.252399 1.522735 1.189543 0.419822 -0.380795 -0.139675 0.616111 1.388105 1.734779 1.382144 0.580051 -0.191079 0.284151 1.420819 2.600124 3.135845 2.623527 1.486478 0.431064 0.758304 2.107146 3.538889 4.193333 3.538889 2.107146 0.758304 0.431064 1.486478 2.623527 3.135845 2.600124 1.420819 0.284151 -0.191079 0.580051 1.382144 1.734779 1.388105 0.616111 -0.139675 -0.380795 0.419822 1.189543 1.522735 1.252399 0.620906 -0.022221,
 -1.858072 -0.653467 0.554867 1.845881 2.534042 2.791650 3.767572 2.690078 5.422331 8.485723 10.722383 10.767260 9.543160 8.770985 7.869498 12.213478 17.361553 20.385471 18.765163 14.881256 11.701478 11.363873 16.083817 21.922386 25.009903 21.922386 16.083817 11.363873 11.701478 14.881256 18.765163 20.385471 17.361553 12.213478 7.869498 8.770985 9.543160 10.767260 10.722383 8.485723 5.422331 2.690078 3.767572 2.791650 2.534042 1.845881 0.554867 -0.653467 -1.858072,
 3.318429 5.499191 9.676792 15.819932 22.657490 28.485439 31.770702 30.258533 37.454430 46.154205 54.422092 59.571793 60.724998 58.118999 56.222778 68.088539 80.452431 88.932571 89.256584 82.792076 73.229752 72.628380 85.920273 98.094040 103.537247 98.094040 85.920273 72.628380 73.229752 82.792076 89.256584 88.932571 80.452431 68.088539 56.222778 58.118999 60.724998 59.571793 54.422092 46.154205 37.454430 30.258533 31.770702 28.485439 22.657490 15.819932 9.676792 5.499191 3.318429,
 2.330374 2.602652 2.260666 1.998373 2.000796 1.781392 1.106832 4.388707 4.339992 4.559982 5.469402 5.713283 4.511238 2.727608 5.123933 5.509013 7.554629 9.940384 9.466001 6.554506 4.028159 4.770698 6.598492 10.184504 12.353631 10.184504 6.598492 4.770698 4.028159 6.554506 9.466001 9.940384 7.554629 5.509013 5.123933 2.727608 4.511238 5.713283 5.469402 4.559982 4.339992 4.388707 1.106832 1.781392 2.000796 1.998373 2.260666 2.602652 2.330374,

Pairwise cross-correlations of the modulus of all oriented sub-bands at the same scale (size QxQ)
 10.679143 11.082462 8.324248 6.263203,
 11.082462 162.587967 274.725739 66.766205,
 8.324248 274.725739 622.939392 181.701462,
 6.263203 66.766205 181.701462 79.424660,
 8.558152 5.551216 3.583171 5.175130,
 5.551216 98.811882 163.665558 36.425808,
 3.583171 163.665558 381.117371 105.258728,
 5.175130 36.425808 105.258728 48.059380,
 6.846284 3.852507 4.919046 5.448042,
 3.852507 49.949528 83.874985 23.088146,
 4.919046 83.874985 219.060913 66.394691,
 5.448042 23.088146 66.394691 32.915325,
 4.193334 4.015709 3.686288 2.924890,
 4.015709 25.009907 41.545120 9.562395,
 3.686288 41.545120 103.537270 25.527929,
 2.924890 9.562395 25.527929 12.353632,

Cross-correlations of the modulus of all oriented sub-bands with all oriented sub-bands at the coarser scale (size QxQ)
 7.137254 6.330308 0.618026 4.546328,
 7.718146 34.837597 52.648045 16.529697,
 11.172507 56.476082 125.709343 44.558586,
 6.440042 18.434196 44.606758 22.545176,
 5.386070 3.458124 2.784089 5.448212,
 2.856899 14.239328 20.847763 6.355399,
 2.401485 28.605040 43.971123 7.526558,
 3.364811 11.997597 13.887039 5.925963,
 3.692444 3.554357 3.701428 3.946895,
 1.646599 5.421739 17.364687 6.835703,
 -0.383943 3.569230 24.215591 11.493759,
 2.137721 1.432996 7.211617 6.354051,

Cross-correlations of the real part of each oriented sub-band with both the real and imaginary part of all phase-doubled oriented sub-bands at the next coarser scale (Q matrices of size 1x2Q, which are computed and stored in a matrix of size Qx2Q)
 -1.366266 -1.525566 -0.613755 -0.587622 1.252558 0.338443 -0.014854 -0.243966,
 -1.552166 -16.358644 -25.332640 -9.854952 0.602011 3.757285 9.087454 0.877197,
 -0.788227 -21.725292 -62.652775 -32.618069 0.062577 8.833799 19.514572 0.009137,
 -0.503542 -4.415393 -22.421759 -14.993032 0.567169 2.848322 4.961986 -1.516459,
 -0.509544 -1.174904 -0.370498 -0.260402 -0.031976 -0.243833 -0.152174 -0.234392,
 -0.806242 -20.744354 -27.960693 -6.251488 -0.027753 -2.057923 1.732788 1.289614,
 -0.417922 -36.727695 -60.406502 -18.744507 0.065447 -0.971214 6.347817 0.840876,
 -0.245127 -9.207859 -17.186487 -8.039136 -0.018684 0.465848 1.502884 -1.818806,
 -0.721071 -1.231400 -0.197800 -0.105417 -0.228833 -0.072326 0.459385 -0.001062,
 -0.619138 -4.914581 4.828984 3.742128 -0.075058 2.918997 12.054314 4.764382,
 -0.043913 -1.347257 11.403057 8.013563 0.144264 5.883480 33.497463 15.070159,
 -0.147745 1.055039 1.954296 1.181305 0.059779 1.529579 13.083324 6.433597,
