Low-band skewness and kurtosis
 -0.450891 1.988476,
 -0.299016 2.074632,
 -0.099367 1.904229,
 0.107207 1.702394,
 0.221776 1.711838,

High-band variance
 1009.953064,

Skewness, kurtosis, variance, mean, maximum and minimum of the reconstructed texture
 -0.618192 1.900192 5803.969238 186.876465 255.000000 4.000000,

Auto-correlations of the low-frequency bands at each scale
 1395.042480 1209.834473 1105.485474 1102.206421 1161.484741 1233.736328 1296.416992 2002.061279 1725.634766 1422.506348 1221.955322 1193.881348 1316.857422 1500.459961 3091.139893 3234.487549 3251.429688 3115.594482 2876.329102 2653.909912 2517.051514 3493.837158 3969.461426 4404.962891 4589.369629 4404.962891 3969.461426 3493.837158 2517.051514 2653.909912 2876.329102 3115.594482 3251.429688 3234.487549 3091.139893 1500.459961 1316.857422 1193.881348 1221.955322 1422.506348 1725.634766 2002.061279 1296.416992 1233.736328 1161.484741 1102.206421 1105.485474 1209.834473 1395.042480,
 1266.530640 1191.490356 1154.497070 1156.365356 1163.576660 1156.658813 1146.246704 1476.116455 1320.022217 1159.164429 1064.208740 1064.453979 1144.033691 1251.330322 2182.916748 2262.228027 2281.586914 2213.662842 2078.689453 1957.332397 1890.682617 2522.739258 2812.905762 3090.055420 3211.321289 3090.055420 2812.905762 2522.739258 1890.682617 1957.332397 2078.689453 2213.662842 2281.586914 2262.228027 2182.916748 1251.330322 1144.033691 1064.453979 1064.208740 1159.164429 1320.022217 1476.116455 1146.246704 1156.658813 1163.576660 1156.365356 1154.497070 1191.490356 1266.530640,
 1167.525635 1125.977905 1102.689819 1097.292725 1094.809692 1094.089722 1095.326660 1301.270386 1206.587036 1113.965698 1050.758179 1028.620728 1057.390991 1119.583374 1677.956787 1732.596191 1755.897217 1718.303711 1618.913330 1516.312256 1448.939697 1849.637573 2042.498291 2224.158936 2304.241211 2224.158936 2042.498291 1849.637573 1448.939697 1516.312256 1618.913330 1718.303711 1755.897217 1732.596191 1677.956787 1119.583374 1057.390991 1028.620728 1050.758179 1113.965698 1206.587036 1301.270386 1095.326660 1094.089722 1094.809692 1097.292725 1102.689819 1125.977905 1167.525635,
 608.226562 576.476868 537.833435 490.849762 435.381714 388.465454 365.858063 1003.279785 994.214539 957.065552 895.343445 819.051270 756.470276 719.865967 1361.593994 1427.068848 1466.737549 1446.390747 1359.325439 1257.956787 1179.928223 1475.448486 1591.602295 1710.967041 1766.712769 1710.967041 1591.602295 1475.448486 1179.928223 1257.956787 1359.325439 1446.390747 1466.737549 1427.068848 1361.593994 719.865967 756.470276 819.051270 895.343445 957.065552 994.214539 1003.279785 365.858063 388.465454 435.381714 490.849762 537.833435 576.476868 608.226562,
 -801.677124 -834.658875 -936.866028 -1039.469604 -1061.299561 -1001.784363 -914.137451 91.011726 115.274384 61.875671 -46.479485 -136.969894 -148.202484 -83.558311 926.083191 1026.206787 1087.109863 1047.892944 919.575378 805.721741 781.211853 1196.793457 1311.386597 1463.763184 1539.363525 1463.763184 1311.386597 1196.793457 781.211853 805.721741 919.575378 1047.892944 1087.109863 1026.206787 926.083191 -83.558311 -148.202484 -136.969894 -46.479485 61.875671 115.274384 91.011726 -914.137451 -1001.784363 -1061.299561 -1039.469604 -936.866028 -834.658875 -801.677124,

Auto-correlations of the modulus of each oriented sub-band
 8.865829 9.959410 10.804043 10.948059 10.216396 8.892416 7.441053 9.449543 10.831953 11.840166 12.081406 11.394144 9.961744 8.266224 9.963773 12.280701 14.409846 15.517910 14.866710 12.642307 9.892547 10.596898 14.238130 17.987806 19.707550 17.987806 14.238130 10.596898 9.892547 12.642307 14.866710 15.517910 14.409846 12.280701 9.963773 8.266224 9.961744 11.394144 12.081406 11.840166 10.831953 9.449543 7.441053 8.892416 10.216396 10.948059 10.804043 9.959410 8.865829,
 26.570860 31.505493 36.966381 41.897343 45.065128 46.911644 48.368210 43.087646 53.114838 64.310730 71.305573 71.512711 68.800201 66.182587 61.450157 76.715866 95.191795 104.884720 98.539070 86.414444 76.841652 74.847626 90.251892 110.251755 121.276367 110.251755 90.251892 74.847626 76.841652 86.414444 98.539070 104.884720 95.191795 76.715866 61.450157 66.182587 68.800201 71.512711 71.305573 64.310730 53.114838 43.087646 48.368210 46.911644 45.065128 41.897343 36.966381 31.505493 26.570860,
 149.486618 160.800217 172.288300 177.458923 172.702972 162.339981 151.301102 204.383102 237.564240 275.166382 294.191101 278.166870 241.547302 206.798325 260.338531 322.979614 396.365265 433.756592 399.495880 326.536133 262.128448 285.826721 363.888428 455.793427 502.145660 455.793427 363.888428 285.826721 262.128448 326.536133 399.495880 433.756592 396.365265 322.979614 260.338531 206.798325 241.547302 278.166870 294.191101 275.166382 237.564240 204.383102 151.301102 162.339981 172.702972 177.458923 172.288300 160.800217 149.486618,
 135.665604 135.933914 132.556091 125.428902 115.247177 104.334633 95.403351 157.747284 168.081100 173.788177 170.354752 155.657501 135.178299 117.194023 171.706070 195.444275 216.366180 222.280792 204.832916 174.114136 145.675186 167.796936 199.733765 232.385742 247.715515 232.385742 199.733765 167.796936 145.675186 174.114136 204.832916 222.280792 216.366180 195.444275 171.706070 117.194023 135.178299 155.657501 170.354752 173.788177 168.081100 157.747284 95.403351 104.334633 115.247177 125.428902 132.556091 135.933914 135.665604,
 5.788635 6.662759 7.247574 7.270961 6.717537 5.805710 4.780891 6.346463 7.269590 7.905694 8.006149 7.422811 6.259260 4.870117 6.582489 8.306406 10.092752 11.109825 10.582335 8.675421 6.387627 7.189564 10.129236 13.145782 14.531744 13.145782 10.129236 7.189564 6.387627 8.675421 10.582335 11.109825 10.092752 8.306406 6.582489 4.870117 6.259260 7.422811 8.006149 7.905694 7.269590 6.346463 4.780891 5.805710 6.717537 7.270961 7.247574 6.662759 5.788635,
 9.356214 12.288153 15.240172 16.585640 16.849289 17.586105 18.867462 16.662088 24.199894 31.460922 33.897125 32.025299 29.848755 28.339304 25.850702 37.539898 50.686108 55.411148 48.902195 40.168034 33.995678 32.818039 43.846737 58.518532 66.663345 58.518532 43.846737 32.818039 33.995678 40.168034 48.902195 55.411148 50.686108 37.539898 25.850702 28.339304 29.848755 32.025299 33.897125 31.460922 24.199894 16.662088 18.867462 17.586105 16.849289 16.585640 15.240172 12.288153 9.356214,
 74.473976 85.575829 94.610626 95.142868 86.177109 74.602547 67.257820 95.070671 127.501419 159.576950 170.583893 151.128494 117.462143 91.211555 118.772621 174.289612 234.278748 259.834229 227.913208 167.105713 116.765877 129.097015 193.173523 267.161163 303.258026 267.161163 193.173523 129.097015 116.765877 167.105713 227.913208 259.834229 234.278748 174.289612 118.772621 91.211555 117.462143 151.128494 170.583893 159.576950 127.501419 95.070671 67.257820 74.602547 86.177109 95.142868 94.610626 85.575829 74.473976,
 57.829178 62.401939 62.501396 56.875259 47.996239 40.664780 38.017174 68.520447 80.538666 88.401779 86.476448 74.305313 58.810429 48.064960 75.756294 95.740166 115.393929 121.829727 107.404716 82.495293 62.313774 73.585701 97.706528 125.702728 139.500229 125.702728 97.706528 73.585701 62.313774 82.495293 107.404716 121.829727 115.393929 95.740166 75.756294 48.064960 58.810429 74.305313 86.476448 88.401779 80.538666 68.520447 38.017174 40.664780 47.996239 56.875259 62.501396 62.401939 57.829178,
 3.287419 4.346244 5.093284 5.253801 4.664566 3.491650 2.158978 3.774904 4.931275 5.872078 6.276726 5.815307 4.517414 2.959207 4.304522 6.117297 8.011271 9.065272 8.323921 6.151991 3.899696 4.470672 7.034982 9.902928 11.299263 9.902928 7.034982 4.470672 3.899696 6.151991 8.323921 9.065272 8.011271 6.117297 4.304522 2.959207 4.517414 5.815307 6.276726 5.872078 4.931275 3.774904 2.158978 3.491650 4.664566 5.253801 5.093284 4.346244 3.287419,
 6.654523 8.598625 9.497571 8.513030 6.619767 4.645205 3.058591 12.774397 17.623644 21.200897 20.215946 15.894550 11.061397 6.812155 16.286701 24.610077 32.775082 34.319191 27.740597 19.159760 11.723194 15.602683 25.008999 35.696087 41.372417 35.696087 25.008999 15.602683 11.723194 19.159760 27.740597 34.319191 32.775082 24.610077 16.286701 6.812155 11.061397 15.894550 20.215946 21.200897 17.623644 12.774397 3.058591 4.645205 6.619767 8.513030 9.497571 8.598625 6.654523,
 30.026802 49.242409 67.654877 78.451317 75.729401 61.356140 40.758568 51.307034 83.335381 114.589592 130.618652 120.286507 90.523720 54.752277 67.936493 114.770470 160.995758 183.068085 163.743805 117.522575 67.627380 73.718811 128.540192 182.229980 206.824707 182.229980 128.540192 73.718811 67.627380 117.522575 163.743805 183.068085 160.995758 114.770470 67.936493 54.752277 90.523720 120.286507 130.618652 114.589592 83.335381 51.307034 40.758568 61.356140 75.729401 78.451317 67.654877 49.242409 30.026802,
 21.971619 25.775064 27.794334 27.512432 25.811157 23.456762 20.983234 31.668594 38.533340 43.629459 45.753609 43.574657 37.301628 30.219978 40.642651 51.513065 62.210938 68.419334 64.120399 51.697468 39.514133 44.042099 57.626076 72.569283 80.021774 72.569283 57.626076 44.042099 39.514133 51.697468 64.120399 68.419334 62.210938 51.513065 40.642651 30.219978 37.301628 43.574657 45.753609 43.629459 38.533340 31.668594 20.983234 23.456762 25.811157 27.512432 27.794334 25.775064 21.971619,
 -0.495379 1.087534 2.766385 3.778290 3.546158 2.233127 0.455532 -0.115856 1.907525 4.013416 5.243925 4.852039 3.111461 0.964799 0.914391 3.549527 6.216856 7.641860 6.765609 4.205643 1.427562 1.699980 4.868546 8.028550 9.467120 8.028550 4.868546 1.699980 1.427562 4.205643 6.765609 7.641860 6.216856 3.549527 0.914391 0.964799 3.111461 4.852039 5.243925 4.013416 1.907525 -0.115856 0.455532 2.233127 3.546158 3.778290 2.766385 1.087534 -0.495379,
 -2.649531 -2.550321 -0.765992 1.689059 2.892705 2.273518 0.856267 -2.472392 -0.974207 1.213191 3.049191 3.624699 2.669056 1.012514 -1.917960 2.214767 7.108121 8.591535 6.071527 2.426709 -0.160108 -1.365277 2.835229 9.407887 13.060247 9.407887 2.835229 -1.365277 -0.160108 2.426709 6.071527 8.591535 7.108121 2.214767 -1.917960 1.012514 2.669056 3.624699 3.049191 1.213191 -0.974207 -2.472392 0.856267 2.273518 2.892705 1.689059 -0.765992 -2.550321 -2.649531,
 -17.779974 -13.480011 -4.318804 8.379725 19.250473 25.220520 26.588572 -9.524698 -1.083021 11.471796 24.022594 29.912920 29.173973 24.245649 0.515481 13.912107 30.301998 41.810081 40.030598 29.886950 18.220531 10.121590 25.342724 41.945862 50.387653 41.945862 25.342724 10.121590 18.220531 29.886950 40.030598 41.810081 30.301998 13.912107 0.515481 24.245649 29.173973 29.912920 24.022594 11.471796 -1.083021 -9.524698 26.588572 25.220520 19.250473 8.379725 -4.318804 -13.480011 -17.779974,
 4.312606 4.423522 3.104172 1.245488 1.377109 2.713222 2.861263 6.631369 9.780372 10.125530 8.999195 7.606812 4.665990 1.002519 5.475705 12.036514 17.809145 20.717957 17.203566 8.599682 0.830977 2.649087 11.602276 21.995777 27.498199 21.995777 11.602276 2.649087 0.830977 8.599682 17.203566 20.717957 17.809145 12.036514 5.475705 1.002519 4.665990 7.606812 8.999195 10.125530 9.780372 6.631369 2.861263 2.713222 1.377109 1.245488 3.104172 4.423522 4.312606,

Pairwise cross-correlations of the modulus of all oriented sub-bands at the same scale (size QxQ)
 19.707556 12.647066 18.883646 32.467377,
 12.647066 121.276390 154.650513 32.334652,
 18.883646 154.650513 502.145721 236.514496,
 32.467377 32.334652 236.514496 247.715530,
 14.531744 3.316903 7.693383 17.201632,
 3.316903 66.663361 86.030632 13.085437,
 7.693383 86.030632 303.258087 137.552185,
 17.201632 13.085437 137.552185 139.500244,
 11.299265 3.466315 4.752913 7.275053,
 3.466315 41.372425 60.748283 10.452335,
 4.752913 60.748283 206.824753 85.393753,
 7.275053 10.452335 85.393753 80.021774,
 9.467121 2.624939 0.315814 1.216692,
 2.624939 13.060248 12.644620 -1.191171,
 0.315814 12.644620 50.387653 18.287588,
 1.216692 -1.191171 18.287588 27.498201,

Cross-correlations of the modulus of all oriented sub-bands with all oriented sub-bands at the coarser scale (size QxQ)
 11.404461 3.860213 4.675434 15.513178,
 9.348529 37.312897 36.585655 9.306589,
 19.916105 38.362568 111.264221 70.945602,
 24.133110 1.323115 56.697884 82.090324,
 7.772934 1.776695 6.943521 9.549831,
 0.949647 15.649832 26.187576 6.548810,
 6.808682 25.028103 64.493370 36.313168,
 11.027153 0.816069 19.326334 33.394913,
 6.941876 2.329667 2.542032 1.730567,
 3.805583 4.807899 2.712373 -2.595959,
 4.495594 3.331554 15.204304 8.528271,
 3.766918 -1.305539 8.663644 15.517076,

Cross-correlations of the real part of each oriented sub-band with both the real and imaginary part of all phase-doubled oriented sub-bands at the next coarser scale (Q matrices of size 1x2Q, which are computed and stored in a matrix of size Qx2Q)
 -1.867725 -2.495232 -2.111413 -3.605339 2.040277 0.097670 -0.192972 -1.749299,
 -1.514370 -46.588898 -51.003120 -7.876147 0.496362 -3.477423 -5.465075 -2.321663,
 -3.168884 -65.234634 -93.621964 -30.144361 0.824855 -5.311280 -13.498445 -11.861888,
 -4.295814 -11.671552 -26.897030 -23.478024 2.182305 -0.805801 -4.873257 -11.026513,
 0.525487 -1.383400 -1.559632 -3.548939 2.098519 0.368546 -0.671338 -0.987552,
 0.025221 -22.696341 -6.364157 -1.204472 0.709491 -1.669359 -5.855384 -1.761840,
 -1.553951 -23.092361 2.508213 -16.855839 0.348460 -1.444583 -8.314084 -9.239534,
 -1.856899 -1.522740 2.104254 -22.743395 1.691213 0.701559 -2.365951 -8.352436,
 -1.409962 0.555197 -0.242972 -3.460417 1.801209 -0.155266 -1.224516 -1.330996,
 -0.321954 2.337022 5.586220 2.471475 0.443066 1.011542 3.530152 -1.079295,
 -1.543184 2.624396 21.207193 7.449080 1.019294 3.194050 -3.455261 -11.134043,
 -2.966260 1.359126 10.000896 -4.788689 2.539105 0.298070 -10.197423 -11.397502,
