Low-band skewness and kurtosis
 -0.729845 2.241256,
 -0.649892 2.204591,
 -0.571889 2.025545,
 -0.521865 1.946998,
 -0.397661 1.721039,

High-band variance
 877.622192,

Skewness, kurtosis, variance, mean, maximum and minimum of the reconstructed texture
 -0.832286 2.166272 6353.119141 192.074158 255.000000 1.000000,

Auto-correlations of the low-frequency bands at each scale
 3029.645752 3000.928467 2946.167236 2877.245361 2834.100830 2867.449951 2978.507080 2849.123291 2731.635498 2672.458008 2734.386230 2926.571289 3202.329834 3462.510498 3288.063965 3473.053467 3772.458984 4105.536133 4346.900391 4445.703613 4412.463867 4357.508301 4759.487305 5129.874023 5288.038086 5129.874023 4759.487305 4357.508301 4412.463867 4445.703613 4346.900391 4105.536133 3772.458984 3473.053467 3288.063965 3462.510498 3202.329834 2926.571289 2734.386230 2672.458008 2731.635498 2849.123291 2978.507080 2867.449951 2834.100830 2877.245361 2946.167236 3000.928467 3029.645752,
 2738.964355 2788.766357 2825.847412 2829.636475 2808.559326 2810.133057 2852.984375 2826.037109 2799.258545 2794.320801 2836.785889 2925.245117 3050.371338 3169.936035 3086.901367 3184.940918 3355.998047 3547.088623 3664.074219 3685.077637 3633.768555 3590.554199 3824.760010 4055.699463 4159.503906 4055.699463 3824.760010 3590.554199 3633.768555 3685.077637 3664.074219 3547.088623 3355.998047 3184.940918 3086.901367 3169.936035 3050.371338 2925.245117 2836.785889 2794.320801 2799.258545 2826.037109 2852.984375 2810.133057 2808.559326 2829.636475 2825.847412 2788.766357 2738.964355,
 2188.392822 2243.971436 2292.794922 2318.511475 2309.311523 2296.445557 2308.659424 2497.694824 2525.434570 2580.864990 2653.201172 2707.845947 2747.943848 2780.980469 2780.209229 2897.631836 3066.093506 3220.856201 3276.919678 3242.236328 3166.763428 3141.904053 3326.429443 3512.203125 3597.446777 3512.203125 3326.429443 3141.904053 3166.763428 3242.236328 3276.919678 3220.856201 3066.093506 2897.631836 2780.209229 2780.980469 2747.943848 2707.845947 2653.201172 2580.864990 2525.434570 2497.694824 2308.659424 2296.445557 2309.311523 2318.511475 2292.794922 2243.971436 2188.392822,
 660.383301 711.381348 808.206665 909.015076 953.673462 944.755981 916.150146 1543.638916 1610.440918 1732.114380 1848.991821 1885.922729 1867.638672 1841.492432 2317.774414 2462.440674 2664.336426 2823.170410 2834.218750 2748.479736 2650.464844 2816.343994 2999.737061 3203.037842 3303.009766 3203.037842 2999.737061 2816.343994 2650.464844 2748.479736 2834.218750 2823.170410 2664.336426 2462.440674 2317.774414 1841.492432 1867.638672 1885.922729 1848.991821 1732.114380 1610.440918 1543.638916 916.150146 944.755981 953.673462 909.015076 808.206665 711.381348 660.383301,
 -1675.893677 -1842.282349 -2007.571899 -1996.980713 -1788.450562 -1589.561157 -1535.371460 -224.930603 -324.869080 -313.644165 -155.328995 16.736496 61.093155 -6.282402 1516.269165 1566.270264 1774.620605 2001.161865 2027.071289 1865.539551 1689.326538 2399.502930 2580.354980 2863.101074 3013.815186 2863.101074 2580.354980 2399.502930 1689.326538 1865.539551 2027.071289 2001.161865 1774.620605 1566.270264 1516.269165 -6.282402 61.093155 16.736496 -155.328995 -313.644165 -324.869080 -224.930603 -1535.371460 -1589.561157 -1788.450562 -1996.980713 -2007.571899 -1842.282349 -1675.893677,

Auto-correlations of the modulus of each oriented sub-band
 9.055171 11.236538 13.164234 14.190878 13.943613 12.659660 10.903729 10.107370 12.647909 14.789362 15.808445 15.335562 13.627062 11.434959 11.915380 15.511777 18.340183 19.146715 17.850460 15.302032 12.325352 12.685584 16.718290 20.730242 22.547327 20.730242 16.718290 12.685584 12.325352 15.302032 17.850460 19.146715 18.340183 15.511777 11.915380 11.434959 13.627062 15.335562 15.808445 14.789362 12.647909 10.107370 10.903729 12.659660 13.943613 14.190878 13.164234 11.236538 9.055171,
 156.680038 163.296494 171.225800 179.297455 185.537659 188.774368 189.010818 179.026596 194.448257 210.379684 221.765411 224.850235 220.715775 212.281082 207.620346 232.983627 257.846619 271.336670 266.736389 249.907730 229.348007 228.268677 256.590027 283.327301 295.390289 283.327301 256.590027 228.268677 229.348007 249.907730 266.736389 271.336670 257.846619 232.983627 207.620346 212.281082 220.715775 224.850235 221.765411 210.379684 194.448257 179.026596 189.010818 188.774368 185.537659 179.297455 171.225800 163.296494 156.680038,
 301.347839 311.037933 321.476105 328.069336 329.299652 327.934662 325.793701 363.222687 392.633514 422.634216 437.241150 429.134949 409.290314 389.654449 433.037231 483.694763 536.634949 561.487244 539.924377 493.831726 450.328308 470.252655 528.260864 590.501343 620.561584 590.501343 528.260864 470.252655 450.328308 493.831726 539.924377 561.487244 536.634949 483.694763 433.037231 389.654449 409.290314 429.134949 437.241150 422.634216 392.633514 363.222687 325.793701 327.934662 329.299652 328.069336 321.476105 311.037933 301.347839,
 49.806290 47.755585 46.037178 43.985344 40.859077 37.544724 34.471420 59.472027 60.003571 62.043205 63.352570 59.239159 51.663376 45.169270 65.011353 69.593285 78.564285 85.414757 78.852554 65.566429 56.207157 63.759781 72.293648 86.974792 96.349152 86.974792 72.293648 63.759781 56.207157 65.566429 78.852554 85.414757 78.564285 69.593285 65.011353 45.169270 51.663376 59.239159 63.352570 62.043205 60.003571 59.472027 34.471420 37.544724 40.859077 43.985344 46.037178 47.755585 49.806290,
 7.834940 10.399265 12.464190 13.269620 12.494465 10.486713 8.017757 8.390768 11.222842 13.454082 14.208572 13.195920 10.883805 8.127171 9.256167 12.794861 15.679195 16.538954 15.007898 11.992199 8.699113 9.550950 13.586831 17.324501 18.937611 17.324501 13.586831 9.550950 8.699113 11.992199 15.007898 16.538954 15.679195 12.794861 9.256167 8.127171 10.883805 13.195920 14.208572 13.454082 11.222842 8.390768 8.017757 10.486713 12.494465 13.269620 12.464190 10.399265 7.834940,
 50.763027 58.952969 67.616539 74.692047 78.995552 80.277176 79.624954 63.429787 76.772865 90.806557 99.900803 101.584526 97.633553 91.136482 81.544312 100.900932 120.854431 131.041046 126.390198 112.899086 98.193420 95.359245 116.041183 137.245911 147.076935 137.245911 116.041183 95.359245 98.193420 112.899086 126.390198 131.041046 120.854431 100.900932 81.544312 91.136482 97.633553 101.584526 99.900803 90.806557 76.772865 63.429787 79.624954 80.277176 78.995552 74.692047 67.616539 58.952969 50.763027,
 98.935562 102.598831 111.847618 120.625122 121.330879 115.015823 107.707108 131.146896 146.459991 167.471848 181.916962 178.436172 162.329010 144.974197 166.542206 195.961060 230.164124 249.729385 238.397797 208.088745 177.839264 186.943665 223.350143 262.720123 281.882385 262.720123 223.350143 186.943665 177.839264 208.088745 238.397797 249.729385 230.164124 195.961060 166.542206 144.974197 162.329010 178.436172 181.916962 167.471848 146.459991 131.146896 107.707108 115.015823 121.330879 120.625122 111.847618 102.598831 98.935562,
 19.551239 18.468708 16.964294 14.925927 12.885035 10.825839 8.484694 26.137852 25.811474 25.144899 24.949356 23.647268 19.670952 15.094417 28.437334 29.765562 32.994686 36.934101 34.831631 27.392519 21.426931 26.281115 30.544806 38.257721 43.321075 38.257721 30.544806 26.281115 21.426931 27.392519 34.831631 36.934101 32.994686 29.765562 28.437334 15.094417 19.670952 23.647268 24.949356 25.144899 25.811474 26.137852 8.484694 10.825839 12.885035 14.925927 16.964294 18.468708 19.551239,
 6.019851 8.977263 11.345308 12.115421 10.877354 8.282886 5.417305 7.451011 11.105705 14.039865 14.985170 13.484368 10.354845 6.959358 9.018491 13.631173 17.577833 18.988962 17.129778 13.148440 8.858232 9.828200 14.818932 19.407804 21.373909 19.407804 14.818932 9.828200 8.858232 13.148440 17.129778 18.988962 17.577833 13.631173 9.018491 6.959358 10.354845 13.484368 14.985170 14.039865 11.105705 7.451011 5.417305 8.282886 10.877354 12.115421 11.345308 8.977263 6.019851,
 20.226063 23.774546 26.918484 29.004234 29.857635 29.742189 29.209202 31.437031 38.347218 43.657589 45.313660 43.535572 39.477711 34.788227 40.184841 51.848717 62.322750 64.987259 59.395679 50.146172 40.985058 43.374500 55.931194 69.203964 75.527351 69.203964 55.931194 43.374500 40.985058 50.146172 59.395679 64.987259 62.322750 51.848717 40.184841 34.788227 39.477711 43.535572 45.313660 43.657589 38.347218 31.437031 29.209202 29.742189 29.857635 29.004234 26.918484 23.774546 20.226063,
 26.146542 27.904123 30.195599 31.116497 30.047024 28.721167 28.428623 44.093399 50.248329 56.602074 58.324688 53.030830 44.548698 37.297684 57.445511 70.935310 84.684288 89.983902 81.419228 65.424889 50.415894 59.576553 77.623047 96.398056 105.284790 96.398056 77.623047 59.576553 50.415894 65.424889 81.419228 89.983902 84.684288 70.935310 57.445511 37.297684 44.548698 53.030830 58.324688 56.602074 50.248329 44.093399 28.428623 28.721167 30.047024 31.116497 30.195599 27.904123 26.146542,
 2.720358 2.068099 1.444287 0.610159 -0.537557 -1.493660 -2.167176 5.091740 4.919367 4.645433 4.458395 4.209744 3.131020 0.958065 6.108341 6.644299 8.038295 10.283052 10.228440 6.787260 2.997144 4.824240 7.230490 11.389135 14.115866 11.389135 7.230490 4.824240 2.997144 6.787260 10.228440 10.283052 8.038295 6.644299 6.108341 0.958065 3.131020 4.209744 4.458395 4.645433 4.919367 5.091740 -2.167176 -1.493660 -0.537557 0.610159 1.444287 2.068099 2.720358,
 1.529069 8.231978 13.866863 15.769305 12.836039 6.716429 0.115542 4.406301 12.090626 18.449465 20.428371 16.793318 9.495531 1.725506 7.265191 16.409935 24.192997 26.918566 22.903900 14.356197 5.068795 7.869380 17.861362 26.752235 30.447992 26.752235 17.861362 7.869380 5.068795 14.356197 22.903900 26.918566 24.192997 16.409935 7.265191 1.725506 9.495531 16.793318 20.428371 18.449465 12.090626 4.406301 0.115542 6.716429 12.836039 15.769305 13.866863 8.231978 1.529069,
 1.821858 0.012627 -0.846141 -0.034551 3.079223 6.981122 9.010321 10.083873 10.900359 12.056738 11.695875 10.271379 9.278583 8.880551 14.512080 20.367308 27.396242 29.286087 23.406916 15.100283 9.601686 12.940582 21.361227 32.667046 38.585533 32.667046 21.361227 12.940582 9.601686 15.100283 23.406916 29.286087 27.396242 20.367308 14.512080 8.880551 9.278583 10.271379 11.695875 12.056738 10.900359 10.083873 9.010321 6.981122 3.079223 -0.034551 -0.846141 0.012627 1.821858,
 13.884746 17.288729 22.820435 31.798517 38.517654 39.021339 35.134392 33.741264 39.746223 48.729851 58.848309 61.820091 56.876511 49.594658 48.265091 57.725555 71.263695 81.790070 78.689598 67.083267 56.613655 56.020302 67.472321 82.742577 91.226501 82.742577 67.472321 56.020302 56.613655 67.083267 78.689598 81.790070 71.263695 57.725555 48.265091 49.594658 56.876511 61.820091 58.848309 48.729851 39.746223 33.741264 35.134392 39.021339 38.517654 31.798517 22.820435 17.288729 13.884746,
 -0.677043 0.052265 1.655065 3.284463 4.123417 3.424636 1.560273 -0.095146 1.045857 3.407570 6.053828 6.697705 4.260959 1.131072 -0.085936 2.541286 7.196536 11.534338 10.668378 5.389536 0.973051 0.275708 4.691007 11.336627 15.269807 11.336627 4.691007 0.275708 0.973051 5.389536 10.668378 11.534338 7.196536 2.541286 -0.085936 1.131072 4.260959 6.697705 6.053828 3.407570 1.045857 -0.095146 1.560273 3.424636 4.123417 3.284463 1.655065 0.052265 -0.677043,

Pairwise cross-correlations of the modulus of all oriented sub-bands at the same scale (size QxQ)
 22.547329 36.752224 31.132891 13.920527,
 36.752224 295.390289 341.565613 59.765953,
 31.132891 341.565613 620.561646 168.903900,
 13.920527 59.765953 168.903900 96.349152,
 18.937611 20.505249 22.080330 9.148443,
 20.505249 147.076935 160.373505 22.791267,
 22.080330 160.373505 281.882385 68.792412,
 9.148443 22.791267 68.792412 43.321075,
 21.373907 11.923534 8.092457 4.816193,
 11.923534 75.527351 68.989929 7.782682,
 8.092457 68.989929 105.284782 18.709133,
 4.816193 7.782682 18.709133 14.115868,
 30.447998 10.319885 -2.559987 7.825902,
 10.319885 38.585537 40.332741 10.787411,
 -2.559987 40.332741 91.226501 16.312263,
 7.825902 10.787411 16.312263 15.269808,

Cross-correlations of the modulus of all oriented sub-bands with all oriented sub-bands at the coarser scale (size QxQ)
 15.194290 21.485044 18.813047 8.413280,
 25.838560 113.312500 117.778267 21.146385,
 30.063635 131.030670 204.673172 61.939713,
 11.428631 30.504515 69.494537 39.331482,
 15.050297 11.893526 10.556421 4.973940,
 13.387936 56.107277 57.948898 4.454227,
 16.917927 56.861252 79.930367 16.784864,
 6.757333 9.556177 19.413643 13.027206,
 20.506977 11.771342 3.836781 9.419632,
 3.359242 25.375271 38.396683 8.652431,
 -0.068691 29.040188 47.357162 9.589053,
 3.117469 5.388612 3.409222 4.693012,

Cross-correlations of the real part of each oriented sub-band with both the real and imaginary part of all phase-doubled oriented sub-bands at the next coarser scale (Q matrices of size 1x2Q, which are computed and stored in a matrix of size Qx2Q)
 -2.113719 -3.746975 -1.844560 -1.363978 2.040761 0.537863 0.196287 -0.618662,
 -4.576170 -22.480259 -14.426464 -5.790789 0.445820 1.884453 5.876386 1.791579,
 -3.128992 -20.502041 -42.129353 -33.619522 -0.294873 3.237655 15.127120 4.355258,
 -1.004808 -3.193508 -24.109268 -24.395241 0.733980 1.095753 5.488924 0.505318,
 1.422425 -2.714604 -1.316964 -0.387277 0.829987 -1.756643 -1.222728 -0.256332,
 -0.699300 -17.610966 -11.016788 -0.320754 -0.200228 -20.954918 -16.342154 -0.089835,
 -1.241367 -14.992503 -14.927140 -7.425281 -0.538677 -19.670685 -15.390181 0.521419,
 0.414041 -1.301389 -6.555829 -7.883976 0.218900 -1.097098 -0.152484 0.154750,
 -1.859969 -0.588956 0.584888 -0.930371 0.304396 -0.284818 -0.310343 0.667832,
 -0.446246 14.234304 8.488000 0.772127 1.093588 -11.392202 -9.623802 0.407006,
 0.321602 13.765246 4.596686 -3.330813 0.461801 -14.661434 -14.335891 1.222113,
 -0.601355 -0.146754 -2.791408 -6.004986 0.049758 -1.976297 -2.204401 0.863952,
