Low-band skewness and kurtosis
 -0.554378 2.168303,
 -0.400893 2.157682,
 -0.172805 1.800644,
 -0.128226 1.807019,
 -0.052483 1.727429,

High-band variance
 1001.323975,

Skewness, kurtosis, variance, mean, maximum and minimum of the reconstructed texture
 -0.670734 1.972131 5879.115723 188.243713 255.000000 2.000000,

Auto-correlations of the low-frequency bands at each scale
 1728.461548 1682.163086 1618.027954 1563.564697 1558.290894 1637.491943 1803.698364 1809.036133 1622.217773 1481.414429 1477.554932 1647.210815 1941.624268 2242.925781 2671.739258 2795.406250 3004.808594 3225.146973 3358.862305 3367.186523 3252.738281 3608.519043 4075.011963 4491.368164 4665.013672 4491.368164 4075.011963 3608.519043 3252.738281 3367.186523 3358.862305 3225.146973 3004.808594 2795.406250 2671.739258 2242.925781 1941.624268 1647.210815 1477.554932 1481.414429 1622.217773 1809.036133 1803.698364 1637.491943 1558.290894 1563.564697 1618.027954 1682.163086 1728.461548,
 1828.957764 1806.214478 1769.688232 1726.998779 1697.087646 1709.737183 1776.458984 1781.217773 1674.733154 1596.929321 1596.718994 1688.306519 1850.272461 2022.218506 2172.003906 2228.757568 2350.016602 2487.293701 2568.347656 2575.474854 2521.792969 2677.297119 2937.898926 3185.662598 3293.324219 3185.662598 2937.898926 2677.297119 2521.792969 2575.474854 2568.347656 2487.293701 2350.016602 2228.757568 2172.003906 2022.218506 1850.272461 1688.306519 1596.718994 1596.929321 1674.733154 1781.217773 1776.458984 1709.737183 1697.087646 1726.998779 1769.688232 1806.214478 1828.957764,
 1511.508667 1519.912476 1523.049805 1521.256226 1518.263916 1524.945679 1548.626587 1694.666870 1656.632568 1627.107544 1626.468506 1657.027954 1713.005615 1773.914673 1985.889648 2019.964478 2081.239258 2143.370117 2165.613770 2151.310059 2119.296875 2243.893311 2363.354980 2486.140137 2542.881836 2486.140137 2363.354980 2243.893311 2119.296875 2151.310059 2165.613770 2143.370117 2081.239258 2019.964478 1985.889648 1773.914673 1713.005615 1657.027954 1626.468506 1627.107544 1656.632568 1694.666870 1548.626587 1524.945679 1518.263916 1521.256226 1523.049805 1519.912476 1511.508667,
 605.278076 610.976379 625.068176 646.779480 666.411194 682.330505 700.041260 1232.186523 1217.559204 1217.605835 1236.519531 1266.300903 1304.603149 1344.091309 1737.209473 1776.613159 1830.099243 1874.455688 1883.115601 1864.810913 1835.074219 1992.954956 2080.549316 2165.504395 2204.057861 2165.504395 2080.549316 1992.954956 1835.074219 1864.810913 1883.115601 1874.455688 1830.099243 1776.613159 1737.209473 1344.091309 1304.603149 1266.300903 1236.519531 1217.605835 1217.559204 1232.186523 700.041260 682.330505 666.411194 646.779480 625.068176 610.976379 605.278076,
 -1309.425781 -1359.720215 -1388.416382 -1367.128784 -1306.188843 -1253.900879 -1241.484619 -112.859329 -137.880249 -123.611374 -70.418098 -13.666553 6.007637 -18.578564 1238.161499 1254.420776 1310.696045 1370.872925 1388.538574 1358.560181 1308.119507 1864.869507 1916.847534 1985.412720 2019.395142 1985.412720 1916.847534 1864.869507 1308.119507 1358.560181 1388.538574 1370.872925 1310.696045 1254.420776 1238.161499 -18.578564 6.007637 -13.666553 -70.418098 -123.611374 -137.880249 -112.859329 -1241.484619 -1253.900879 -1306.188843 -1367.128784 -1388.416382 -1359.720215 -1309.425781,

Auto-correlations of the modulus of each oriented sub-band
 5.299701 6.450644 7.507160 8.019726 7.786049 7.018340 6.147164 6.036496 7.452568 8.708099 9.377804 9.239134 8.372248 7.180765 7.712665 10.090234 11.991838 12.477734 11.530440 9.857377 8.055493 8.645494 11.622842 14.720388 16.151812 14.720388 11.622842 8.645494 8.055493 9.857377 11.530440 12.477734 11.991838 10.090234 7.712665 7.180765 8.372248 9.239134 9.377804 8.708099 7.452568 6.036496 6.147164 7.018340 7.786049 8.019726 7.507160 6.450644 5.299701,
 108.513863 116.170090 126.372612 136.264114 142.826645 145.165665 144.195099 127.669403 144.238449 162.970123 176.325485 179.297791 173.506363 163.459015 152.518250 179.502533 208.086884 223.812363 218.097961 198.354034 175.892151 172.199188 202.446991 233.107239 247.282593 233.107239 202.446991 172.199188 175.892151 198.354034 218.097961 223.812363 208.086884 179.502533 152.518250 163.459015 173.506363 179.297791 176.325485 162.970123 144.238449 127.669403 144.195099 145.165665 142.826645 136.264114 126.372612 116.170090 108.513863,
 239.864380 252.005890 269.154755 281.221893 281.037994 271.179474 257.857788 284.740417 321.361115 366.206421 391.156006 378.244324 341.207489 303.168945 335.541046 404.518524 485.313782 526.446960 493.132019 417.452911 347.466888 362.947693 448.214569 545.756287 593.527710 545.756287 448.214569 362.947693 347.466888 417.452911 493.132019 526.446960 485.313782 404.518524 335.541046 303.168945 341.207489 378.244324 391.156006 366.206421 321.361115 284.740417 257.857788 271.179474 281.037994 281.221893 269.154755 252.005890 239.864380,
 75.139923 73.379433 71.582878 68.976349 64.632851 59.686764 55.251652 89.294083 91.804352 95.311569 96.460152 90.537811 80.244598 71.122482 99.150307 108.324379 120.985672 128.438568 119.708633 102.254875 88.053780 99.032120 113.613037 133.219559 144.272430 133.219559 113.613037 99.032120 88.053780 102.254875 119.708633 128.438568 120.985672 108.324379 99.150307 71.122482 80.244598 90.537811 96.460152 95.311569 91.804352 89.294083 55.251652 59.686764 64.632851 68.976349 71.582878 73.379433 75.139923,
 4.213889 5.135135 6.048578 6.547289 6.382616 5.674943 4.794633 4.842304 6.034735 7.081353 7.581306 7.372081 6.557527 5.454386 5.793412 7.839108 9.654589 10.238430 9.349403 7.682724 6.003377 6.314391 8.832715 11.529951 12.794819 11.529951 8.832715 6.314391 6.003377 7.682724 9.349403 10.238430 9.654589 7.839108 5.793412 5.454386 6.557527 7.372081 7.581306 7.081353 6.034735 4.842304 4.794633 5.674943 6.382616 6.547289 6.048578 5.135135 4.213889,
 57.257797 61.546509 66.490021 70.852539 73.329041 73.411713 71.131042 66.732475 77.319099 88.495995 94.972961 94.304329 88.540215 80.376595 78.281006 95.838257 114.817940 123.735275 117.138161 102.263336 87.051376 86.492050 106.153160 127.772881 138.323853 127.772881 106.153160 86.492050 87.051376 102.263336 117.138161 123.735275 114.817940 95.838257 78.281006 80.376595 88.540215 94.304329 94.972961 88.495995 77.319099 66.732475 71.131042 73.411713 73.329041 70.852539 66.490021 61.546509 57.257797,
 116.911621 124.783775 130.557999 131.228470 122.818176 107.139534 92.035248 142.071625 166.761200 190.854889 198.484711 178.206665 141.793152 110.530014 158.438660 204.869568 255.419678 276.315308 244.494934 185.088074 135.302155 155.468430 213.221359 280.613586 313.882080 280.613586 213.221359 155.468430 135.302155 185.088074 244.494934 276.315308 255.419678 204.869568 158.438660 110.530014 141.793152 178.206665 198.484711 190.854889 166.761200 142.071625 92.035248 107.139534 122.818176 131.228470 130.557999 124.783775 116.911621,
 30.665720 29.324200 27.699249 25.138142 21.728340 17.971561 14.635359 41.227734 42.238342 42.717888 41.776505 37.782692 30.622948 23.823475 46.990570 52.115520 58.349319 62.194752 57.219452 45.732899 35.687950 44.765335 54.204044 66.244904 72.890747 66.244904 54.204044 44.765335 35.687950 45.732899 57.219452 62.194752 58.349319 52.115520 46.990570 23.823475 30.622948 37.782692 41.776505 42.717888 42.238342 41.227734 14.635359 17.971561 21.728340 25.138142 27.699249 29.324200 30.665720,
 2.032262 2.541703 3.013626 3.206525 3.024783 2.625658 2.242471 2.516649 3.246493 3.947821 4.216244 3.901573 3.228764 2.535346 3.110775 4.570024 6.050085 6.634761 5.909671 4.440266 3.058950 3.398025 5.362519 7.556960 8.600617 7.556960 5.362519 3.398025 3.058950 4.440266 5.909671 6.634761 6.050085 4.570024 3.110775 2.535346 3.228764 3.901573 4.216244 3.947821 3.246493 2.516649 2.242471 2.625658 3.024783 3.206525 3.013626 2.541703 2.032262,
 6.885284 11.035437 14.958657 17.778883 18.875519 18.095749 16.032019 11.279526 18.192747 24.947727 28.436172 27.925098 24.630419 19.902124 16.838844 26.959263 37.821579 42.619186 38.558426 30.393200 22.163731 21.142963 31.861818 44.004410 50.156158 44.004410 31.861818 21.142963 22.163731 30.393200 38.558426 42.619186 37.821579 26.959263 16.838844 19.902124 24.630419 27.925098 28.436172 24.947727 18.192747 11.279526 16.032019 18.095749 18.875519 17.778883 14.958657 11.035437 6.885284,
 21.004772 21.494961 27.080509 32.362312 31.035717 23.013065 13.936665 33.820103 41.887600 55.579517 64.310776 58.187374 42.054768 26.951792 44.076794 61.543560 85.580032 98.891396 86.807571 61.036716 39.609097 46.563728 69.635063 99.462021 115.027168 99.462021 69.635063 46.563728 39.609097 61.036716 86.807571 98.891396 85.580032 61.543560 44.076794 26.951792 42.054768 58.187374 64.310776 55.579517 41.887600 33.820103 13.936665 23.013065 31.035717 32.362312 27.080509 21.494961 21.004772,
 8.826498 8.964418 8.341734 7.114106 5.106407 2.471860 0.766735 12.245754 12.981530 13.264584 13.433233 11.534758 7.332374 4.401404 13.255743 15.099148 18.516581 21.747849 19.169073 12.648388 8.530081 11.703392 15.289312 22.062460 26.443247 22.062460 15.289312 11.703392 8.530081 12.648388 19.169073 21.747849 18.516581 15.099148 13.255743 4.401404 7.332374 11.534758 13.433233 13.264584 12.981530 12.245754 0.766735 2.471860 5.106407 7.114106 8.341734 8.964418 8.826498,
 -0.619885 0.270186 1.341190 1.935232 1.593666 0.576732 -0.401280 -0.628503 0.379332 1.561955 2.202078 1.855134 0.831447 -0.119615 -0.237186 1.359677 3.104590 3.946028 3.304400 1.748131 0.296137 0.360196 2.320842 4.427339 5.392241 4.427339 2.320842 0.360196 0.296137 1.748131 3.304400 3.946028 3.104590 1.359677 -0.237186 -0.119615 0.831447 1.855134 2.202078 1.561955 0.379332 -0.628503 -0.401280 0.576732 1.593666 1.935232 1.341190 0.270186 -0.619885,
 -1.722526 -1.466338 -1.146428 -0.394333 1.201703 2.731009 2.852724 -0.373944 1.113523 2.856891 3.850647 4.326013 4.580135 3.511351 1.872630 4.836864 8.478814 10.034130 8.470239 6.088360 3.566635 3.254713 6.690528 10.989419 13.349434 10.989419 6.690528 3.254713 3.566635 6.088360 8.470239 10.034130 8.478814 4.836864 1.872630 3.511351 4.580135 4.326013 3.850647 2.856891 1.113523 -0.373944 2.852724 2.731009 1.201703 -0.394333 -1.146428 -1.466338 -1.722526,
 -2.451362 -2.525423 0.103238 2.690101 0.745999 -4.847374 -8.823668 4.890071 8.917758 15.664495 19.309334 13.817621 3.032603 -5.104493 10.580338 20.463184 33.376144 39.609451 30.941240 15.151048 2.802072 9.839575 23.326208 40.356686 49.350513 40.356686 23.326208 9.839575 2.802072 15.151048 30.941240 39.609451 33.376144 20.463184 10.580338 -5.104493 3.032603 13.817621 19.309334 15.664495 8.917758 4.890071 -8.823668 -4.847374 0.745999 2.690101 0.103238 -2.525423 -2.451362,
 0.713835 1.597970 2.556443 3.134926 3.159062 2.583401 1.283970 1.548232 3.181152 5.417589 7.224613 7.525881 5.905930 3.588754 2.562912 5.478735 9.630145 12.851364 12.299638 8.509086 4.700518 3.836241 7.923912 13.170595 15.969059 13.170595 7.923912 3.836241 4.700518 8.509086 12.299638 12.851364 9.630145 5.478735 2.562912 3.588754 5.905930 7.525881 7.224613 5.417589 3.181152 1.548232 1.283970 2.583401 3.159062 3.134926 2.556443 1.597970 0.713835,

Pairwise cross-correlations of the modulus of all oriented sub-bands at the same scale (size QxQ)
 16.151812 27.176111 25.216242 17.306639,
 27.176111 247.282608 275.489349 51.601425,
 25.216242 275.489349 593.527710 199.576843,
 17.306639 51.601425 199.576843 144.272446,
 12.794820 16.304283 17.858509 9.970103,
 16.304283 138.323837 150.241684 27.354750,
 17.858509 150.241684 313.882080 99.679260,
 9.970103 27.354750 99.679260 72.890762,
 8.600617 7.743609 6.397380 3.316640,
 7.743609 50.156162 49.650372 6.846687,
 6.397380 49.650372 115.027176 33.755074,
 3.316640 6.846687 33.755074 26.443249,
 5.392242 0.583076 0.282959 2.161700,
 0.583076 13.349435 10.267086 2.107224,
 0.282959 10.267086 49.350517 17.782871,
 2.161700 2.107224 17.782871 15.969063,

Cross-correlations of the modulus of all oriented sub-bands with all oriented sub-bands at the coarser scale (size QxQ)
 9.402093 16.339806 15.772121 9.388280,
 20.461504 85.926300 83.370026 16.429790,
 25.863188 102.193481 168.843948 65.057472,
 14.647079 30.879492 74.322792 53.561325,
 7.003714 7.837267 8.157639 4.513613,
 11.988224 41.551186 47.633984 9.463658,
 15.857557 37.113625 66.530869 23.044029,
 7.329653 4.832694 17.867409 16.248102,
 4.168611 1.264016 1.686795 2.774930,
 3.557862 10.847479 6.023494 -1.510792,
 2.481610 13.551354 23.704084 7.858918,
 1.839856 3.181880 10.486595 6.994582,

Cross-correlations of the real part of each oriented sub-band with both the real and imaginary part of all phase-doubled oriented sub-bands at the next coarser scale (Q matrices of size 1x2Q, which are computed and stored in a matrix of size Qx2Q)
 -1.989797 -4.622361 -2.570082 -3.433312 0.816021 0.041478 -0.168537 -0.038890,
 -3.917151 -37.143749 -21.123610 -6.200875 0.032684 3.935495 6.369897 0.323192,
 -3.251758 -35.855011 -49.533409 -39.837749 -0.163574 8.496319 18.247120 3.107375,
 -2.296810 -4.273738 -25.692837 -34.009068 0.242038 2.242080 6.996422 2.630926,
 -1.171923 -2.445783 -1.232092 -2.108665 1.231674 -0.608420 -0.328584 -0.709872,
 -1.767756 -19.158945 -11.008581 -0.101988 0.483906 -7.104407 -9.831441 -1.758501,
 -1.396514 -17.082861 -11.009657 -8.795878 -0.232882 -8.726383 -14.818027 -5.094749,
 -1.256796 -0.850722 -2.369495 -12.958629 0.370206 -1.532496 -2.529877 -3.546359,
 -0.107548 -1.555533 -1.087806 -0.076661 0.287603 0.350921 0.070018 -0.356753,
 -0.300610 -11.352787 -0.838643 1.482163 0.342966 -5.062094 -6.471893 -0.151595,
 -0.281341 -7.002141 8.665487 -2.516242 -0.063500 -9.802740 -13.973146 -0.900234,
 -0.268300 0.455956 1.827917 -4.684605 0.058317 -1.783805 -3.720940 -1.374076,
