Low-band skewness and kurtosis
 -0.470961 2.149871,
 -0.337265 2.388947,
 -0.074303 2.085062,
 0.270465 2.004582,
 0.355887 1.776216,

High-band variance
 1042.250854,

Skewness, kurtosis, variance, mean, maximum and minimum of the reconstructed texture
 -0.613934 1.929363 5485.327637 187.985901 255.000000 2.000000,

Auto-correlations of the low-frequency bands at each scale
 825.677124 791.209412 757.427551 730.125244 718.972839 734.763733 782.897339 751.541443 606.172791 513.472961 512.465088 615.229919 803.085022 1025.151001 2095.590820 2213.673340 2362.971924 2504.143555 2592.629639 2625.588379 2610.853516 3482.019531 3819.527832 4095.774902 4207.523438 4095.774902 3819.527832 3482.019531 2610.853516 2625.588379 2592.629639 2504.143555 2362.971924 2213.673340 2095.590820 1025.151001 803.085022 615.229919 512.465088 513.472961 606.172791 751.541443 782.897339 734.763733 718.972839 730.125244 757.427551 791.209412 825.677124,
 965.247559 948.329590 926.453003 908.963562 904.005981 919.455811 958.256836 884.682739 796.635864 744.224121 751.236450 816.067871 925.686401 1054.114136 1465.334717 1521.697144 1613.360229 1708.296387 1762.011108 1773.386841 1758.495361 2179.254883 2375.402588 2548.721191 2622.422363 2548.721191 2375.402588 2179.254883 1758.495361 1773.386841 1762.011108 1708.296387 1613.360229 1521.697144 1465.334717 1054.114136 925.686401 816.067871 751.236450 744.224121 796.635864 884.682739 958.256836 919.455811 904.005981 908.963562 926.453003 948.329590 965.247559,
 869.125732 851.229980 828.045044 798.540283 768.508057 747.557739 741.090210 849.346802 804.414429 766.684570 755.073669 777.540283 829.838745 893.756958 1200.677368 1228.621338 1278.393066 1333.483398 1367.183594 1377.501465 1371.932007 1581.963013 1681.514893 1776.393188 1818.448608 1776.393188 1681.514893 1581.963013 1371.932007 1377.501465 1367.183594 1333.483398 1278.393066 1228.621338 1200.677368 893.756958 829.838745 777.540283 755.073669 766.684570 804.414429 849.346802 741.090210 747.557739 768.508057 798.540283 828.045044 851.229980 869.125732,
 354.453125 352.426239 355.676086 367.447723 386.434143 408.927826 431.931335 752.614807 727.783508 708.244568 701.842712 705.175842 715.240295 729.517761 1093.534546 1097.166382 1105.944214 1111.724243 1099.940063 1076.024292 1051.786255 1244.678223 1292.297852 1338.434448 1359.625488 1338.434448 1292.297852 1244.678223 1051.786255 1076.024292 1099.940063 1111.724243 1105.944214 1097.166382 1093.534546 729.517761 715.240295 705.175842 701.842712 708.244568 727.783508 752.614807 431.931335 408.927826 386.434143 367.447723 355.676086 352.426239 354.453125,
 -788.358521 -795.900818 -805.212097 -804.345581 -793.073792 -784.144714 -783.748535 -43.924145 -54.011177 -55.053810 -41.698357 -25.776558 -20.780045 -26.026096 777.135071 778.097412 791.510376 808.863403 812.362183 801.411499 789.385315 1143.269897 1160.386230 1186.386841 1200.007812 1186.386841 1160.386230 1143.269897 789.385315 801.411499 812.362183 808.863403 791.510376 778.097412 777.135071 -26.026096 -20.780045 -25.776558 -41.698357 -55.053810 -54.011177 -43.924145 -783.748535 -784.144714 -793.073792 -804.345581 -805.212097 -795.900818 -788.358521,

Auto-correlations of the modulus of each oriented sub-band
 3.513065 4.906000 6.162614 6.751783 6.408810 5.382856 4.202787 4.305378 5.732561 6.966094 7.552242 7.224535 6.159412 4.873818 5.587083 7.686476 9.339444 9.838302 9.064582 7.496100 5.738616 6.167246 8.735245 11.282530 12.417821 11.282530 8.735245 6.167246 5.738616 7.496100 9.064582 9.838302 9.339444 7.686476 5.587083 4.873818 6.159412 7.224535 7.552242 6.966094 5.732561 4.305378 4.202787 5.382856 6.408810 6.751783 6.162614 4.906000 3.513065,
 56.243725 58.697205 62.029160 65.895035 68.941299 70.491196 70.632019 73.631851 83.364037 93.692284 100.472488 101.053230 97.074257 91.355667 96.230225 114.410919 133.334030 143.022232 137.751236 123.684265 108.818237 111.389236 132.268234 153.855194 164.081635 153.855194 132.268234 111.389236 108.818237 123.684265 137.751236 143.022232 133.334030 114.410919 96.230225 91.355667 97.074257 101.053230 100.472488 93.692284 83.364037 73.631851 70.632019 70.491196 68.941299 65.895035 62.029160 58.697205 56.243725,
 182.346024 195.348236 209.364883 218.441040 217.279312 208.908905 198.650375 263.353180 304.209717 344.140594 363.659485 349.725006 313.882690 275.693756 358.227112 434.314697 508.401581 542.234863 510.894440 438.622314 364.315125 404.029938 496.807617 588.276367 629.920776 588.276367 496.807617 404.029938 364.315125 438.622314 510.894440 542.234863 508.401581 434.314697 358.227112 275.693756 313.882690 349.725006 363.659485 344.140594 304.209717 263.353180 198.650375 208.908905 217.279312 218.441040 209.364883 195.348236 182.346024,
 47.687275 47.791752 47.597717 45.854790 42.264709 38.254086 35.430096 64.561913 68.629547 72.816116 73.482468 67.498047 57.817410 50.037941 79.375084 89.234428 101.148804 107.100433 98.476730 82.083534 68.994362 81.718086 95.908066 114.062447 123.924507 114.062447 95.908066 81.718086 68.994362 82.083534 98.476730 107.100433 101.148804 89.234428 79.375084 50.037941 57.817410 67.498047 73.482468 72.816116 68.629547 64.561913 35.430096 38.254086 42.264709 45.854790 47.597717 47.791752 47.687275,
 2.812673 3.345032 3.790845 3.974480 3.792932 3.309858 2.725671 3.303283 4.206254 4.907298 5.125804 4.826503 4.199776 3.504357 4.160510 5.819894 7.272501 7.770482 7.085205 5.730569 4.367517 4.768249 6.874687 9.005618 9.968289 9.005618 6.874687 4.768249 4.367517 5.730569 7.085205 7.770482 7.272501 5.819894 4.160510 3.504357 4.199776 4.826503 5.125804 4.907298 4.206254 3.303283 2.725671 3.309858 3.792932 3.974480 3.790845 3.345032 2.812673,
 29.102524 31.839390 33.449734 33.459206 32.155285 30.264599 27.916664 36.270687 44.360641 50.922390 52.437279 48.930874 43.076141 36.521191 44.667915 59.394028 73.642647 78.513016 71.067894 58.179024 45.515671 49.001324 65.864563 83.793945 92.513885 83.793945 65.864563 49.001324 45.515671 58.179024 71.067894 78.513016 73.642647 59.394028 44.667915 36.521191 43.076141 48.930874 52.437279 50.922390 44.360641 36.270687 27.916664 30.264599 32.155285 33.459206 33.449734 31.839390 29.102524,
 61.524918 73.344337 83.559761 87.875748 83.468361 73.395775 62.287888 95.898834 123.543602 149.295303 160.490646 149.306564 123.380257 95.701523 134.212982 182.674316 229.450623 249.983582 228.962219 181.571747 132.866089 150.540466 209.547974 267.768433 294.040955 267.768433 209.547974 150.540466 132.866089 181.571747 228.962219 249.983582 229.450623 182.674316 134.212982 95.701523 123.380257 149.306564 160.490646 149.295303 123.543602 95.898834 62.287888 73.395775 83.468361 87.875748 83.559761 73.344337 61.524918,
 17.090616 18.223589 19.293011 19.678688 18.354984 15.279901 12.007921 24.321779 27.283028 30.553593 32.939789 31.553612 26.120926 20.112562 30.828516 36.876873 44.576450 50.244686 47.405575 37.741344 28.569597 32.702881 41.874744 53.355278 59.467030 53.355278 41.874744 32.702881 28.569597 37.741344 47.405575 50.244686 44.576450 36.876873 30.828516 20.112562 26.120926 31.553612 32.939789 30.553593 27.283028 24.321779 12.007921 15.279901 18.354984 19.678688 19.293011 18.223589 17.090616,
 0.938710 1.292625 1.632316 1.759151 1.592548 1.244277 0.926593 1.108606 1.501037 1.910506 2.078963 1.899171 1.515993 1.137252 1.444613 2.199830 3.054406 3.406034 2.984181 2.185438 1.499074 1.702949 2.764813 4.093710 4.758571 4.093710 2.764813 1.702949 1.499074 2.185438 2.984181 3.406034 3.054406 2.199830 1.444613 1.137252 1.515993 1.899171 2.078963 1.910506 1.501037 1.108606 0.926593 1.244277 1.592548 1.759151 1.632316 1.292625 0.938710,
 11.382418 13.057025 16.284307 20.292973 23.569300 24.487667 22.088427 16.229090 21.286150 28.127142 33.496990 35.072723 32.562981 26.677279 21.797369 30.581627 41.514511 47.864605 45.340408 37.310966 28.047266 26.217892 36.807766 48.818481 54.850319 48.818481 36.807766 26.217892 28.047266 37.310966 45.340408 47.864605 41.514511 30.581627 21.797369 26.677279 32.562981 35.072723 33.496990 28.127142 21.286150 16.229090 22.088427 24.487667 23.569300 20.292973 16.284307 13.057025 11.382418,
 40.351612 41.426075 43.816593 44.643360 42.294933 36.567051 28.051449 62.828754 73.264771 85.001358 89.925835 83.427628 68.732071 51.372021 83.174408 106.478752 130.713196 141.390274 129.465881 103.355782 75.651276 89.113747 120.284210 151.572693 166.044037 151.572693 120.284210 89.113747 75.651276 103.355782 129.465881 141.390274 130.713196 106.478752 83.174408 51.372021 68.732071 83.427628 89.925835 85.001358 73.264771 62.828754 28.051449 36.567051 42.294933 44.643360 43.816593 41.426075 40.351612,
 4.074586 3.423054 3.209234 3.449206 3.495543 3.399539 3.069276 7.392498 8.499897 10.594995 12.756243 12.702311 10.596523 8.187815 11.108883 14.420323 19.479656 23.703163 22.206135 16.754890 12.232777 13.229042 18.075859 25.060379 29.243549 25.060379 18.075859 13.229042 12.232777 16.754890 22.206135 23.703163 19.479656 14.420323 11.108883 8.187815 10.596523 12.702311 12.756243 10.594995 8.499897 7.392498 3.069276 3.399539 3.495543 3.449206 3.209234 3.423054 4.074586,
 0.343364 0.659880 0.898861 0.981591 0.888741 0.629793 0.279168 0.519672 0.927908 1.148709 1.154258 0.997540 0.715820 0.338854 0.535980 1.055005 1.527361 1.720317 1.447114 0.886219 0.359156 0.477341 1.126162 1.923743 2.340378 1.923743 1.126162 0.477341 0.359156 0.886219 1.447114 1.720317 1.527361 1.055005 0.535980 0.338854 0.715820 0.997540 1.154258 1.148709 0.927908 0.519672 0.279168 0.629793 0.888741 0.981591 0.898861 0.659880 0.343364,
 -3.088281 -2.466535 -1.861177 -1.047484 -0.045700 0.934423 1.725573 -0.309462 1.549930 2.789374 3.158738 3.168963 2.949020 2.185988 2.389618 6.025437 9.327584 10.205431 8.551162 6.069608 3.376464 3.735877 7.826777 12.122869 14.275125 12.122869 7.826777 3.735877 3.376464 6.069608 8.551162 10.205431 9.327584 6.025437 2.389618 2.185988 2.949020 3.168963 3.158738 2.789374 1.549930 -0.309462 1.725573 0.934423 -0.045700 -1.047484 -1.861177 -2.466535 -3.088281,
 -9.248782 -11.281054 -12.171076 -10.825155 -6.979242 -0.924706 5.213803 -2.989070 0.024431 5.040264 11.524004 17.150623 19.986795 19.100327 6.922606 18.357605 31.901949 42.531219 44.386856 37.084297 25.252960 19.019478 35.681664 51.571434 58.650478 51.571434 35.681664 19.019478 25.252960 37.084297 44.386856 42.531219 31.901949 18.357605 6.922606 19.100327 19.986795 17.150623 11.524004 5.040264 0.024431 -2.989070 5.213803 -0.924706 -6.979242 -10.825155 -12.171076 -11.281054 -9.248782,
 -1.819720 -2.170960 -2.312941 -2.058843 -1.347179 -0.465451 0.493026 0.073976 0.376939 1.038130 2.045001 2.745736 2.726230 2.551527 2.671890 4.228484 6.356919 8.207513 7.973683 5.988079 4.084060 4.271549 6.736290 9.784164 11.430937 9.784164 6.736290 4.271549 4.084060 5.988079 7.973683 8.207513 6.356919 4.228484 2.671890 2.551527 2.726230 2.745736 2.045001 1.038130 0.376939 0.073976 0.493026 -0.465451 -1.347179 -2.058843 -2.312941 -2.170960 -1.819720,

Pairwise cross-correlations of the modulus of all oriented sub-bands at the same scale (size QxQ)
 12.417819 13.872663 10.647051 11.009933,
 13.872663 164.081650 246.095566 59.905392,
 10.647051 246.095566 629.920776 208.063782,
 11.009933 59.905392 208.063782 123.924507,
 9.968290 10.977240 10.728825 7.976617,
 10.977240 92.513878 124.256607 26.224033,
 10.728825 124.256607 294.040985 89.709366,
 7.976617 26.224033 89.709366 59.467033,
 4.758572 5.198298 4.565374 2.628572,
 5.198298 54.850319 71.064819 13.321740,
 4.565374 71.064819 166.044037 48.393608,
 2.628572 13.321740 48.393608 29.243553,
 2.340378 2.177899 -0.547465 -0.010691,
 2.177899 14.275126 16.078268 2.621078,
 -0.547465 16.078268 58.650482 18.463642,
 -0.010691 2.621078 18.463642 11.430937,

Cross-correlations of the modulus of all oriented sub-bands with all oriented sub-bands at the coarser scale (size QxQ)
 7.620028 9.037309 6.038324 7.705310,
 13.628099 39.461216 46.041458 13.715414,
 18.358116 48.035713 93.971085 39.731228,
 11.411251 11.565049 31.136787 30.646217,
 4.172492 5.510058 4.513341 3.557801,
 6.442568 19.617393 29.937243 8.600126,
 9.082482 23.449512 44.848141 12.054438,
 5.490848 9.360497 11.847816 7.870515,
 1.712635 1.580253 -0.488901 0.593176,
 1.889094 7.645999 2.807571 -2.319746,
 0.665505 7.168674 9.616714 -0.308350,
 0.731830 1.051210 0.464897 2.127766,

Cross-correlations of the real part of each oriented sub-band with both the real and imaginary part of all phase-doubled oriented sub-bands at the next coarser scale (Q matrices of size 1x2Q, which are computed and stored in a matrix of size Qx2Q)
 -1.045158 -2.485831 -1.028147 -1.087666 1.407331 0.402210 0.065011 -0.205861,
 -2.075879 -24.818111 -25.330256 -12.648298 0.638586 2.593118 5.000405 0.164266,
 -1.625525 -29.479429 -69.881943 -49.121487 -0.038725 3.851771 7.547966 -1.088993,
 -0.772443 -4.884404 -30.438063 -27.454910 0.443172 0.939256 0.912074 -1.542923,
 -0.188002 -1.666251 -0.992702 -0.713764 -0.032639 0.451916 -0.117812 -0.091174,
 -0.769595 -16.598015 -11.629650 -1.014242 0.302090 2.314282 8.059021 3.562703,
 -0.497620 -16.912022 -13.690566 -6.811828 0.190107 5.486506 28.818228 10.051004,
 -0.126066 -2.068799 -2.411247 -6.300283 0.026167 2.189393 10.912434 2.808995,
 0.077815 -1.048311 -0.421679 -0.331488 -1.323627 -0.109764 0.109328 0.311870,
 -0.173700 -1.657014 8.741150 0.162779 -0.441305 1.146295 9.609402 4.285712,
 -0.249531 0.758420 22.892626 -1.290973 0.096827 4.372082 30.669891 15.952002,
 -0.147312 0.139894 5.893750 -2.211531 -0.457341 1.809690 12.997887 8.648556,
