Low-band skewness and kurtosis
 -0.581333 2.145237,
 -0.450769 2.157773,
 -0.273260 1.903763,
 -0.110339 1.668059,
 -0.035552 1.598836,

High-band variance
 949.723755,

Skewness, kurtosis, variance, mean, maximum and minimum of the reconstructed texture
 -0.697475 1.996263 5984.271484 188.733887 255.000000 4.000000,

Auto-correlations of the low-frequency bands at each scale
 1891.828613 1851.629517 1787.643433 1720.918701 1696.206177 1760.137085 1924.158691 1899.528076 1720.340820 1628.657227 1695.264160 1934.180420 2288.076660 2641.282471 2687.350098 2839.996582 3117.476074 3435.270508 3663.968262 3735.893555 3642.782227 3722.018311 4223.669922 4657.778809 4836.765625 4657.778809 4223.669922 3722.018311 3642.782227 3735.893555 3663.968262 3435.270508 3117.476074 2839.996582 2687.350098 2641.282471 2288.076660 1934.180420 1695.264160 1628.657227 1720.340820 1899.528076 1924.158691 1760.137085 1696.206177 1720.918701 1787.643433 1851.629517 1891.828613,
 1805.381470 1828.531250 1812.425171 1764.231445 1712.437378 1705.029297 1773.889038 1865.119995 1746.123657 1662.681519 1665.595947 1763.258179 1934.942749 2125.853516 2275.588623 2326.871582 2476.960693 2670.814941 2804.801025 2832.480957 2759.429443 2846.263184 3138.173340 3407.513184 3523.009277 3407.513184 3138.173340 2846.263184 2759.429443 2832.480957 2804.801025 2670.814941 2476.960693 2326.871582 2275.588623 2125.853516 1934.942749 1763.258179 1665.595947 1662.681519 1746.123657 1865.119995 1773.889038 1705.029297 1712.437378 1764.231445 1812.425171 1828.531250 1805.381470,
 1442.724487 1488.213623 1531.030640 1559.459473 1578.420044 1607.278320 1651.274536 1644.914307 1638.503540 1643.307373 1672.923340 1726.280762 1801.171509 1877.754150 2004.257446 2066.236572 2164.333984 2262.645996 2303.516113 2288.139404 2242.243896 2351.592773 2502.789551 2653.005859 2721.982666 2653.005859 2502.789551 2351.592773 2242.243896 2288.139404 2303.516113 2262.645996 2164.333984 2066.236572 2004.257446 1877.754150 1801.171509 1726.280762 1672.923340 1643.307373 1638.503540 1644.914307 1651.274536 1607.278320 1578.420044 1559.459473 1531.030640 1488.213623 1442.724487,
 671.285522 681.223633 696.335022 712.541138 727.135681 747.094238 775.869629 1194.726440 1202.106201 1242.625854 1310.472046 1377.854370 1433.815674 1470.223267 1638.739868 1715.375488 1837.235840 1955.799438 2006.932373 1992.091553 1940.861938 1988.630859 2117.123047 2249.836426 2311.526123 2249.836426 2117.123047 1988.630859 1940.861938 1992.091553 2006.932373 1955.799438 1837.235840 1715.375488 1638.739868 1470.223267 1433.815674 1377.854370 1310.472046 1242.625854 1202.106201 1194.726440 775.869629 747.094238 727.135681 712.541138 696.335022 681.223633 671.285522,
 -1328.231445 -1406.526733 -1463.248047 -1440.412720 -1340.241943 -1247.687134 -1226.625977 -75.675735 -123.055702 -106.884506 -23.658672 66.507370 98.333900 64.040924 1214.914673 1235.289062 1335.403442 1448.183960 1477.578247 1417.486816 1330.451050 1796.519653 1888.133301 2018.947510 2085.670654 2018.947510 1888.133301 1796.519653 1330.451050 1417.486816 1477.578247 1448.183960 1335.403442 1235.289062 1214.914673 64.040924 98.333900 66.507370 -23.658672 -106.884506 -123.055702 -75.675735 -1226.625977 -1247.687134 -1340.241943 -1440.412720 -1463.248047 -1406.526733 -1328.231445,

Auto-correlations of the modulus of each oriented sub-band
 6.321635 7.451333 8.428068 8.913404 8.712725 7.997731 7.142219 7.254321 8.664112 9.721584 10.183412 9.954006 9.037075 7.797817 8.879780 11.391797 13.228896 13.405849 12.232928 10.592526 8.879217 9.441072 12.408352 15.696152 17.286385 15.696152 12.408352 9.441072 8.879217 10.592526 12.232928 13.405849 13.228896 11.391797 8.879780 7.797817 9.037075 9.954006 10.183412 9.721584 8.664112 7.254321 7.142219 7.997731 8.712725 8.913404 8.428068 7.451333 6.321635,
 120.369385 128.025635 138.420456 149.165222 158.027237 164.098938 166.774597 143.974701 161.998093 182.820770 198.736786 204.698029 202.342972 195.057220 176.264877 205.050720 235.970840 254.244247 250.495865 232.265198 210.597061 203.424149 234.696884 266.241028 280.929565 266.241028 234.696884 203.424149 210.597061 232.265198 250.495865 254.244247 235.970840 205.050720 176.264877 195.057220 202.342972 204.698029 198.736786 182.820770 161.998093 143.974701 166.774597 164.098938 158.027237 149.165222 138.420456 128.025635 120.369385,
 229.192429 242.165894 260.015991 273.138062 272.318115 259.310425 242.629196 277.907196 312.787079 355.737946 380.038544 366.188141 327.741302 289.648224 326.590179 389.640228 464.788971 503.299255 470.423798 397.813080 332.865753 349.531128 426.918945 517.791199 562.941467 517.791199 426.918945 349.531128 332.865753 397.813080 470.423798 503.299255 464.788971 389.640228 326.590179 289.648224 327.741302 366.188141 380.038544 355.737946 312.787079 277.907196 242.629196 259.310425 272.318115 273.138062 260.015991 242.165894 229.192429,
 60.425732 60.423347 59.782574 57.682705 53.815304 49.759796 46.607533 73.606064 75.869064 78.859756 79.772003 74.431229 66.429382 60.609604 83.104286 89.067535 98.805511 105.289444 97.441635 83.938843 74.989464 83.808441 93.014725 108.132599 117.960396 108.132599 93.014725 83.808441 74.989464 83.938843 97.441635 105.289444 98.805511 89.067535 83.104286 60.609604 66.429382 74.431229 79.772003 78.859756 75.869064 73.606064 46.607533 49.759796 53.815304 57.682705 59.782574 60.423347 60.425732,
 4.531344 5.519135 6.398461 6.815489 6.628071 6.009293 5.271862 5.171312 6.453602 7.506173 7.914666 7.584373 6.743392 5.771056 6.315682 8.523112 10.500181 11.120836 10.071680 8.144313 6.311163 6.865036 9.596701 12.480588 13.817039 12.480588 9.596701 6.865036 6.311163 8.144313 10.071680 11.120836 10.500181 8.523112 6.315682 5.771056 6.743392 7.584373 7.914666 7.506173 6.453602 5.171312 5.271862 6.009293 6.628071 6.815489 6.398461 5.519135 4.531344,
 62.472252 67.673531 74.335068 81.152405 86.354019 88.298820 86.873543 73.775787 85.177795 98.523544 108.010635 110.345505 106.587616 99.064178 88.435242 107.685928 129.481415 141.359970 136.285553 121.426010 105.416229 101.165146 122.858627 146.723785 158.313751 146.723785 122.858627 101.165146 105.416229 121.426010 136.285553 141.359970 129.481415 107.685928 88.435242 99.064178 106.587616 110.345505 108.010635 98.523544 85.177795 73.775787 86.873543 88.298820 86.354019 81.152405 74.335068 67.673531 62.472252,
 102.471786 107.410103 116.505333 124.626595 126.745735 122.333244 113.577866 118.544922 142.740814 172.558167 190.022415 182.564087 156.961029 128.560913 137.723495 184.929672 239.509689 267.398010 245.569107 193.482895 143.572342 148.393860 207.326065 273.275269 305.012146 273.275269 207.326065 148.393860 143.572342 193.482895 245.569107 267.398010 239.509689 184.929672 137.723495 128.560913 156.961029 182.564087 190.022415 172.558167 142.740814 118.544922 113.577866 122.333244 126.745735 124.626595 116.505333 107.410103 102.471786,
 27.670181 27.214634 26.246038 25.016479 23.787642 22.629807 22.028671 34.275826 35.134193 35.621090 35.896866 34.303905 30.617517 27.508347 38.342712 41.724400 46.623474 50.503216 47.517616 39.720577 33.721344 38.020004 44.039997 53.060577 58.352753 53.060577 44.039997 38.020004 33.721344 39.720577 47.517616 50.503216 46.623474 41.724400 38.342712 27.508347 30.617517 34.303905 35.896866 35.621090 35.134193 34.275826 22.028671 22.629807 23.787642 25.016479 26.246038 27.214634 27.670181,
 2.458812 4.033947 5.402740 5.971727 5.477212 4.214226 2.787982 3.003668 4.779003 6.323327 6.948201 6.370418 4.922780 3.296702 4.202746 6.631932 8.802361 9.588489 8.518771 6.228648 3.814401 4.661797 7.848357 10.900604 12.222207 10.900604 7.848357 4.661797 3.814401 6.228648 8.518771 9.588489 8.802361 6.631932 4.202746 3.296702 4.922780 6.370418 6.948201 6.323327 4.779003 3.003668 2.787982 4.214226 5.477212 5.971727 5.402740 4.033947 2.458812,
 9.119000 11.701257 14.241769 15.636035 15.454106 14.173121 12.424514 12.131656 18.310419 24.700840 27.281616 25.263184 21.429964 17.352688 16.193766 26.337973 38.254700 43.167770 37.519341 28.130419 20.337271 19.654865 30.438555 44.148979 51.459702 44.148979 30.438555 19.654865 20.337271 28.130419 37.519341 43.167770 38.254700 26.337973 16.193766 17.352688 21.429964 25.263184 27.281616 24.700840 18.310419 12.131656 12.424514 14.173121 15.454106 15.636035 14.241769 11.701257 9.119000,
 30.459057 33.573582 39.383514 44.144783 42.878014 37.281429 31.798630 40.435169 51.361851 66.642288 76.249802 70.952820 56.166645 42.639812 53.885807 75.756851 103.583130 118.739983 106.395828 78.728409 55.160267 60.765411 88.583878 122.800072 140.022507 122.800072 88.583878 60.765411 55.160267 78.728409 106.395828 118.739983 103.583130 75.756851 53.885807 42.639812 56.166645 70.952820 76.249802 66.642288 51.361851 40.435169 31.798630 37.281429 42.878014 44.144783 39.383514 33.573582 30.459057,
 8.993352 8.854488 8.883924 9.501992 10.173277 9.651560 7.861890 11.382284 12.100846 13.683186 15.898102 16.321831 13.567498 9.733410 14.215717 17.156200 21.730339 25.765644 24.315254 18.192459 12.536392 14.782070 20.021111 27.158840 31.212719 27.158840 20.021111 14.782070 12.536392 18.192459 24.315254 25.765644 21.730339 17.156200 14.215717 9.733410 13.567498 16.321831 15.898102 13.683186 12.100846 11.382284 7.861890 9.651560 10.173277 9.501992 8.883924 8.854488 8.993352,
 0.087591 2.630194 4.818839 5.785520 5.078449 3.010904 0.440518 0.769929 3.688874 6.096252 7.002729 6.045245 3.702471 0.918670 2.190095 5.944763 9.038387 10.065971 8.556358 5.319053 1.701556 2.650977 6.949471 10.738972 12.295967 10.738972 6.949471 2.650977 1.701556 5.319053 8.556358 10.065971 9.038387 5.944763 2.190095 0.918670 3.702471 6.045245 7.002729 6.096252 3.688874 0.769929 0.440518 3.010904 5.078449 5.785520 4.818839 2.630194 0.087591,
 -5.085461 -3.244937 -1.314111 -0.084922 0.953955 2.255465 3.304601 0.560652 5.763628 10.379518 12.045984 10.908439 8.391640 4.948568 6.372774 15.314952 23.602022 26.512985 22.754957 15.690732 7.706519 8.971453 19.290535 29.247101 33.971218 29.247101 19.290535 8.971453 7.706519 15.690732 22.754957 26.512985 23.602022 15.314952 6.372774 4.948568 8.391640 10.908439 12.045984 10.379518 5.763628 0.560652 3.304601 2.255465 0.953955 -0.084922 -1.314111 -3.244937 -5.085461,
 4.558622 -3.793050 -11.750923 -17.862047 -20.839573 -20.509579 -17.374985 21.994198 18.003897 12.610264 5.137343 -3.988793 -11.529510 -16.013374 27.495138 32.697124 36.196259 33.387897 21.978563 8.555596 -2.320349 16.601118 28.418716 40.988735 47.426586 40.988735 28.418716 16.601118 -2.320349 8.555596 21.978563 33.387897 36.196259 32.697124 27.495138 -16.013374 -11.529510 -3.988793 5.137343 12.610264 18.003897 21.994198 -17.374985 -20.509579 -20.839573 -17.862047 -11.750923 -3.793050 4.558622,
 -0.930881 1.499056 3.145258 2.824462 1.139086 -1.051978 -2.270841 0.626396 2.684378 3.527658 3.551716 2.552817 0.510206 -1.250637 -0.088821 1.540951 4.234241 6.879710 6.248425 2.361161 -1.292930 -1.600320 1.679039 6.804727 9.762883 6.804727 1.679039 -1.600320 -1.292930 2.361161 6.248425 6.879710 4.234241 1.540951 -0.088821 -1.250637 0.510206 2.552817 3.551716 3.527658 2.684378 0.626396 -2.270841 -1.051978 1.139086 2.824462 3.145258 1.499056 -0.930881,

Pairwise cross-correlations of the modulus of all oriented sub-bands at the same scale (size QxQ)
 17.286386 30.991270 27.334145 13.793070,
 30.991270 280.929565 294.162079 45.131466,
 27.334145 294.162079 562.941528 173.332764,
 13.793070 45.131466 173.332764 117.960396,
 13.817039 18.074837 16.549021 8.047665,
 18.074837 158.313751 158.814285 21.433823,
 16.549021 158.814285 305.012177 87.203087,
 8.047665 21.433823 87.203087 58.352757,
 12.222208 8.559544 2.748366 5.938517,
 8.559544 51.459709 55.921360 14.899090,
 2.748366 55.921360 140.022522 41.831795,
 5.938517 14.899090 41.831795 31.212723,
 12.295968 3.138396 -1.601052 4.743121,
 3.138396 33.971214 23.783497 -1.593687,
 -1.601052 23.783497 47.426590 3.715178,
 4.743121 -1.593687 3.715178 9.762884,

Cross-correlations of the modulus of all oriented sub-bands with all oriented sub-bands at the coarser scale (size QxQ)
 9.997449 16.975561 16.089703 7.819521,
 22.419060 103.001152 92.209450 17.427633,
 24.513056 103.100052 154.626846 56.030769,
 10.627623 20.986538 60.571560 37.622723,
 8.747345 9.673031 6.224784 5.922852,
 9.634110 34.035336 37.844681 9.973176,
 8.560083 41.183983 85.736282 33.400116,
 4.826442 14.411246 37.780289 20.960838,
 8.460493 4.293806 -0.667787 3.919729,
 6.287123 15.922205 11.977398 2.623581,
 1.458966 12.531985 19.219290 3.113571,
 3.668713 0.212778 1.076728 5.678144,

Cross-correlations of the real part of each oriented sub-band with both the real and imaginary part of all phase-doubled oriented sub-bands at the next coarser scale (Q matrices of size 1x2Q, which are computed and stored in a matrix of size Qx2Q)
 -1.336026 -4.219023 -2.154876 -1.017145 0.329777 0.488081 0.450530 0.060028,
 -4.563003 -33.349461 -19.139507 -4.648716 0.547801 6.962719 7.962686 1.905925,
 -3.270547 -28.930101 -38.844772 -28.012119 0.393891 7.348602 18.379589 7.831012,
 -0.617995 -2.720883 -18.932772 -19.657896 0.204714 0.886448 7.525175 3.877363,
 -0.869537 -0.743250 0.143519 -0.442676 -1.754417 -0.619487 -0.110956 0.659488,
 -1.053942 5.612817 -4.006562 -3.728111 -1.013821 -7.950609 -7.492480 -1.693710,
 -0.566596 5.158606 -29.423201 -16.985569 -0.181065 -9.017850 -6.779757 -2.324674,
 -0.401938 -0.916674 -15.930319 -10.114498 -0.565738 -0.579399 1.224115 1.210947,
 -1.367807 -1.888381 -0.226489 -0.160018 -3.126583 -1.767851 -0.334061 0.708557,
 -1.284221 -7.336046 -4.253777 0.213519 -1.440651 0.158370 3.740834 0.583036,
 -0.273857 -5.360581 -6.043061 -1.125247 -0.107669 2.377030 4.969361 4.533243,
 -0.476990 -0.580569 -0.898489 -1.638337 -1.100370 -0.879295 -0.075838 4.138108,
