Low-band skewness and kurtosis
 -0.618801 2.176460,
 -0.492509 2.208266,
 -0.424812 2.066278,
 -0.449883 1.998739,
 -0.387034 1.827146,

High-band variance
 946.638428,

Skewness, kurtosis, variance, mean, maximum and minimum of the reconstructed texture
 -0.739102 2.043916 6074.555664 190.080566 255.000000 0.000000,

Auto-correlations of the low-frequency bands at each scale
 1864.583252 1817.723633 1820.718140 1858.640503 1920.435913 2001.576172 2091.260986 2434.276855 2138.111084 1904.010376 1804.964722 1855.264771 2017.201050 2212.368164 3621.223877 3641.951416 3615.522705 3527.574707 3357.191162 3147.197998 2955.264404 3901.908691 4368.821289 4767.664062 4932.059570 4767.664062 4368.821289 3901.908691 2955.264404 3147.197998 3357.191162 3527.574707 3615.522705 3641.951416 3621.223877 2212.368164 2017.201050 1855.264771 1804.964722 1904.010376 2138.111084 2434.276855 2091.260986 2001.576172 1920.435913 1858.640503 1820.718140 1817.723633 1864.583252,
 1802.146362 1757.697266 1743.832275 1763.064697 1812.148193 1878.473877 1951.456665 2074.633301 1917.963745 1792.881226 1743.624390 1782.562622 1891.613647 2027.602905 2765.911621 2799.546875 2812.891846 2782.234375 2686.838135 2563.189453 2453.469727 2975.469971 3263.561523 3520.237061 3629.418945 3520.237061 3263.561523 2975.469971 2453.469727 2563.189453 2686.838135 2782.234375 2812.891846 2799.546875 2765.911621 2027.602905 1891.613647 1782.562622 1743.624390 1792.881226 1917.963745 2074.633301 1951.456665 1878.473877 1812.148193 1763.064697 1743.832275 1757.697266 1802.146362,
 1680.916016 1652.663208 1624.163452 1602.467773 1590.292358 1589.532349 1598.846680 2001.578613 1887.078247 1789.554810 1743.053833 1753.441284 1807.258423 1869.640381 2298.645752 2308.959961 2329.487793 2337.192871 2305.035156 2250.653809 2194.542725 2409.350830 2576.762207 2738.114014 2809.756348 2738.114014 2576.762207 2409.350830 2194.542725 2250.653809 2305.035156 2337.192871 2329.487793 2308.959961 2298.645752 1869.640381 1807.258423 1753.441284 1743.053833 1789.554810 1887.078247 2001.578613 1598.846680 1589.532349 1590.292358 1602.467773 1624.163452 1652.663208 1680.916016,
 581.580566 559.714050 552.202942 559.191040 581.402283 618.242615 666.133423 1364.483887 1317.566895 1282.308228 1265.085205 1266.995483 1289.722412 1329.709961 2027.970459 2042.817505 2045.780273 2027.101074 1978.454102 1918.224731 1866.303955 2189.690674 2287.288330 2373.047119 2410.220459 2373.047119 2287.288330 2189.690674 1866.303955 1918.224731 1978.454102 2027.101074 2045.780273 2042.817505 2027.970459 1329.709961 1289.722412 1266.995483 1265.085205 1282.308228 1317.566895 1364.483887 666.133423 618.242615 581.402283 559.191040 552.202942 559.714050 581.580566,
 -1347.815674 -1347.757324 -1376.713867 -1418.910767 -1447.803223 -1445.388428 -1414.888184 -66.591782 -79.042221 -111.008858 -145.794418 -161.789200 -147.462524 -112.707352 1382.769897 1400.867432 1419.931763 1424.663696 1409.550171 1388.081543 1374.969116 2028.855225 2086.619873 2151.759521 2181.114990 2151.759521 2086.619873 2028.855225 1374.969116 1388.081543 1409.550171 1424.663696 1419.931763 1400.867432 1382.769897 -112.707352 -147.462524 -161.789200 -145.794418 -111.008858 -79.042221 -66.591782 -1414.888184 -1445.388428 -1447.803223 -1418.910767 -1376.713867 -1347.757324 -1347.815674,

Auto-correlations of the modulus of each oriented sub-band
 5.856188 7.118206 8.233826 8.711986 8.282909 7.156191 5.852839 6.812065 8.446002 9.801915 10.258863 9.634822 8.258838 6.669847 8.304970 10.787852 12.943603 13.846050 12.979333 10.747319 8.147308 8.883781 12.308071 15.830740 17.445889 15.830740 12.308071 8.883781 8.147308 10.747319 12.979333 13.846050 12.943603 10.787852 8.304970 6.669847 8.258838 9.634822 10.258863 9.801915 8.446002 6.812065 5.852839 7.156191 8.282909 8.711986 8.233826 7.118206 5.856188,
 56.830269 61.415237 67.208954 72.421059 75.769592 78.247375 80.347878 75.087921 84.427948 96.184929 103.710693 103.218117 99.863342 97.263855 94.482758 109.102921 128.508545 139.081192 131.542419 118.011047 108.185608 107.322304 122.578041 143.941925 156.229996 143.941925 122.578041 107.322304 108.185608 118.011047 131.542419 139.081192 128.508545 109.102921 94.482758 97.263855 99.863342 103.218117 103.710693 96.184929 84.427948 75.087921 80.347878 78.247375 75.769592 72.421059 67.208954 61.415237 56.830269,
 241.053131 256.595978 272.666229 279.759705 270.772919 250.745834 229.438751 305.271759 340.909790 379.478943 395.498108 371.048645 323.370056 279.725433 357.347626 420.748352 492.745972 525.280762 484.010193 404.095398 334.837433 368.429810 447.712769 540.364990 586.698364 540.364990 447.712769 368.429810 334.837433 404.095398 484.010193 525.280762 492.745972 420.748352 357.347626 279.725433 323.370056 371.048645 395.498108 379.478943 340.909790 305.271759 229.438751 250.745834 270.772919 279.759705 272.666229 256.595978 241.053131,
 121.215637 120.097015 117.382065 112.872368 106.539108 98.954376 91.313599 149.135803 153.547638 155.156799 152.066544 142.554626 128.510956 114.280571 167.673843 181.937088 194.020508 197.352188 186.003235 164.915482 143.564926 165.526917 187.703171 209.353424 219.433167 209.353424 187.703171 165.526917 143.564926 164.915482 186.003235 197.352188 194.020508 181.937088 167.673843 114.280571 128.510956 142.554626 152.066544 155.156799 153.547638 149.135803 91.313599 98.954376 106.539108 112.872368 117.382065 120.097015 121.215637,
 4.204333 5.524481 6.655430 7.080279 6.618599 5.537662 4.329103 4.463266 5.834291 7.011480 7.530593 7.192111 6.158007 4.879350 5.523662 7.684116 9.712878 10.683180 10.031997 8.184997 6.110940 6.621882 9.530302 12.456328 13.781918 12.456328 9.530302 6.621882 6.110940 8.184997 10.031997 10.683180 9.712878 7.684116 5.523662 4.879350 6.158007 7.192111 7.530593 7.011480 5.834291 4.463266 4.329103 5.537662 6.618599 7.080279 6.655430 5.524481 4.204333,
 22.859585 27.326700 32.813278 36.510445 38.017113 38.585091 38.615688 30.491369 39.003471 49.267433 55.078098 54.667831 51.814743 48.679871 41.398811 54.030075 69.590813 77.553215 72.524818 62.608322 54.073235 51.039764 63.992424 80.190186 88.851318 80.190186 63.992424 51.039764 54.073235 62.608322 72.524818 77.553215 69.590813 54.030075 41.398811 48.679871 51.814743 54.667831 55.078098 49.267433 39.003471 30.491369 38.615688 38.585091 38.017113 36.510445 32.813278 27.326700 22.859585,
 82.912376 89.675781 95.056580 94.029022 85.067230 74.070251 66.666069 112.384254 135.186691 158.227509 164.630157 146.097321 117.014977 95.376823 141.907440 184.474701 231.739441 251.028519 222.237000 170.704895 129.789978 150.191315 201.487366 262.787262 293.320435 262.787262 201.487366 150.191315 129.789978 170.704895 222.237000 251.028519 231.739441 184.474701 141.907440 95.376823 117.014977 146.097321 164.630157 158.227509 135.186691 112.384254 66.666069 74.070251 85.067230 94.029022 95.056580 89.675781 82.912376,
 56.416588 59.049606 59.643318 57.786842 53.538620 47.808838 42.389427 69.024948 75.651939 79.985466 80.188957 74.365974 64.024147 53.868912 77.933823 91.013367 103.109314 108.167061 100.316040 83.634155 67.449905 77.368202 95.236618 113.795029 122.567657 113.795029 95.236618 77.368202 67.449905 83.634155 100.316040 108.167061 103.109314 91.013367 77.933823 53.868912 64.024147 74.365974 80.188957 79.985466 75.651939 69.024948 42.389427 47.808838 53.538620 57.786842 59.643318 59.049606 56.416588,
 3.400578 3.545778 3.568821 3.364203 2.955866 2.480087 2.072803 3.657780 4.064583 4.401359 4.371789 3.959574 3.369001 2.768328 3.793657 4.922273 6.138762 6.612677 5.981111 4.720487 3.487859 3.957062 5.741648 7.779412 8.760091 7.779412 5.741648 3.957062 3.487859 4.720487 5.981111 6.612677 6.138762 4.922273 3.793657 2.768328 3.369001 3.959574 4.371789 4.401359 4.064583 3.657780 2.072803 2.480087 2.955866 3.364203 3.568821 3.545778 3.400578,
 18.095350 19.783558 21.019329 21.774113 21.571934 20.115070 18.308226 28.701771 33.760513 37.697960 38.551704 36.481590 32.848831 28.823238 37.248531 45.753109 53.932762 56.178692 51.367645 44.132404 37.396008 40.608437 49.515148 59.523163 64.658928 59.523163 49.515148 40.608437 37.396008 44.132404 51.367645 56.178692 53.932762 45.753109 37.248531 28.823238 32.848831 36.481590 38.551704 37.697960 33.760513 28.701771 18.308226 20.115070 21.571934 21.774113 21.019329 19.783558 18.095350,
 17.852859 16.347569 16.680664 17.931715 15.584942 11.511436 9.666364 32.857754 38.677845 49.765568 56.646740 49.810070 36.582966 28.122818 46.990532 62.860538 88.234085 102.360474 88.490356 62.272747 44.972961 52.360619 73.660248 106.491142 124.546120 106.491142 73.660248 52.360619 44.972961 62.272747 88.490356 102.360474 88.234085 62.860538 46.990532 28.122818 36.582966 49.810070 56.646740 49.765568 38.677845 32.857754 9.666364 11.511436 15.584942 17.931715 16.680664 16.347569 17.852859,
 12.321396 14.681838 15.994917 16.134720 15.389776 13.910150 12.542679 20.336323 24.198847 27.075140 28.507902 27.275965 23.267431 18.918659 27.026302 33.903061 40.900650 45.052448 42.243668 33.984985 25.676006 29.103149 38.585102 48.845089 53.851837 48.845089 38.585102 29.103149 25.676006 33.984985 42.243668 45.052448 40.900650 33.903061 27.026302 18.918659 23.267431 27.275965 28.507902 27.075140 24.198847 20.336323 12.542679 13.910150 15.389776 16.134720 15.994917 14.681838 12.321396,
 -0.209493 0.142959 0.467056 0.669305 0.695935 0.549142 0.292288 -0.074206 0.452609 0.978648 1.317810 1.420559 1.304773 0.997286 0.543780 1.338279 2.079230 2.519456 2.521927 2.155332 1.616429 1.622310 2.558438 3.455601 3.870589 3.455601 2.558438 1.622310 1.616429 2.155332 2.521927 2.519456 2.079230 1.338279 0.543780 0.997286 1.304773 1.420559 1.317810 0.978648 0.452609 -0.074206 0.292288 0.549142 0.695935 0.669305 0.467056 0.142959 -0.209493,
 -1.793412 -2.308120 -2.254649 -2.112429 -1.642521 -0.029693 1.585369 -2.198012 -1.761296 -0.010606 1.534463 2.137191 2.896910 3.263665 -1.180217 1.075928 5.153557 8.031670 7.163043 4.982556 2.959452 1.046024 4.313020 8.976412 11.758217 8.976412 4.313020 1.046024 2.959452 4.982556 7.163043 8.031670 5.153557 1.075928 -1.180217 3.263665 2.896910 2.137191 1.534463 -0.010606 -1.761296 -2.198012 1.585369 -0.029693 -1.642521 -2.112429 -2.254649 -2.308120 -1.793412,
 5.064465 5.643989 3.498492 0.866487 -1.574840 -4.292226 -6.833283 14.162672 17.387447 19.283642 18.729137 12.475311 2.516047 -4.865560 18.871517 27.998268 38.856663 43.534279 33.323650 15.943799 3.794271 14.244631 27.619335 46.218842 56.358669 46.218842 27.619335 14.244631 3.794271 15.943799 33.323650 43.534279 38.856663 27.998268 18.871517 -4.865560 2.516047 12.475311 18.729137 19.283642 17.387447 14.162672 -6.833283 -4.292226 -1.574840 0.866487 3.498492 5.643989 5.064465,
 0.966369 0.611909 1.205422 2.046914 2.248418 2.256214 2.921204 10.104931 9.745527 9.790766 9.244743 7.194437 4.730591 3.580406 15.701480 17.760817 20.009836 20.289515 16.882185 11.792704 8.008508 13.992894 18.336525 23.541193 26.185566 23.541193 18.336525 13.992894 8.008508 11.792704 16.882185 20.289515 20.009836 17.760817 15.701480 3.580406 4.730591 7.194437 9.244743 9.790766 9.745527 10.104931 2.921204 2.256214 2.248418 2.046914 1.205422 0.611909 0.966369,

Pairwise cross-correlations of the modulus of all oriented sub-bands at the same scale (size QxQ)
 17.445892 20.193726 24.699024 20.806480,
 20.193726 156.230011 188.143021 47.950527,
 24.699024 188.143021 586.698486 281.672760,
 20.806480 47.950527 281.672760 219.433182,
 13.781918 16.320465 16.197128 12.623322,
 16.320465 88.851334 86.600449 17.438400,
 16.197128 86.600449 293.320465 139.532120,
 12.623322 17.438400 139.532120 122.567665,
 8.760092 10.555970 9.004101 7.579101,
 10.555970 64.658936 50.166546 8.514393,
 9.004101 50.166546 124.546127 53.114540,
 7.579101 8.514393 53.114540 53.851845,
 3.870589 0.903875 -0.948506 1.210243,
 0.903875 11.758217 8.910645 1.853330,
 -0.948506 8.910645 56.358669 26.099724,
 1.210243 1.853330 26.099724 26.185566,

Cross-correlations of the modulus of all oriented sub-bands with all oriented sub-bands at the coarser scale (size QxQ)
 10.366139 14.537066 14.773752 14.485142,
 17.674706 63.514816 65.077316 17.866077,
 24.950884 62.978813 150.928543 79.330536,
 15.698470 14.966936 82.015778 69.882187,
 6.949116 11.613694 7.120896 8.044506,
 9.881188 36.537670 22.012604 4.420524,
 12.459605 19.700415 41.316990 27.383362,
 8.253662 -0.219351 19.798635 30.821856,
 2.759773 0.823609 2.501041 6.419536,
 3.428893 4.983364 -0.237394 8.437469,
 3.465036 -0.639087 23.927433 19.541077,
 3.190968 -0.779378 16.111872 15.973814,

Cross-correlations of the real part of each oriented sub-band with both the real and imaginary part of all phase-doubled oriented sub-bands at the next coarser scale (Q matrices of size 1x2Q, which are computed and stored in a matrix of size Qx2Q)
 -1.335980 -3.784176 -2.030236 -2.174512 0.448865 0.412792 -0.060609 0.434844,
 -2.925180 -40.551514 -41.273113 -8.187838 0.045001 2.000653 2.281800 0.206971,
 -3.334748 -54.719681 -95.076584 -37.891129 -0.098615 4.381622 5.777569 0.256053,
 -2.260490 -11.803679 -37.011497 -27.620367 0.222695 1.728326 1.118390 1.248520,
 0.015726 -1.770670 -0.642975 0.920169 -1.183451 -0.755135 -0.610891 -0.637708,
 -1.581419 -20.295433 -21.294548 -0.391935 -0.625141 -3.970236 -2.009485 -1.380506,
 -0.839522 -25.564222 -29.167185 8.096916 -0.117636 -1.976664 -9.459838 -12.963737,
 0.267486 -4.516899 -2.584888 9.409115 -0.427571 0.393282 -7.255049 -10.956060,
 -0.611177 -2.478047 0.669172 0.721440 0.139646 0.348119 0.760481 1.134565,
 -1.105107 -12.581955 4.554706 3.974793 0.473299 1.684475 1.154130 2.060349,
 -0.267631 -3.197671 38.709763 28.590553 -0.072017 0.172248 12.624343 22.317556,
 0.174523 3.319129 26.913280 22.187437 -0.261127 -0.070407 12.334808 19.670258,
