Low-band skewness and kurtosis
 -0.358145 2.057368,
 -0.185742 2.316076,
 0.093415 2.212135,
 0.314506 2.089085,
 0.430104 1.757511,

High-band variance
 1105.358154,

Skewness, kurtosis, variance, mean, maximum and minimum of the reconstructed texture
 -0.550175 1.839135 5421.448242 186.460938 255.000000 4.000000,

Auto-correlations of the low-frequency bands at each scale
 351.032440 317.420837 305.504730 312.386475 335.445953 371.700745 413.108551 623.684082 416.470520 251.094940 163.075928 162.152191 235.496323 349.307831 2392.073975 2379.857910 2342.431641 2269.207275 2149.232422 2007.651001 1876.420166 3432.349854 3732.650146 3972.545898 4068.408936 3972.545898 3732.650146 3432.349854 1876.420166 2007.651001 2149.232422 2269.207275 2342.431641 2379.857910 2392.073975 349.307831 235.496323 162.152191 163.075928 251.094940 416.470520 623.684082 413.108551 371.700745 335.445953 312.386475 305.504730 317.420837 351.032440,
 591.738220 606.378296 635.319397 672.672302 711.595642 745.248413 768.565369 517.498596 384.184204 284.441559 237.609924 248.694672 312.250977 407.662384 1470.229370 1449.710083 1415.208252 1354.070801 1259.465088 1160.526733 1085.354858 2046.760742 2243.663330 2408.268066 2476.430664 2408.268066 2243.663330 2046.760742 1085.354858 1160.526733 1259.465088 1354.070801 1415.208252 1449.710083 1470.229370 407.662384 312.250977 248.694672 237.609924 284.441559 384.184204 517.498596 768.565369 745.248413 711.595642 672.672302 635.319397 606.378296 591.738220,
 652.509583 644.275696 642.705017 650.845825 666.791809 681.515076 687.915710 661.913635 607.932983 568.255981 555.630066 571.237427 610.693115 663.328552 1024.081665 1030.108887 1029.948608 1014.439026 973.883423 930.351990 906.471008 1244.770752 1338.857910 1426.788452 1466.356445 1426.788452 1338.857910 1244.770752 906.471008 930.351990 973.883423 1014.439026 1029.948608 1030.108887 1024.081665 663.328552 610.693115 571.237427 555.630066 568.255981 607.932983 661.913635 687.915710 681.515076 666.791809 650.845825 642.705017 644.275696 652.509583,
 186.186722 185.186890 181.291718 173.165955 160.126648 145.694580 134.549057 503.152008 485.348389 466.748535 453.333160 446.915771 448.388916 453.854584 835.111572 842.452637 848.567810 846.785583 832.177063 814.869385 801.994141 975.132568 1014.775146 1055.401978 1074.370605 1055.401978 1014.775146 975.132568 801.994141 814.869385 832.177063 846.785583 848.567810 842.452637 835.111572 453.854584 448.388916 446.915771 453.333160 466.748535 485.348389 503.152008 134.549057 145.694580 160.126648 173.165955 181.291718 185.186890 186.186722,
 -515.104675 -526.249634 -544.741882 -558.976807 -560.273010 -549.274658 -532.167908 -71.467651 -74.453842 -90.849571 -111.064377 -125.084236 -124.648895 -108.258209 541.853333 561.182556 569.786804 560.758911 535.332581 510.999207 505.314758 848.849731 876.372803 909.229736 924.704163 909.229736 876.372803 848.849731 505.314758 510.999207 535.332581 560.758911 569.786804 561.182556 541.853333 -108.258209 -124.648895 -125.084236 -111.064377 -90.849571 -74.453842 -71.467651 -532.167908 -549.274658 -560.273010 -558.976807 -544.741882 -526.249634 -515.104675,

Auto-correlations of the modulus of each oriented sub-band
 3.342248 4.326632 5.201011 5.558896 5.189509 4.263346 3.170709 4.070679 5.160840 6.091190 6.442572 5.996035 4.941612 3.707224 4.880664 6.508075 7.964181 8.592471 8.009491 6.479135 4.674030 5.217398 7.493839 9.682803 10.633737 9.682803 7.493839 5.217398 4.674030 6.479135 8.009491 8.592471 7.964181 6.508075 4.880664 3.707224 4.941612 5.996035 6.442572 6.091190 5.160840 4.070679 3.170709 4.263346 5.189509 5.558896 5.201011 4.326632 3.342248,
 19.599432 21.994600 24.497799 25.955070 25.948505 25.202570 24.664850 32.752155 39.834541 47.464920 50.711739 48.188042 43.472946 39.799732 48.412510 61.016567 75.868530 82.331482 75.406494 63.231220 53.975933 57.789955 71.534393 89.173050 98.320206 89.173050 71.534393 57.789955 53.975933 63.231220 75.406494 82.331482 75.868530 61.016567 48.412510 39.799732 43.472946 48.188042 50.711739 47.464920 39.834541 32.752155 24.664850 25.202570 25.948505 25.955070 24.497799 21.994600 19.599432,
 101.237000 110.629410 120.996536 126.074387 120.683212 108.593979 96.260468 197.562714 231.398514 264.024200 278.284607 262.156342 225.294693 185.981293 300.161346 367.595154 431.973419 460.270447 430.484894 362.635071 290.917877 343.131042 429.175293 511.760742 548.784180 511.760742 429.175293 343.131042 290.917877 362.635071 430.484894 460.270447 431.973419 367.595154 300.161346 185.981293 225.294693 262.156342 278.284607 264.024200 231.398514 197.562714 96.260468 108.593979 120.683212 126.074387 120.996536 110.629410 101.237000,
 45.148556 46.100212 46.410282 45.518715 43.011410 39.262337 35.349064 70.277893 75.687279 79.782120 80.161346 74.745529 64.889336 54.390480 92.202507 105.207008 116.998726 121.510124 113.657890 97.089012 79.693733 96.477173 115.324776 133.543610 141.825882 133.543610 115.324776 96.477173 79.693733 97.089012 113.657890 121.510124 116.998726 105.207008 92.202507 54.390480 64.889336 74.745529 80.161346 79.782120 75.687279 70.277893 35.349064 39.262337 43.011410 45.518715 46.410282 46.100212 45.148556,
 2.189431 2.758928 3.285125 3.510122 3.297878 2.774786 2.223747 2.539094 3.108907 3.636543 3.850777 3.606643 3.009343 2.341423 3.187129 4.287107 5.406178 5.904333 5.404402 4.209839 2.978289 3.535257 5.200715 6.981332 7.809218 6.981332 5.200715 3.535257 2.978289 4.209839 5.404402 5.904333 5.406178 4.287107 3.187129 2.341423 3.009343 3.606643 3.850777 3.636543 3.108907 2.539094 2.223747 2.774786 3.297878 3.510122 3.285125 2.758928 2.189431,
 12.473501 15.395081 17.440649 17.568226 15.850668 13.503292 11.245718 18.168703 25.123363 30.911385 31.665354 27.612373 22.310612 17.713659 24.357510 35.425678 46.863262 50.193695 42.892612 32.535412 24.287678 27.082809 38.567917 52.568451 59.924080 52.568451 38.567917 27.082809 24.287678 32.535412 42.892612 50.193695 46.863262 35.425678 24.357510 17.713659 22.310612 27.612373 31.665354 30.911385 25.123363 18.168703 11.245718 13.503292 15.850668 17.568226 17.440649 15.395081 12.473501,
 58.286243 77.454041 96.879158 108.141739 104.608376 86.500229 59.653996 107.579231 146.531982 182.033386 198.069519 184.536041 146.823914 99.809105 158.063095 222.042694 279.593292 304.152954 280.108185 220.735016 152.157913 179.077118 256.500092 326.159973 355.895142 326.159973 256.500092 179.077118 152.157913 220.735016 280.108185 304.152954 279.593292 222.042694 158.063095 99.809105 146.823914 184.536041 198.069519 182.033386 146.531982 107.579231 59.653996 86.500229 104.608376 108.141739 96.879158 77.454041 58.286243,
 25.634188 27.431288 28.708839 29.264765 28.033028 24.181963 18.668047 38.008022 43.143509 47.546089 49.628025 46.635231 38.179504 27.943851 47.838844 58.563183 69.222572 74.827652 69.585732 55.638645 40.712593 49.146339 64.538269 80.193451 87.522766 80.193451 64.538269 49.146339 40.712593 55.638645 69.585732 74.827652 69.222572 58.563183 47.838844 27.943851 38.179504 46.635231 49.628025 47.546089 43.143509 38.008022 18.668047 24.181963 28.033028 29.264765 28.708839 27.431288 25.634188,
 0.655262 1.073360 1.499042 1.699135 1.581182 1.199573 0.715271 0.969689 1.433707 1.882727 2.047763 1.866512 1.452582 0.993234 1.396001 2.305386 3.327741 3.821859 3.435414 2.511635 1.633451 1.851745 3.183456 4.714818 5.450652 4.714818 3.183456 1.851745 1.633451 2.511635 3.435414 3.821859 3.327741 2.305386 1.396001 0.993234 1.452582 1.866512 2.047763 1.882727 1.433707 0.969689 0.715271 1.199573 1.581182 1.699135 1.499042 1.073360 0.655262,
 4.576927 5.065272 4.848534 4.338421 4.704879 4.871799 3.606613 6.753311 9.424019 11.520035 10.835758 9.109476 8.094086 6.417898 9.006182 13.401160 18.826376 19.945259 15.782907 11.803855 9.055906 10.133457 14.305661 20.777992 24.814247 20.777992 14.305661 10.133457 9.055906 11.803855 15.782907 19.945259 18.826376 13.401160 9.006182 6.417898 8.094086 9.109476 10.835758 11.520035 9.424019 6.753311 3.606613 4.871799 4.704879 4.338421 4.848534 5.065272 4.576927,
 15.539514 24.331169 29.265823 27.740520 21.287598 15.069839 12.059413 33.742599 49.294514 61.181828 62.703083 52.919994 39.772732 29.674301 49.602520 72.974167 94.766296 102.189110 89.079468 66.788651 47.069355 55.196320 80.975304 107.990219 120.938629 107.990219 80.975304 55.196320 47.069355 66.788651 89.079468 102.189110 94.766296 72.974167 49.602520 29.674301 39.772732 52.919994 62.703083 61.181828 49.294514 33.742599 12.059413 15.069839 21.287598 27.740520 29.265823 24.331169 15.539514,
 10.626597 10.564644 9.563268 8.282241 7.214686 6.011590 4.550148 16.484652 17.779131 18.471258 18.940926 18.176485 15.327674 11.713019 21.051958 25.114859 29.248652 32.084179 30.490816 24.936045 18.941305 22.415535 28.759075 35.402374 38.707508 35.402374 28.759075 22.415535 18.941305 24.936045 30.490816 32.084179 29.248652 25.114859 21.051958 11.713019 15.327674 18.176485 18.940926 18.471258 17.779131 16.484652 4.550148 6.011590 7.214686 8.282241 9.563268 10.564644 10.626597,
 -0.022470 0.028807 0.265416 0.503342 0.509851 0.260606 -0.060456 -0.144131 0.035947 0.400885 0.731868 0.809515 0.607483 0.314006 0.011086 0.532826 1.232303 1.676973 1.541981 1.018251 0.523949 0.403478 1.171725 2.106359 2.565663 2.106359 1.171725 0.403478 0.523949 1.018251 1.541981 1.676973 1.232303 0.532826 0.011086 0.314006 0.607483 0.809515 0.731868 0.400885 0.035947 -0.144131 -0.060456 0.260606 0.509851 0.503342 0.265416 0.028807 -0.022470,
 -1.227299 0.517823 1.906219 2.762383 3.264399 3.627056 3.446399 -1.101424 1.529131 3.934541 4.995715 4.881278 4.436244 3.820349 -0.031510 3.270840 7.019192 8.599701 7.113828 4.848321 3.045131 1.551841 4.551097 8.488063 10.715338 8.488063 4.551097 1.551841 3.045131 4.848321 7.113828 8.599701 7.019192 3.270840 -0.031510 3.820349 4.436244 4.881278 4.995715 3.934541 1.529131 -1.101424 3.446399 3.627056 3.264399 2.762383 1.906219 0.517823 -1.227299,
 0.477274 0.492495 0.763082 1.105043 0.506926 0.741093 2.037353 -1.886763 0.754571 4.888524 8.083859 7.420356 5.693218 5.242774 0.230725 6.930571 15.870065 21.527718 18.516663 11.778858 7.006474 4.814161 12.767015 23.319607 29.184624 23.319607 12.767015 4.814161 7.006474 11.778858 18.516663 21.527718 15.870065 6.930571 0.230725 5.242774 5.693218 7.420356 8.083859 4.888524 0.754571 -1.886763 2.037353 0.741093 0.506926 1.105043 0.763082 0.492495 0.477274,
 -0.491731 0.327046 1.045174 1.153607 0.416682 -0.428730 -0.801347 0.037862 1.590607 2.983762 3.458343 2.384161 0.800694 -0.048462 1.180116 3.651598 6.399161 7.818283 6.166562 3.192812 1.225334 1.826366 4.611883 8.321705 10.382847 8.321705 4.611883 1.826366 1.225334 3.192812 6.166562 7.818283 6.399161 3.651598 1.180116 -0.048462 0.800694 2.384161 3.458343 2.983762 1.590607 0.037862 -0.801347 -0.428730 0.416682 1.153607 1.045174 0.327046 -0.491731,

Pairwise cross-correlations of the modulus of all oriented sub-bands at the same scale (size QxQ)
 10.633737 8.952621 7.084040 11.843626,
 8.952621 98.320221 166.665237 50.417545,
 7.084040 166.665237 548.784119 220.738968,
 11.843626 50.417545 220.738968 141.825928,
 7.809219 5.432435 6.085367 8.965568,
 5.432435 59.924084 110.772125 36.087402,
 6.085367 110.772125 355.895142 139.013885,
 8.965568 36.087402 139.013885 87.522774,
 5.450653 2.275326 -0.966444 4.762547,
 2.275326 24.814247 33.823402 10.394731,
 -0.966444 33.823402 120.938629 46.068192,
 4.762547 10.394731 46.068192 38.707512,
 2.565664 2.363663 0.257975 1.354529,
 2.363663 10.715338 8.699855 1.319855,
 0.257975 8.699855 29.184620 10.723413,
 1.354529 1.319855 10.723413 10.382849,

Cross-correlations of the modulus of all oriented sub-bands with all oriented sub-bands at the coarser scale (size QxQ)
 6.163556 4.823332 2.663131 8.666411,
 7.575327 16.144207 20.453465 14.441783,
 11.987446 14.821669 42.889549 29.747387,
 10.697104 4.244649 14.762115 22.411030,
 3.734856 2.729625 -2.408254 3.936057,
 5.186401 4.666020 -0.140285 3.493262,
 8.989575 9.842200 17.369390 7.427938,
 6.893846 8.428722 8.966601 11.301950,
 2.086436 1.331995 -2.087246 0.566803,
 1.713231 2.948903 -2.285964 0.799110,
 0.360432 1.094502 0.447818 3.663928,
 2.089681 -0.699232 -6.602351 2.044875,

Cross-correlations of the real part of each oriented sub-band with both the real and imaginary part of all phase-doubled oriented sub-bands at the next coarser scale (Q matrices of size 1x2Q, which are computed and stored in a matrix of size Qx2Q)
 -0.871402 -0.972404 -0.648872 -1.575262 0.658853 -0.168317 -0.018921 -0.221071,
 -0.858987 -26.209578 -39.400986 -14.028255 0.109231 0.826563 9.278947 3.749111,
 -1.166602 -49.514549 -113.253784 -54.550594 -0.175660 6.364386 36.610928 12.647423,
 -1.289916 -13.424153 -45.691792 -29.930361 0.187146 3.190423 16.866224 4.761946,
 -0.055370 -0.744853 -0.891770 -1.189063 0.255279 -0.466322 -0.112423 0.578392,
 -0.175203 -9.478015 -17.904949 -5.027670 -0.045130 -5.642895 -5.212564 -1.995748,
 -0.490404 -14.301634 -47.477036 -25.888018 -0.428203 -4.897451 -12.628878 -5.393481,
 -0.522503 -3.373522 -20.624367 -18.471495 -0.228052 -0.156343 -4.714681 -0.022919,
 1.081120 0.178762 0.098953 -0.199811 -0.649212 -0.395356 -0.088522 0.155476,
 0.343924 0.319050 -2.426007 -0.451208 -0.273206 1.306130 10.309468 2.459933,
 -0.097031 -0.802326 -3.999626 2.643963 -0.165419 5.743020 24.334972 4.903473,
 0.365935 -0.381308 0.644046 2.565771 -0.407160 1.854319 6.663203 1.103973,
