Low-band skewness and kurtosis
 -0.682499 2.213302,
 -0.570965 2.156462,
 -0.424331 1.980921,
 -0.356336 1.658177,
 -0.326173 1.654130,

High-band variance
 864.269043,

Skewness, kurtosis, variance, mean, maximum and minimum of the reconstructed texture
 -0.779369 2.085163 6209.912598 191.409363 255.000000 0.000000,

Auto-correlations of the low-frequency bands at each scale
 2319.353271 2280.461670 2243.413330 2222.193604 2240.702881 2310.259033 2410.300049 2448.767334 2301.228516 2200.546387 2196.655029 2298.246582 2467.092285 2637.189209 3505.544189 3593.310303 3715.150635 3828.319092 3868.201416 3825.979736 3734.135498 4419.392578 4749.790527 5042.379883 5165.298340 5042.379883 4749.790527 4419.392578 3734.135498 3825.979736 3868.201416 3828.319092 3715.150635 3593.310303 3505.544189 2637.189209 2467.092285 2298.246582 2196.655029 2200.546387 2301.228516 2448.767334 2410.300049 2310.259033 2240.702881 2222.193604 2243.413330 2280.461670 2319.353271,
 2335.109375 2303.694580 2267.087646 2234.291992 2220.355225 2229.799072 2249.971191 2292.842285 2189.811768 2118.399902 2115.753906 2188.204590 2306.792236 2422.307617 2875.431396 2931.101074 3013.356934 3093.666504 3126.221191 3110.589355 3072.899658 3459.171875 3669.563965 3866.643555 3952.343750 3866.643555 3669.563965 3459.171875 3072.899658 3110.589355 3126.221191 3093.666504 3013.356934 2931.101074 2875.431396 2422.307617 2306.792236 2188.204590 2115.753906 2118.399902 2189.811768 2292.842285 2249.971191 2229.799072 2220.355225 2234.291992 2267.087646 2303.694580 2335.109375,
 2026.767700 2022.189697 2008.167358 1986.297241 1962.024536 1945.822266 1941.708374 2307.009766 2243.734619 2181.988281 2142.992676 2134.520020 2155.996338 2193.578125 2629.866699 2641.555908 2671.852051 2700.232178 2696.145996 2666.590088 2631.456543 2882.764648 2994.013916 3104.412354 3154.581055 3104.412354 2994.013916 2882.764648 2631.456543 2666.590088 2696.145996 2700.232178 2671.852051 2641.555908 2629.866699 2193.578125 2155.996338 2134.520020 2142.992676 2181.988281 2243.734619 2307.009766 1941.708374 1945.822266 1962.024536 1986.297241 2008.167358 2022.189697 2026.767700,
 804.596497 788.032288 763.762024 740.974121 733.897888 742.651672 755.804749 1653.089600 1637.515015 1615.597046 1594.082886 1580.850952 1579.683472 1584.121094 2352.780029 2382.005859 2402.627930 2399.947021 2366.611328 2323.610352 2292.010498 2624.853516 2689.200928 2755.919922 2786.827393 2755.919922 2689.200928 2624.853516 2292.010498 2323.610352 2366.611328 2399.947021 2402.627930 2382.005859 2352.780029 1584.121094 1579.683472 1580.850952 1594.082886 1615.597046 1637.515015 1653.089600 755.804749 742.651672 733.897888 740.974121 763.762024 788.032288 804.596497,
 -1718.825562 -1753.184082 -1748.523926 -1705.387329 -1648.027588 -1612.724121 -1620.817261 -83.443649 -126.816589 -161.027618 -162.459274 -126.575340 -78.235626 -49.472332 1693.113892 1718.373779 1726.331909 1708.934937 1674.094116 1645.940186 1642.654419 2441.600830 2500.300049 2570.034912 2602.382324 2570.034912 2500.300049 2441.600830 1642.654419 1645.940186 1674.094116 1708.934937 1726.331909 1718.373779 1693.113892 -49.472332 -78.235626 -126.575340 -162.459274 -161.027618 -126.816589 -83.443649 -1620.817261 -1612.724121 -1648.027588 -1705.387329 -1748.523926 -1753.184082 -1718.825562,

Auto-correlations of the modulus of each oriented sub-band
 6.056510 7.216830 8.349347 9.058147 9.106467 8.600296 7.872462 7.040311 8.476373 9.702287 10.300193 10.119327 9.312501 8.211334 8.714108 10.945427 12.780701 13.437738 12.682995 10.986767 9.050488 9.607586 12.425580 15.186615 16.422073 15.186615 12.425580 9.607586 9.050488 10.986767 12.682995 13.437738 12.780701 10.945427 8.714108 8.211334 9.312501 10.119327 10.300193 9.702287 8.476373 7.040311 7.872462 8.600296 9.106467 9.058147 8.349347 7.216830 6.056510,
 92.059189 98.153175 104.675125 109.719772 112.008041 112.016716 110.602585 110.528084 122.674385 135.165771 142.418579 141.582397 135.457535 127.481316 130.398407 149.616745 169.546753 179.245575 172.585205 157.058426 140.822479 142.663895 164.085754 186.381775 197.182495 186.381775 164.085754 142.663895 140.822479 157.058426 172.585205 179.245575 169.546753 149.616745 130.398407 127.481316 135.457535 141.582397 142.418579 135.165771 122.674385 110.528084 110.602585 112.016716 112.008041 109.719772 104.675125 98.153175 92.059189,
 298.828888 309.185303 317.840057 320.235046 313.623871 302.174683 291.605194 371.152283 401.463501 430.357697 441.769165 426.576874 395.961426 366.508484 441.538330 497.499969 553.847412 578.434021 551.328247 494.335541 439.456177 471.492676 539.692383 610.546509 643.756287 610.546509 539.692383 471.492676 439.456177 494.335541 551.328247 578.434021 553.847412 497.499969 441.538330 366.508484 395.961426 426.576874 441.769165 430.357697 401.463501 371.152283 291.605194 302.174683 313.623871 320.235046 317.840057 309.185303 298.828888,
 84.175423 84.629898 84.475372 83.494598 81.416656 78.650650 76.072777 100.150085 103.074112 105.848709 107.274643 104.385269 97.794342 91.457474 112.849380 120.365479 129.639954 135.604248 130.318939 117.716614 106.927094 115.662872 127.150078 141.806488 149.852173 141.806488 127.150078 115.662872 106.927094 117.716614 130.318939 135.604248 129.639954 120.365479 112.849380 91.457474 97.794342 104.385269 107.274643 105.848709 103.074112 100.150085 76.072777 78.650650 81.416656 83.494598 84.475372 84.629898 84.175423,
 4.269762 5.006795 5.720380 6.190951 6.223874 5.841509 5.276935 4.601231 5.374480 6.125309 6.584988 6.600485 6.170445 5.482348 5.549444 6.968955 8.340726 8.884781 8.275987 6.971591 5.645550 6.049840 8.070798 10.253922 11.284308 10.253922 8.070798 6.049840 5.645550 6.971591 8.275987 8.884781 8.340726 6.968955 5.549444 5.482348 6.170445 6.600485 6.584988 6.125309 5.374480 4.601231 5.276935 5.841509 6.223874 6.190951 5.720380 5.006795 4.269762,
 50.331963 56.233883 62.053013 65.730392 66.508545 65.204826 62.436729 59.883343 70.179855 80.940010 86.560120 84.790703 78.894836 71.885468 71.389793 86.812752 104.073647 112.365303 105.761421 92.189293 79.278969 79.436035 96.301422 115.660690 125.546066 115.660690 96.301422 79.436035 79.278969 92.189293 105.761421 112.365303 104.073647 86.812752 71.389793 71.885468 78.894836 84.790703 86.560120 80.940010 70.179855 59.883343 62.436729 65.204826 66.508545 65.730392 62.053013 56.233883 50.331963,
 146.031387 155.195541 161.835007 161.712952 153.551804 142.317825 133.797958 187.312073 210.201859 230.663040 237.010880 223.183884 198.033310 174.778900 225.549973 266.821381 307.354431 324.179565 303.267029 259.987640 218.089218 239.705811 290.393921 342.277893 366.127655 342.277893 290.393921 239.705811 218.089218 259.987640 303.267029 324.179565 307.354431 266.821381 225.549973 174.778900 198.033310 223.183884 237.010880 230.663040 210.201859 187.312073 133.797958 142.317825 153.551804 161.712952 161.835007 155.195541 146.031387,
 45.910980 46.788929 46.759811 45.438896 42.487724 38.542690 35.030579 55.706295 58.481186 60.807423 61.614361 58.286297 51.454559 44.855061 62.520897 68.885246 76.170906 80.757843 76.157127 65.409676 55.821373 62.861656 72.473930 84.124527 90.550522 84.124527 72.473930 62.861656 55.821373 65.409676 76.157127 80.757843 76.170906 68.885246 62.520897 44.855061 51.454559 58.286297 61.614361 60.807423 58.481186 55.706295 35.030579 38.542690 42.487724 45.438896 46.759811 46.788929 45.910980,
 1.899588 2.627395 3.328118 3.732569 3.655326 3.129559 2.416898 2.356087 3.102797 3.806908 4.203226 4.087255 3.501412 2.735756 3.170428 4.304299 5.445807 6.003975 5.596902 4.516611 3.363654 3.745300 5.279875 6.913669 7.683917 6.913669 5.279875 3.745300 3.363654 4.516611 5.596902 6.003975 5.445807 4.304299 3.170428 2.735756 3.501412 4.087255 4.203226 3.806908 3.102797 2.356087 2.416898 3.129559 3.655326 3.732569 3.328118 2.627395 1.899588,
 14.199639 16.435091 18.803478 20.430567 20.535408 19.760683 18.710686 18.961498 23.868839 28.429464 30.429634 29.491945 27.121689 24.390800 23.520859 31.395185 39.954025 42.902473 38.505203 32.149075 27.270580 26.651114 34.190281 44.312820 49.825150 44.312820 34.190281 26.651114 27.270580 32.149075 38.505203 42.902473 39.954025 31.395185 23.520859 24.390800 27.121689 29.491945 30.429634 28.429464 23.868839 18.961498 18.710686 19.760683 20.535408 20.430567 18.803478 16.435091 14.199639,
 15.244965 18.175877 22.721550 27.417255 32.148888 36.390972 38.165020 19.800560 31.828892 48.042168 60.529438 64.625862 61.688976 55.075325 37.112289 59.121140 85.934723 103.013535 100.113495 83.511429 64.884789 57.576317 83.124710 110.870338 124.254593 110.870338 83.124710 57.576317 64.884789 83.511429 100.113495 103.013535 85.934723 59.121140 37.112289 55.075325 61.688976 64.625862 60.529438 48.042168 31.828892 19.800560 38.165020 36.390972 32.148888 27.417255 22.721550 18.175877 15.244965,
 11.508167 11.497396 11.424650 11.573823 12.076780 12.757719 13.414591 15.862056 16.444387 17.504568 19.196121 19.928392 18.931196 17.250629 19.821722 22.234461 26.137703 29.829014 29.003441 24.462286 20.271620 21.464756 25.777172 31.901196 35.471584 31.901196 25.777172 21.464756 20.271620 24.462286 29.003441 29.829014 26.137703 22.234461 19.821722 17.250629 18.931196 19.928392 19.196121 17.504568 16.444387 15.862056 13.414591 12.757719 12.076780 11.573823 11.424650 11.497396 11.508167,
 0.846131 1.625376 2.273905 2.489185 2.102036 1.309065 0.506858 0.859991 1.452182 2.046840 2.357933 2.180881 1.564002 0.794343 0.815667 1.752897 2.862736 3.554260 3.363099 2.391145 1.144147 1.017550 2.478412 4.021023 4.738118 4.021023 2.478412 1.017550 1.144147 2.391145 3.363099 3.554260 2.862736 1.752897 0.815667 0.794343 1.564002 2.180881 2.357933 2.046840 1.452182 0.859991 0.506858 1.309065 2.102036 2.489185 2.273905 1.625376 0.846131,
 -0.190476 -0.250035 0.103481 -0.017524 -0.179895 0.161690 0.091711 2.424997 3.282154 4.202610 3.603815 2.001634 1.167109 0.516708 3.812185 6.113012 9.179206 9.441810 6.134086 3.202515 1.852396 3.302979 5.657156 10.056206 12.855095 10.056206 5.657156 3.302979 1.852396 3.202515 6.134086 9.441810 9.179206 6.113012 3.812185 0.516708 1.167109 2.001634 3.603815 4.202610 3.282154 2.424997 0.091711 0.161690 -0.179895 -0.017524 0.103481 -0.250035 -0.190476,
 9.645663 7.578707 2.749334 -3.277530 -7.958279 -9.196581 -7.108558 19.162483 22.507835 22.316633 17.663404 10.156195 3.272758 -0.431666 25.226685 36.237701 44.486679 45.082390 36.801353 23.816710 12.329025 23.363361 38.578777 53.298313 59.779564 53.298313 38.578777 23.363361 12.329025 23.816710 36.801353 45.082390 44.486679 36.237701 25.226685 -0.431666 3.272758 10.156195 17.663404 22.316633 22.507835 19.162483 -7.108558 -9.196581 -7.958279 -3.277530 2.749334 7.578707 9.645663,
 1.538062 1.844928 2.607532 3.652390 3.823871 3.055682 2.453467 4.173373 6.059492 8.255548 9.576686 8.320207 5.056770 2.365763 6.023595 10.603840 15.940066 18.713673 15.913541 9.450733 3.969912 5.821643 12.296086 20.074802 23.913496 20.074802 12.296086 5.821643 3.969912 9.450733 15.913541 18.713673 15.940066 10.603840 6.023595 2.365763 5.056770 8.320207 9.576686 8.255548 6.059492 4.173373 2.453467 3.055682 3.823871 3.652390 2.607532 1.844928 1.538062,

Pairwise cross-correlations of the modulus of all oriented sub-bands at the same scale (size QxQ)
 16.422077 27.140795 22.677248 14.494165,
 27.140795 197.182526 262.493561 68.701912,
 22.677248 262.493561 643.756409 241.547882,
 14.494165 68.701912 241.547882 149.852203,
 11.284309 16.684647 17.641891 11.359201,
 16.684647 125.546066 158.640045 35.337852,
 17.641891 158.640045 366.127686 132.949677,
 11.359201 35.337852 132.949677 90.550529,
 7.683917 5.347692 4.251916 5.233725,
 5.347692 49.825153 50.590130 4.928875,
 4.251916 50.590130 124.254593 39.228493,
 5.233725 4.928875 39.228493 35.471584,
 4.738118 1.186540 2.430806 4.903264,
 1.186540 12.855097 17.778646 3.562490,
 2.430806 17.778646 59.779564 24.649792,
 4.903264 3.562490 24.649792 23.913496,

Cross-correlations of the modulus of all oriented sub-bands with all oriented sub-bands at the coarser scale (size QxQ)
 9.795943 18.383307 16.693012 10.594290,
 21.612686 75.455177 97.964714 36.443279,
 24.469698 93.727631 214.278564 108.111748,
 12.739428 31.143194 93.854935 65.507523,
 5.980922 6.646909 6.055233 4.391529,
 12.191661 33.918156 35.871967 7.699182,
 18.274940 33.012039 66.165573 35.077755,
 10.135635 3.644426 23.762577 27.285110,
 3.536829 3.909598 6.122962 4.418283,
 4.653655 3.408582 0.927749 -0.662255,
 6.681784 -2.351747 18.382401 15.931359,
 3.206049 0.940332 19.625681 16.507271,

Cross-correlations of the real part of each oriented sub-band with both the real and imaginary part of all phase-doubled oriented sub-bands at the next coarser scale (Q matrices of size 1x2Q, which are computed and stored in a matrix of size Qx2Q)
 -2.089186 -4.054977 -1.303282 -1.048857 -0.008433 -0.320994 -0.301171 -0.185000,
 -4.895647 -19.110914 -13.334848 -5.773054 -0.149034 -6.592555 -7.577533 -0.140270,
 -2.752008 -16.600433 -27.938158 -23.458191 -0.042843 -9.587053 -14.009841 1.489971,
 -0.915636 -3.356555 -11.020443 -14.635428 0.028812 -1.921773 -3.850822 0.561645,
 -0.683081 -1.052853 -0.883571 -1.064479 -0.569918 -0.888291 -0.332494 0.190130,
 -1.162246 -11.095538 -12.776267 -5.269061 -0.511761 -7.417940 4.258934 1.276299,
 -0.782783 -17.658743 -38.724895 -23.690294 -0.381795 -4.437428 24.731003 3.981555,
 -0.465506 -4.624608 -18.350624 -15.374689 -0.562076 1.225674 11.826002 0.959599,
 -0.052001 -0.581647 -0.220062 -0.813384 -1.005453 -0.090771 -0.096478 0.656239,
 -0.505497 4.999818 8.124465 -2.035495 -0.715261 0.691891 -5.503024 -1.187127,
 -0.332536 9.833343 -6.096729 -19.622639 -0.244709 -1.822180 -8.452894 1.008589,
 -0.219556 1.614213 -14.102282 -15.868575 -0.558077 -1.244464 0.182954 4.049865,
